1.700150343571634054e+09
1.700150518321983099e+09
1.700150694726450920e+09
1.700150871900192022e+09
1.700151049890011072e+09
1.700151226875957012e+09
1.700151404086648941e+09
1.700151581755425930e+09
1.700151756916213036e+09
1.700151933775114059e+09
1.700152110555883884e+09
1.700152288081027031e+09
1.700152465490272999e+09
1.700152642378396988e+09
1.700152820133450985e+09
1.700152997190239906e+09
1.700153173588634014e+09
1.700153351168553114e+09
1.700153529238023996e+09
1.700153707102896929e+09
1.700153775524244070e+09
