1.700159881321892023e+09
1.700160058929352045e+09
1.700160236541793108e+09
1.700160414523961067e+09
1.700160592540436029e+09
1.700160770488615036e+09
1.700160948203849077e+09
1.700161126473189116e+09
1.700161304803040028e+09
1.700161482827999115e+09
1.700161660561351061e+09
1.700161837924037933e+09
1.700162014933408976e+09
1.700162192584048986e+09
1.700162370625433922e+09
1.700162547924267054e+09
1.700162725569444895e+09
1.700162902543484926e+09
1.700163080133842945e+09
1.700163258160566092e+09
1.700163326444510937e+09
