1.710271098319994926e+09
1.710271099826965094e+09
1.710271101312530041e+09
1.710271102798293114e+09
1.710271105579700947e+09
1.710271107089771032e+09
1.710271108597719908e+09
1.710271109550502062e+09
1.710271111077354908e+09
1.710271112585079908e+09
1.710271114093734026e+09
1.710271114514664888e+09
1.710271116017961979e+09
1.710271117158489943e+09
1.710271117165162086e+09
1.710271118663860083e+09
1.710271120146948099e+09
1.710271121771276951e+09
1.710271123278533936e+09
1.710271150510792971e+09
1.710271151995424032e+09
1.710271153530749083e+09
1.710271154531366110e+09
