1.710451898801654100e+09
1.710451900309111118e+09
1.710451901816670895e+09
1.710451903324589968e+09
1.710451904855482101e+09
1.710451906340368032e+09
1.710451907849236965e+09
1.710451909355976105e+09
1.710451910841123104e+09
1.710451912349235058e+09
1.710451913880496025e+09
1.710451915411339045e+09
1.710451916919318914e+09
1.710451918450680971e+09
1.710451919935661077e+09
1.710451921420614004e+09
1.710451922928759098e+09
1.710451924459635019e+09
1.710451925944459915e+09
1.710451927429208994e+09
1.710451928937299013e+09
1.710451930421740055e+09
1.710451931929826975e+09
1.710451933414498091e+09
1.710451934899085999e+09
1.710451936412218094e+09
1.710451937938381910e+09
1.710451939446589947e+09
1.710451940954722881e+09
1.710451942462687969e+09
1.710451943971920967e+09
1.710451945502840042e+09
1.710451947015814066e+09
1.710451948496161938e+09
1.710451950004908085e+09
1.710451951488750935e+09
1.710451952973481894e+09
1.710451954482014894e+09
1.710451955989017010e+09
1.710451957473572016e+09
1.710451958958220959e+09
1.710451960465864897e+09
1.710451961950136900e+09
1.710451963457879066e+09
1.710451964943329096e+09
1.710451966472811937e+09
1.710451967980534077e+09
1.710451969465291977e+09
1.710451970972914934e+09
1.710451972480493069e+09
1.710451973964926004e+09
1.710451975450541973e+09
1.710451976933840036e+09
1.710451978441651106e+09
1.710451979926352978e+09
1.710451981411207914e+09
1.710451982895919085e+09
1.710451984380496979e+09
1.710451985888482094e+09
1.710451987396626949e+09
1.710451988881443024e+09
1.710451990389525890e+09
1.710451991897476912e+09
1.710451993405327082e+09
1.710451994936579943e+09
1.710451996444432020e+09
1.710451997929109097e+09
1.710451999413908958e+09
1.710452000898746967e+09
1.710452002406775951e+09
1.710452003938066006e+09
1.710452005422775984e+09
1.710452006909336090e+09
1.710452008392379045e+09
1.710452009877038956e+09
1.710452011363157988e+09
1.710452012892812014e+09
1.710452014377489090e+09
1.710452015861844063e+09
1.710452017369294882e+09
1.710452018853915930e+09
1.710452020338623047e+09
1.710452021846718073e+09
1.710452023331430912e+09
1.710452024817508936e+09
1.710452026300976992e+09
1.710452027785391092e+09
1.710452029270353079e+09
1.710452030778640985e+09
1.710452032286976099e+09
1.710452033792519093e+09
1.710452035280721903e+09
1.710452036765964031e+09
1.710452038274039984e+09
1.710452039782139063e+09
1.710452041266875982e+09
1.710452042751909018e+09
1.710452044236584902e+09
1.710452045744812965e+09
1.710452047275665045e+09
1.710452048760539055e+09
1.710452050245176077e+09
1.710452051729846001e+09
1.710452053214493036e+09
1.710452054698951960e+09
1.710452056183657885e+09
1.710452057691751957e+09
1.710452059176899910e+09
1.710452060661473989e+09
1.710452062146583080e+09
1.710452063631306887e+09
1.710452065116185904e+09
1.710452066601151943e+09
1.710452068109184027e+09
1.710452069617345095e+09
1.710452071102133989e+09
1.710452072586713076e+09
1.710452074071444988e+09
1.710452075579462051e+09
1.710452077064368010e+09
1.710452078572470903e+09
1.710452080081851006e+09
1.710452081588679075e+09
1.710452083096832991e+09
1.710452084581744909e+09
1.710452086113034010e+09
1.710452087597863913e+09
1.710452089129228115e+09
1.710452090637258053e+09
1.710452092122152090e+09
1.710452093630124092e+09
1.710452095138859987e+09
1.710452096646739006e+09
1.710452098131630898e+09
1.710452099646322966e+09
1.710452101241297007e+09
1.710452102749831915e+09
1.710452104258651018e+09
1.710452105743906021e+09
1.710452107229509115e+09
1.710452108714931965e+09
1.710452110202586889e+09
1.710452111684317112e+09
1.710452113168699026e+09
1.710452114653394938e+09
1.710452116138158083e+09
1.710452117645915985e+09
1.710452119130790949e+09
1.710452120615729094e+09
1.710452122123579979e+09
1.710452123608400106e+09
1.710452125092952967e+09
1.710452126577794075e+09
1.710452128085493088e+09
1.710452129593395948e+09
1.710452131101470947e+09
1.710452132586338997e+09
1.710452134094319105e+09
1.710452135578818083e+09
1.710452137086658955e+09
1.710452138594734907e+09
1.710452140102756977e+09
1.710452141610806942e+09
1.710452143095709085e+09
1.710452144580729008e+09
1.710452146065644026e+09
1.710452147573714972e+09
1.710452149058234930e+09
1.710452150566148996e+09
1.710452152050570965e+09
1.710452153535442114e+09
1.710452155066569090e+09
1.710452156574562073e+09
1.710452158059303999e+09
1.710452159544622898e+09
1.710452161053086042e+09
1.710452162561525106e+09
1.710452164070158958e+09
1.710452165555668116e+09
1.710452167064224958e+09
1.710452168572731018e+09
1.710452170057651043e+09
1.710452171542517900e+09
1.710452173050317049e+09
1.710452174581588984e+09
1.710452176089481115e+09
1.710452177597304106e+09
1.710452179105077028e+09
1.710452180589597940e+09
1.710452182074043036e+09
1.710452183581775904e+09
1.710452185066464901e+09
1.710452186551166058e+09
1.710452188059257030e+09
1.710452189543956995e+09
1.710452191051944017e+09
1.710452192559740067e+09
1.710452194067439079e+09
1.710452195621542931e+09
1.710452197106398106e+09
1.710452198590806961e+09
1.710452200075429916e+09
1.710452201606642008e+09
1.710452203092145920e+09
1.710452204576486111e+09
1.710452206061111927e+09
1.710452207545844078e+09
1.710452209030611038e+09
1.710452210515300035e+09
1.710452212000206947e+09
1.710452213508184910e+09
1.710452214992738008e+09
1.710452216477416992e+09
1.710452217963037014e+09
1.710452219447072983e+09
1.710452220931869030e+09
1.710452222440150023e+09
1.710452223924951077e+09
1.710452225432868004e+09
1.710452226963948965e+09
1.710452228448555946e+09
1.710452229933028936e+09
1.710452231440853119e+09
1.710452232925436020e+09
1.710452234410060883e+09
1.710452235918272972e+09
1.710452237426053047e+09
1.710452238933994055e+09
1.710452240441550016e+09
1.710452241949421883e+09
1.710452243480478048e+09
1.710452244965271950e+09
1.710452246449790001e+09
1.710452247935625076e+09
1.710452249419815063e+09
1.710452250903820992e+09
1.710452252388500929e+09
1.710452253942394972e+09
1.710452255426975965e+09
1.710452256934793949e+09
1.710452258442672968e+09
1.710452259950381994e+09
1.710452261435013056e+09
1.710452262920454979e+09
1.710452264427396059e+09
1.710452265934926987e+09
1.710452267419888020e+09
1.710452268927726030e+09
1.710452270435830116e+09
1.710452271920727968e+09
1.710452273407598972e+09
1.710452274913424969e+09
1.710452276421242952e+09
1.710452277905977011e+09
1.710452279437186956e+09
1.710452280945118904e+09
1.710452282452856064e+09
1.710452283985234022e+09
1.710452285515254974e+09
1.710452286999695063e+09
1.710452288484584093e+09
1.710452289969427109e+09
1.710452291477217913e+09
1.710452292961673975e+09
1.710452294446928978e+09
1.710452295953820944e+09
1.710452297438252926e+09
1.710452298922966957e+09
1.710452300407342911e+09
1.710452301914963961e+09
1.710452303399446011e+09
1.710452304884912014e+09
1.710452306391541004e+09
1.710452307875638962e+09
1.710452309360609055e+09
1.710452310890759945e+09
1.710452312375222921e+09
1.710452313860429049e+09
1.710452315367676973e+09
1.710452316944669008e+09
1.710452318452562094e+09
1.710452319937252045e+09
1.710452321468504906e+09
1.710452322952946901e+09
1.710452324437438965e+09
1.710452325922630072e+09
1.710452327430816889e+09
1.710452328914071083e+09
1.710452330422142029e+09
1.710452331975532055e+09
1.710452333459830046e+09
1.710452334967289925e+09
1.710452336452496052e+09
1.710452337960956097e+09
1.710452339513758898e+09
1.710452340998203039e+09
1.710452342505800962e+09
1.710452343990464926e+09
1.710452345474920988e+09
1.710452346959501028e+09
1.710452348443886995e+09
1.710452349928924084e+09
1.710452351412697077e+09
1.710452352920548916e+09
1.710452354451452017e+09
1.710452355935971975e+09
1.710452357466903925e+09
1.710452358974703074e+09
1.710452360482481003e+09
1.710452361967171907e+09
1.710452363475090981e+09
1.710452364960464954e+09
1.710452366446204901e+09
1.710452367928997040e+09
1.710452369436862946e+09
1.710452370944713116e+09
1.710452372429493904e+09
1.710452373914423943e+09
1.710452375422750950e+09
1.710452376931205988e+09
1.710452378416837931e+09
1.710452379903719902e+09
1.710452381386930943e+09
1.710452382894630909e+09
1.710452384380373955e+09
1.710452385887264013e+09
1.710452387372203112e+09
1.710452388856483936e+09
1.710452390340771914e+09
1.710452391848555088e+09
1.710452393356034994e+09
1.710452394840749979e+09
1.710452396349829912e+09
1.710452397856223106e+09
1.710452399387404919e+09
1.710452400895376921e+09
1.710452402407208920e+09
1.710452403911087990e+09
1.710452405395476103e+09
1.710452406879673958e+09
1.710452408364464045e+09
1.710452409848942995e+09
1.710452411356800079e+09
1.710452412841608047e+09
1.710452414328495979e+09
1.710452415857652903e+09
1.710452417342655897e+09
1.710452418827347040e+09
1.710452420312536001e+09
1.710452421843566895e+09
1.710452423328372002e+09
1.710452424813713074e+09
1.710452426322815895e+09
1.710452427805680037e+09
1.710452429291410923e+09
1.710452430821721077e+09
1.710452432329679012e+09
1.710452433815103054e+09
1.710452435323276997e+09
1.710452436899828911e+09
1.710452438409127951e+09
1.710452439892841101e+09
1.710452441400918961e+09
1.710452442885648966e+09
1.710452444416910887e+09
1.710452445925566912e+09
1.710452447432802916e+09
1.710452448917584896e+09
1.710452450425812960e+09
1.710452451933995008e+09
1.710452453418816090e+09
1.710452454903666973e+09
1.710452456412322044e+09
1.710452457919296026e+09
1.710452459427372932e+09
1.710452460912751913e+09
1.710452462443300962e+09
1.710452463928209066e+09
1.710452465436203957e+09
1.710452466921303034e+09
1.710452468428709984e+09
1.710452469913475037e+09
1.710452471398127079e+09
1.710452472929241896e+09
1.710452474460402012e+09
1.710452475945025921e+09
1.710452477430556059e+09
1.710452478937699080e+09
1.710452480422609091e+09
1.710452481953726053e+09
1.710452483438057899e+09
1.710452484922915936e+09
1.710452486431066990e+09
1.710452487916614056e+09
1.710452489447310925e+09
1.710452490932336092e+09
1.710452492416970968e+09
1.710452493901614904e+09
1.710452495409713030e+09
1.710452496964144945e+09
1.710452498269889116e+09
