1.710436030981503010e+09
1.710436043623879910e+09
1.710436055963875055e+09
1.710436068604166985e+09
1.710436081246002913e+09
1.710436093585627079e+09
1.710436106228236914e+09
1.710436118894778013e+09
1.710436131236284971e+09
1.710436143880958080e+09
1.710436156554050922e+09
1.710436169225672960e+09
1.710436181872919083e+09
1.710436194569655895e+09
1.710436207218065023e+09
1.710436219890309095e+09
1.710436232564697981e+09
1.710436245214096069e+09
1.710436257861368895e+09
1.710436270429900885e+09
1.710436282819797039e+09
1.710436295463843107e+09
1.710436308129898071e+09
1.710436320852817059e+09
1.710436333209302902e+09
1.710436345855868101e+09
1.710436358497205019e+09
1.710436371164470911e+09
1.710436383831301928e+09
1.710436396475326061e+09
1.710436409145489931e+09
1.710436421786559105e+09
1.710436434452469110e+09
1.710436447096489906e+09
1.710436459739320040e+09
1.710436472407536983e+09
1.710436485050117016e+09
1.710436497695070982e+09
1.710436510387828112e+09
1.710436523026639938e+09
1.710436535693770885e+09
1.710436548337529898e+09
1.710436560907772064e+09
1.710436572993861914e+09
1.710436585616969109e+09
1.710436598258567095e+09
1.710436610926501036e+09
1.710436619812169075e+09
