1.710180027898606062e+09
1.710180040120790958e+09
1.710180052624733925e+09
1.710180065173254013e+09
1.710180077231906891e+09
1.710180089734038115e+09
1.710180102162311077e+09
1.710180114569220066e+09
1.710180126976851940e+09
1.710180139384486914e+09
1.710180151768162012e+09
1.710180164173712969e+09
1.710180176555963039e+09
1.710180188921786070e+09
1.710180201372271061e+09
1.710180213774658918e+09
1.710180226113264084e+09
1.710180238493280888e+09
1.710180250923109055e+09
1.710180263418961048e+09
1.710180275823776007e+09
1.710180288279131889e+09
1.710180300708275080e+09
1.710180313092153072e+09
1.710180325527089119e+09
1.710180337978076935e+09
1.710180350410442114e+09
1.710180362816922903e+09
1.710180375181440115e+09
1.710180387563471079e+09
1.710180399989195108e+09
1.710180412510121107e+09
1.710180424873163939e+09
1.710180436950323105e+09
1.710180449731326103e+09
1.710180462161753893e+09
1.710180474500768900e+09
1.710180486933296919e+09
1.710180499292488098e+09
1.710180511813077927e+09
1.710180524198223114e+09
1.710180536674186945e+09
1.710180549082369089e+09
1.710180561513031006e+09
1.710180573896301985e+09
1.710180586118904114e+09
1.710180598663208008e+09
1.710180611070595980e+09
1.710180617000075102e+09
