1.704744861277920961e+09
1.704744918427011013e+09
1.704744975522794008e+09
1.704745032637059927e+09
1.704745089415162086e+09
1.704745146487679958e+09
1.704745203566113949e+09
1.704745260987243891e+09
1.704745318381237030e+09
1.704745375802879095e+09
1.704745433172815084e+09
1.704745490314183950e+09
1.704745547737247944e+09
1.704745605132904053e+09
1.704745662267617941e+09
1.704745719696405888e+09
1.704745777104244947e+09
1.704745834528760910e+09
1.704745891953655958e+09
1.704745949362016916e+09
1.704746006756174088e+09
1.704746064189774036e+09
1.704746121555948973e+09
1.704746179003994942e+09
1.704746236463315010e+09
1.704746293876456976e+09
1.704746351017776966e+09
1.704746408456285000e+09
1.704746465883292913e+09
1.704746522974416971e+09
1.704746580388148069e+09
1.704746637832277060e+09
1.704746695283962965e+09
1.704746752688585997e+09
1.704746810115576029e+09
1.704746867574137926e+09
1.704746924675112009e+09
1.704746982029174089e+09
1.704747039189400911e+09
1.704747096299900055e+09
1.704747153738468885e+09
1.704747210831351995e+09
1.704747268078387022e+09
1.704747325373375893e+09
1.704747382498630047e+09
1.704747439934653997e+09
1.704747497349833012e+09
1.704747554783317089e+09
1.704747612215261936e+09
1.704747669628704071e+09
1.704747727044277906e+09
1.704747784154170036e+09
1.704747841348423958e+09
1.704747898823498964e+09
1.704747956302767992e+09
1.704748013752351999e+09
1.704748070927412987e+09
1.704748128337729931e+09
1.704748185786395073e+09
1.704748243255536079e+09
1.704748300559906006e+09
1.704748357834983110e+09
1.704748407532458067e+09
1.704748408602212906e+09
