1.709672741600770950e+09
1.709672753657663107e+09
1.709672765597755909e+09
1.709672777541687965e+09
1.709672789484386921e+09
1.709672801473170042e+09
1.709672813392625093e+09
1.709672825333403111e+09
1.709672837296930075e+09
1.709672849261574030e+09
1.709672861203547955e+09
1.709672873167263031e+09
1.709672885136802912e+09
1.709672897082426071e+09
1.709672909053664923e+09
1.709672921001192093e+09
1.709672932925568104e+09
1.709672944898502111e+09
1.709672956890475988e+09
1.709672968908504963e+09
1.709672980928456068e+09
1.709672992920754910e+09
1.709673004870168924e+09
1.709673016819375038e+09
1.709673028766318083e+09
1.709673040715667963e+09
1.709673052690006018e+09
1.709673064727330923e+09
1.709673076771265984e+09
1.709673088712536097e+09
1.709673100678312063e+09
1.709673112596954107e+09
1.709673124607105970e+09
1.709673136548182964e+09
1.709673148491168976e+09
1.709673160505856991e+09
1.709673172496656895e+09
1.709673184419928074e+09
1.709673196481690884e+09
1.709673208446274996e+09
1.709673220504043102e+09
1.709673232630106926e+09
1.709673244578324080e+09
1.709673256614161015e+09
1.709673268608968973e+09
1.709673280625612020e+09
1.709673292666214943e+09
1.709673304663918972e+09
1.709673316705734015e+09
1.709673328697038889e+09
1.709673340714929104e+09
1.709673352708765030e+09
1.709673364703741074e+09
1.709673376646262884e+09
1.709673388637012005e+09
1.709673400625493050e+09
1.709673412590785027e+09
1.709673424535826921e+09
1.709673436567725897e+09
1.709673448538268089e+09
1.709673460544876099e+09
1.709673472510416985e+09
1.709673484430485010e+09
1.709673496349036932e+09
1.709673508270041943e+09
1.709673520327750921e+09
1.709673532293667078e+09
1.709673544237150908e+09
1.709673556229979992e+09
1.709673568169605017e+09
1.709673580113662004e+09
1.709673592055320024e+09
1.709673603974843025e+09
1.709673616034490108e+09
1.709673628000866890e+09
1.709673639946192026e+09
1.709673652004158974e+09
1.709673663972841978e+09
1.709673675984811068e+09
1.709673687997903109e+09
1.709673699986562967e+09
1.709673711975080967e+09
1.709673723918693066e+09
1.709673735861377001e+09
1.709673747804586887e+09
1.709673759748533010e+09
1.709673771719172955e+09
1.709673783734220028e+09
1.709673795676533937e+09
1.709673807621041059e+09
1.709673819562113047e+09
1.709673831506869078e+09
1.709673843567373991e+09
1.709673855534096956e+09
1.709673867500782013e+09
1.709673879468651056e+09
1.709673891435967922e+09
1.709673903404654980e+09
1.709673915325180054e+09
1.709673927293891907e+09
1.709673939214282036e+09
1.709673951204448938e+09
1.709673963261198044e+09
1.709673975279670000e+09
1.709673987261184931e+09
1.709673999179095984e+09
1.709674011118350029e+09
1.709674023083362103e+09
1.709674035047255993e+09
1.709674046964274883e+09
1.709674058905908108e+09
1.709674070845410109e+09
1.709674082810977936e+09
1.709674094800430059e+09
1.709674106720751047e+09
1.709674118666707039e+09
1.709674130631691933e+09
1.709674142617733002e+09
1.709674154605932951e+09
1.709674166665338039e+09
1.709674178624785900e+09
1.709674190611993074e+09
1.709674202550663948e+09
1.709674214490442991e+09
1.709674226430706024e+09
1.709674238464046955e+09
1.709674250405713081e+09
1.709674262485565901e+09
1.709674274474400997e+09
1.709674286533950090e+09
1.709674298522432089e+09
1.709674310443176985e+09
1.709674322410053968e+09
1.709674334331119061e+09
1.709674346367558002e+09
1.709674358355568886e+09
1.709674370320661068e+09
1.709674382241594076e+09
1.709674394184242964e+09
1.709674406172401905e+09
1.709674418113615990e+09
1.709674430032937050e+09
1.709674442000644922e+09
1.709674453990591049e+09
1.709674465913064003e+09
1.709674478016360044e+09
1.709674489986489058e+09
1.709674501949784040e+09
1.709674513939660072e+09
1.709674525885812044e+09
1.709674537809039116e+09
1.709674549824059963e+09
1.709674561861665964e+09
1.709674573805109978e+09
1.709674585723478079e+09
1.709674597647856951e+09
1.709674609733089924e+09
1.709674621744889975e+09
1.709674633754652977e+09
1.709674645770114899e+09
1.709674657760253906e+09
1.709674669726300955e+09
1.709674681669640064e+09
1.709674693707766056e+09
1.709674705633498907e+09
1.709674717594855070e+09
1.709674729514889956e+09
1.709674741437154055e+09
1.709674753405705929e+09
1.709674765372766018e+09
1.709674777386970997e+09
1.709674789328274012e+09
1.709674801295460939e+09
1.709674813261753082e+09
1.709674825207799911e+09
1.709674837201591015e+09
1.709674849289803982e+09
1.709674861287935972e+09
1.709674873262926102e+09
1.709674885224011898e+09
1.709674897166558027e+09
1.709674909087398052e+09
1.709674921029642105e+09
1.709674933018774986e+09
1.709674945055536985e+09
1.709674957043396950e+09
1.709674969033103943e+09
1.709674980954296112e+09
1.709674992944777966e+09
1.709675005071589947e+09
1.709675017013264894e+09
1.709675028959290028e+09
1.709675040926141977e+09
1.709675052862823963e+09
1.709675064783334970e+09
1.709675076750541925e+09
1.709675088717292070e+09
1.709675100756915092e+09
1.709675112744613886e+09
1.709675124689878941e+09
1.709675136636346102e+09
1.709675148626092911e+09
1.709675160617038965e+09
1.709675172586922884e+09
1.709675184578862906e+09
1.709675196596426964e+09
1.709675208606086969e+09
1.709675220617145061e+09
1.709675232585273027e+09
1.709675244527648926e+09
1.709675256491959095e+09
1.709675268439763069e+09
1.709675280376935959e+09
1.709675292321404934e+09
1.709675304284399033e+09
1.709675316318176985e+09
1.709675328283229113e+09
1.709675340271990061e+09
1.709675352190054893e+09
1.709675364132581949e+09
1.709675376026031971e+09
1.709675387944545031e+09
1.709675399862108946e+09
1.709675411805815935e+09
1.709675423768249035e+09
1.709675435709747076e+09
1.709675447674087048e+09
1.709675459640420914e+09
1.709675471583254099e+09
1.709675483594881058e+09
1.709675495512954950e+09
1.709675507501880884e+09
1.709675519452145100e+09
1.709675531515187979e+09
1.709675543511140108e+09
1.709675555531327009e+09
1.709675567474963903e+09
1.709675579420561075e+09
1.709675591362664938e+09
1.709675603284643888e+09
1.709675615253546000e+09
1.709675627199126005e+09
1.709675639122045994e+09
1.709675651093421936e+09
1.709675663039189100e+09
1.709675674986435890e+09
1.709675686954274893e+09
1.709675698945482016e+09
1.709675710916068077e+09
1.709675723029105902e+09
1.709675734995563030e+09
1.709675746965611935e+09
1.709675758956379890e+09
1.709675770948961020e+09
1.709675782917397976e+09
1.709675794838150978e+09
1.709675806805310965e+09
1.709675818818474054e+09
1.709675830740082026e+09
1.709675842663362980e+09
1.709675854633837938e+09
1.709675866741847038e+09
1.709675878755501032e+09
1.709675890775108099e+09
1.709675902792810917e+09
1.709675914742695093e+09
1.709675926694370985e+09
1.709675938709820032e+09
1.709675950723781109e+09
1.709675962696811914e+09
1.709675974668653011e+09
1.709675986641171932e+09
1.709675998637619019e+09
1.709676010608877897e+09
1.709676022583837032e+09
1.709676034626504898e+09
1.709676046661391973e+09
1.709676058630510092e+09
1.709676070573941946e+09
1.709676082543963909e+09
1.709676094532198906e+09
1.709676106546016932e+09
1.709676118532896042e+09
1.709676130500586033e+09
1.709676142441553116e+09
1.709676154411746025e+09
1.709676166402293921e+09
1.709676178468381882e+09
1.709676190437207937e+09
1.709676202407128096e+09
1.709676214354058981e+09
1.709676226369875908e+09
1.709676238341788054e+09
1.709676250288178921e+09
1.709676262277570009e+09
1.709676274220635891e+09
1.709676286210702896e+09
1.709676298128820896e+09
1.709676310140471935e+09
1.709676322061506987e+09
1.709676332079961061e+09
