1.701380496306057930e+09
1.701380497719660044e+09
1.701380499185206890e+09
1.701380500646720886e+09
1.701380502109824896e+09
1.701380503581444025e+09
1.701380505023536921e+09
1.701380506504472017e+09
1.701380507927248955e+09
1.701380509268218994e+09
1.701380510605139017e+09
1.701380511947696924e+09
1.701380513397758961e+09
1.701380514852840900e+09
1.701380516301202059e+09
1.701380517750021935e+09
1.701380519207632065e+09
1.701380520658476114e+09
1.701380522107548952e+09
1.701380523558986902e+09
1.701380525003902912e+09
1.701380526456576109e+09
1.701380527914652109e+09
1.701380529376079082e+09
1.701380530838171959e+09
1.701380532294826031e+09
1.701380533745901108e+09
1.701380535225460052e+09
1.701380536677968979e+09
1.701380538131242037e+09
1.701380539586445093e+09
1.701380541042721033e+09
1.701380542488890886e+09
1.701380543939810991e+09
1.701380545384280920e+09
1.701380546841875076e+09
1.701380548307153940e+09
1.701380549764514923e+09
1.701380551210964918e+09
1.701380552664850950e+09
1.701380554121819973e+09
1.701380555564636946e+09
1.701380557017796993e+09
1.701380558480427980e+09
1.701380559929431915e+09
1.701380561384205103e+09
1.701380562834465981e+09
1.701380564281270981e+09
1.701380565744504929e+09
1.701380567195256948e+09
1.701380568651777029e+09
1.701380570109798908e+09
1.701380571562180042e+09
1.701380573009054899e+09
1.701380574467335939e+09
1.701380575918190002e+09
1.701380577381546974e+09
1.701380578826307058e+09
1.701380580277683020e+09
1.701380581739636898e+09
1.701380583188668013e+09
1.701380584634102106e+09
1.701380586080894947e+09
1.701380587537725925e+09
1.701380588986947060e+09
1.701380590443717003e+09
1.701380591901824951e+09
1.701380593354610920e+09
1.701380594811753988e+09
1.701380596274055958e+09
1.701380597729522943e+09
1.701380599192693949e+09
1.701380600638205051e+09
1.701380602087318897e+09
1.701380603545222998e+09
1.701380604998030901e+09
1.701380606451406002e+09
1.701380607912303925e+09
1.701380609373032093e+09
1.701380610832434893e+09
1.701380612288853884e+09
1.701380613743901968e+09
1.701380615204500914e+09
1.701380616658507109e+09
1.701380618113029003e+09
1.701380619578531027e+09
1.701380621029342890e+09
1.701380622488732100e+09
1.701380623936588049e+09
1.701380625384155989e+09
1.701380626829967022e+09
1.701380628286545992e+09
1.701380629748122931e+09
1.701380631202790022e+09
1.701380632655606031e+09
1.701380634104913950e+09
1.701380635561160088e+09
1.701380637020759106e+09
1.701380638461736917e+09
1.701380639927860975e+09
1.701380641374949932e+09
1.701380642821993113e+09
1.701380644275453091e+09
1.701380645741003990e+09
1.701380647197385073e+09
1.701380648659044027e+09
1.701380650120193005e+09
1.701380651581140995e+09
1.701380653023714066e+09
1.701380654487943888e+09
1.701380655944104910e+09
1.701380657400053024e+09
1.701380658857767105e+09
1.701380660303875923e+09
1.701380661762357950e+09
1.701380663215289116e+09
1.701380664661190987e+09
1.701380666114080906e+09
1.701380667560398102e+09
1.701380669007738113e+09
1.701380670454569101e+09
1.701380671916014910e+09
1.701380673365644932e+09
1.701380674832735062e+09
1.701380676298136950e+09
1.701380677749624014e+09
1.701380679206280947e+09
1.701380680652086973e+09
1.701380682117810011e+09
1.701380683568240881e+09
1.701380685021169901e+09
1.701380686471117973e+09
1.701380687921221972e+09
1.701380689374634981e+09
1.701380690832062006e+09
1.701380692282250881e+09
1.701380693747725010e+09
1.701380695212408066e+09
1.701380696672116041e+09
1.701380698122531891e+09
1.701380699569113016e+09
1.701380701026793957e+09
1.701380702484441996e+09
1.701380703945609093e+09
1.701380705413667917e+09
1.701380706866583109e+09
1.701380708328027010e+09
1.701380709785165071e+09
1.701380711235729933e+09
1.701380712681130886e+09
1.701380714136260986e+09
1.701380715590131998e+09
1.701380717038779974e+09
1.701380718489134073e+09
1.701380719947129965e+09
1.701380721404258013e+09
1.701380722872428894e+09
1.701380724338413954e+09
1.701380725800384045e+09
1.701380727260828018e+09
1.701380728716918945e+09
1.701380730166959047e+09
1.701380731624749899e+09
1.701380733079550028e+09
1.701380734535767078e+09
1.701380735987696886e+09
1.701380737443630934e+09
1.701380738891869068e+09
1.701380740342257977e+09
1.701380741794276953e+09
1.701380743265018940e+09
1.701380744728267908e+09
1.701380746199546099e+09
1.701380747679137945e+09
1.701380749123533964e+09
1.701380750577064037e+09
1.701380752022599936e+09
1.701380753479476929e+09
1.701380754935034037e+09
1.701380756397411108e+09
1.701380757869246960e+09
1.701380759325515032e+09
1.701380760779112101e+09
1.701380762228384018e+09
1.701380763673424959e+09
1.701380765120395899e+09
1.701380766573492050e+09
1.701380768030272007e+09
1.701380769487829924e+09
1.701380770942239046e+09
1.701380772405275106e+09
1.701380773858588934e+09
1.701380775307512045e+09
1.701380776761313915e+09
1.701380778214463949e+09
1.701380779671833992e+09
1.701380781132241011e+09
1.701380782592264891e+09
1.701380784043211937e+09
1.701380785499387026e+09
1.701380786956219912e+09
1.701380788412254095e+09
1.701380789868658066e+09
1.701380791317928076e+09
1.701380792767138004e+09
1.701380794224067926e+09
1.701380795677203894e+09
1.701380797132819891e+09
1.701380798583287001e+09
1.701380800041646957e+09
1.701380801499811888e+09
1.701380802955889940e+09
1.701380804410387039e+09
1.701380805877715111e+09
1.701380807342617989e+09
1.701380808796328068e+09
1.701380810252794027e+09
1.701380811715982914e+09
1.701380813178071022e+09
1.701380814632122040e+09
1.701380816085607052e+09
1.701380817522458076e+09
1.701380818972489119e+09
1.701380820420845032e+09
1.701380821884736061e+09
1.701380823334686995e+09
1.701380824778234005e+09
1.701380826231235981e+09
1.701380827699444056e+09
1.701380829155200005e+09
1.701380830597268105e+09
1.701380832052818060e+09
1.701380833499609947e+09
1.701380834956384897e+09
1.701380836413786888e+09
1.701380837871700048e+09
1.701380839335875988e+09
1.701380840785286903e+09
1.701380842241473913e+09
1.701380843703881025e+09
1.701380845157604933e+09
1.701380846611005068e+09
1.701380848058598042e+09
1.701380849511441946e+09
1.701380850972450018e+09
1.701380852419946909e+09
1.701380853881334066e+09
1.701380855339462996e+09
1.701380856784972906e+09
1.701380858248574972e+09
1.701380859697346926e+09
1.701380861152627945e+09
1.701380862599879026e+09
1.701380864051932096e+09
1.701380865497265100e+09
1.701380866948791981e+09
1.701380868408926010e+09
1.701380869864363909e+09
1.701380871319957018e+09
1.701380872786263943e+09
1.701380874238631010e+09
1.701380875704231024e+09
1.701380877165612936e+09
1.701380878629120111e+09
1.701380880085788965e+09
1.701380881551367044e+09
1.701380883001030922e+09
1.701380884457410097e+09
1.701380885905879974e+09
1.701380887358573914e+09
1.701380888816343069e+09
1.701380890278234005e+09
1.701380891746133089e+09
1.701380893202805996e+09
1.701380894667470932e+09
1.701380896130235910e+09
1.701380897589509010e+09
1.701380899047555923e+09
1.701380900506339073e+09
1.701380901975749969e+09
1.701380903422626019e+09
1.701380904880161047e+09
1.701380906337135077e+09
1.701380907795824051e+09
1.701380909249007940e+09
1.701380910700546026e+09
1.701380912152875900e+09
1.701380913615056992e+09
1.701380915073362112e+09
1.701380916525382042e+09
1.701380917987195015e+09
1.701380919443671942e+09
1.701380920904642105e+09
1.701380922352806091e+09
1.701380923809937954e+09
1.701380925272509098e+09
1.701380926722706079e+09
1.701380928185038090e+09
1.701380929634066105e+09
1.701380931092550039e+09
1.701380932546710014e+09
1.701380934008512020e+09
1.701380935463253021e+09
1.701380936913536072e+09
1.701380938367763042e+09
1.701380939828902960e+09
1.701380941289041996e+09
1.701380942746555090e+09
1.701380944220549107e+09
1.701380945678500891e+09
1.701380947137531996e+09
1.701380948588135958e+09
1.701380950050512075e+09
1.701380951503931999e+09
1.701380952964498043e+09
1.701380954411773920e+09
1.701380955867475986e+09
1.701380957328785896e+09
1.701380958778686047e+09
1.701380960241885900e+09
1.701380961691222906e+09
1.701380963146034002e+09
1.701380964598504066e+09
1.701380966058777094e+09
1.701380967512130022e+09
1.701380968965177059e+09
1.701380970416328907e+09
1.701380971864032984e+09
1.701380973313139915e+09
1.701380974766901016e+09
1.701380976220566988e+09
1.701380977682786942e+09
1.701380979142262936e+09
1.701380980598118067e+09
1.701380982052488089e+09
1.701380983513921022e+09
1.701380984967617989e+09
1.701380986425329924e+09
1.701380987787396908e+09
1.701380989124684095e+09
1.701380990459203959e+09
1.701380991800815105e+09
1.701380993259974957e+09
1.701380994737823963e+09
1.701380996196747065e+09
1.701380997657857895e+09
1.701380999116643906e+09
1.701381000570625067e+09
1.701381002020535946e+09
1.701381003496570110e+09
1.701381004957690001e+09
1.701381006417164087e+09
1.701381007865994930e+09
1.701381009319442034e+09
1.701381010774312973e+09
1.701381012226989031e+09
1.701381013681365967e+09
1.701381015147146940e+09
1.701381016606797934e+09
1.701381018069392920e+09
1.701381019528322935e+09
1.701381020991019964e+09
1.701381022454013109e+09
1.701381023916944981e+09
1.701381025372953892e+09
1.701381026832624912e+09
1.701381028294945002e+09
1.701381029753140926e+09
1.701381031213496923e+09
1.701381032671128988e+09
1.701381034121591091e+09
1.701381035584150076e+09
1.701381037029510975e+09
1.701381038487060070e+09
1.701381039937886000e+09
1.701381041392426968e+09
1.701381042839185953e+09
1.701381044298746109e+09
1.701381045758686066e+09
1.701381047216958046e+09
1.701381048669739962e+09
1.701381050125127077e+09
1.701381051585832119e+09
1.701381053036400080e+09
1.701381054501302004e+09
1.701381055964288950e+09
1.701381057422183990e+09
1.701381058878236055e+09
1.701381060336982965e+09
1.701381061796689034e+09
1.701381063265588999e+09
1.701381064729944944e+09
1.701381066178405046e+09
1.701381067647727013e+09
1.701381069093964100e+09
1.701381070546363115e+09
1.701381071991502047e+09
1.701381073442461014e+09
1.701381074900516987e+09
1.701381076354114056e+09
1.701381077810390949e+09
1.701381079262583017e+09
1.701381080722162962e+09
1.701381082175481081e+09
1.701381083657845974e+09
1.701381085127646923e+09
1.701381086605230093e+09
1.701381088068526030e+09
1.701381089537094116e+09
1.701381091003616095e+09
1.701381092460886955e+09
1.701381093933948994e+09
1.701381095413880110e+09
1.701381095604819059e+09
