1.709746499545212030e+09
1.709746511915102005e+09
1.709746524564208031e+09
1.709746536933105946e+09
1.709746549580986977e+09
1.709746562221560001e+09
1.709746574861887932e+09
1.709746587529196978e+09
1.709746600193183899e+09
1.709746612834144115e+09
1.709746625478451967e+09
1.709746638143106937e+09
1.709746650713105917e+09
1.709746663122975111e+09
1.709746675785841942e+09
1.709746688427750111e+09
1.709746701066539049e+09
1.709746713706598997e+09
1.709746726372131109e+09
1.709746739033968925e+09
1.709746751674628973e+09
1.709746764314594984e+09
1.709746776977293968e+09
1.709746789616604090e+09
1.709746802303633928e+09
1.709746814946552992e+09
1.709746827613038063e+09
1.709746840275722027e+09
1.709746852916429043e+09
1.709746865581682920e+09
1.709746878240906000e+09
1.709746890882345915e+09
1.709746903544409990e+09
1.709746916185929060e+09
1.709746928828656912e+09
1.709746941494036913e+09
1.709746954110446930e+09
1.709746966753546000e+09
1.709746979089629889e+09
1.709746991755652905e+09
1.709747004115809917e+09
1.709747016453984022e+09
1.709747029120235920e+09
1.709747041783029079e+09
1.709747054421139956e+09
1.709747067061558008e+09
1.709747079401192904e+09
1.709747088100897074e+09
