1.700155481901245117e+09
1.700155659349639893e+09
1.700155836610631943e+09
1.700156014450551987e+09
1.700156192339493036e+09
1.700156370173063993e+09
1.700156547938282967e+09
1.700156724664064884e+09
1.700156902839152098e+09
1.700157080596869946e+09
1.700157258770764112e+09
1.700157436498142958e+09
1.700157614497900963e+09
1.700157792260591984e+09
1.700157969751384974e+09
1.700158147245764017e+09
1.700158324308365107e+09
1.700158502097289085e+09
1.700158680200181961e+09
1.700158857671705961e+09
1.700158915522922993e+09
