1.705591838142975092e+09
1.705591839550863028e+09
1.705591840909730911e+09
1.705591842250205994e+09
1.705591843585664988e+09
1.705591844942990065e+09
1.705591846292907953e+09
1.705591847627199888e+09
1.705591849007066011e+09
1.705591850452301025e+09
1.705591851841290951e+09
1.705591853188937902e+09
1.705591854522733927e+09
1.705591855858041048e+09
1.705591857311110020e+09
1.705591858644800901e+09
1.705591859982738972e+09
1.705591861316832066e+09
1.705591862690884113e+09
1.705591864159136057e+09
1.705591865561316013e+09
1.705591866896780968e+09
1.705591868240089893e+09
1.705591869584006071e+09
1.705591871007595062e+09
1.705591872459579945e+09
1.705591873915194988e+09
1.705591875283150911e+09
1.705591876619066954e+09
1.705591877959671021e+09
1.705591879331862926e+09
1.705591880719996929e+09
1.705591882057455063e+09
1.705591883391963005e+09
1.705591884730765104e+09
1.705591886079977989e+09
1.705591887417764902e+09
1.705591888751128912e+09
1.705591890110131025e+09
1.705591891552931070e+09
1.705591892888159990e+09
1.705591894224201918e+09
1.705591895558307886e+09
1.705591896955729961e+09
1.705591898382261038e+09
1.705591899758425951e+09
1.705591901125459909e+09
1.705591902463407993e+09
1.705591903887363911e+09
1.705591905350457907e+09
1.705591906785047054e+09
1.705591908134315968e+09
1.705591909489902973e+09
1.705591910823474884e+09
1.705591912250921011e+09
1.705591913718724012e+09
1.705591915193358898e+09
1.705591916652482033e+09
1.705591918130697012e+09
1.705591919600981951e+09
1.705591921067377090e+09
1.705591922524072886e+09
1.705591923980880022e+09
1.705591925454340935e+09
1.705591926932389021e+09
1.705591928406086922e+09
1.705591929893747091e+09
1.705591931376184940e+09
1.705591932841511965e+09
1.705591934314455032e+09
1.705591935798296928e+09
1.705591937265945911e+09
1.705591938709739923e+09
1.705591940192521095e+09
1.705591941548671007e+09
1.705591942882715940e+09
1.705591944215348005e+09
1.705591945576476097e+09
1.705591947034507036e+09
1.705591948490221977e+09
1.705591949911712885e+09
1.705591951257833958e+09
1.705591952596080065e+09
1.705591953937755108e+09
1.705591955350699902e+09
1.705591956741843939e+09
1.705591958079598904e+09
1.705591959416812897e+09
1.705591960764377117e+09
1.705591962197747946e+09
1.705591963557563066e+09
1.705591964920346975e+09
1.705591966255502939e+09
1.705591967590145111e+09
1.705591968934676886e+09
1.705591970269031048e+09
1.705591971601840019e+09
1.705591973019207954e+09
1.705591974479760885e+09
1.705591975943718910e+09
1.705591977414009094e+09
1.705591978880973101e+09
1.705591980357007980e+09
1.705591981810812950e+09
1.705591983287641048e+09
1.705591984738353968e+09
1.705591986206777096e+09
1.705591987592087030e+09
1.705591988928244114e+09
1.705591990264436007e+09
1.705591991609623909e+09
1.705591993086189032e+09
1.705591994564841986e+09
1.705591996031058073e+09
1.705591997491317034e+09
1.705591998957334042e+09
1.705592000437527895e+09
1.705592001887470961e+09
1.705592003341044903e+09
1.705592004804517031e+09
1.705592006265019894e+09
1.705592007731180906e+09
1.705592009194022894e+09
1.705592010656960011e+09
1.705592012052870989e+09
1.705592013388268948e+09
1.705592014724025011e+09
1.705592016061304092e+09
1.705592017512569904e+09
1.705592018951462030e+09
1.705592020291680098e+09
1.705592021626629114e+09
1.705592022959669113e+09
1.705592024348893881e+09
1.705592025702892065e+09
1.705592027037739992e+09
1.705592028371812105e+09
1.705592029719336033e+09
1.705592031200778008e+09
1.705592032666804075e+09
1.705592034127166033e+09
1.705592035591587067e+09
1.705592037049532890e+09
1.705592038499547005e+09
1.705592039986887932e+09
1.705592041458586931e+09
1.705592042931580067e+09
1.705592044376106024e+09
1.705592045710733891e+09
1.705592047046787977e+09
1.705592048385023117e+09
1.705592049778063059e+09
1.705592051234971046e+09
1.705592052677617073e+09
1.705592054035595894e+09
1.705592055372740984e+09
1.705592056711127996e+09
1.705592058126313925e+09
1.705592059601938963e+09
1.705592061057236910e+09
1.705592062514488935e+09
1.705592063983952045e+09
1.705592065391458035e+09
1.705592066726000071e+09
1.705592068069278955e+09
1.705592069404818058e+09
1.705592070855616093e+09
1.705592072208622932e+09
1.705592073541692019e+09
1.705592074874758005e+09
1.705592076235685110e+09
1.705592077691011906e+09
1.705592079129895926e+09
1.705592080474421024e+09
1.705592081812006950e+09
1.705592083147818089e+09
1.705592084554832935e+09
1.705592086003875017e+09
1.705592087476443052e+09
1.705592088946610928e+09
1.705592090424287081e+09
1.705592091876076937e+09
1.705592093358256102e+09
1.705592094828921080e+09
1.705592096299709082e+09
1.705592097791564941e+09
1.705592099272789955e+09
1.705592100730801105e+09
1.705592102208077908e+09
1.705592103671125889e+09
1.705592105131895065e+09
1.705592106588138103e+09
1.705592108045452118e+09
1.705592109442739964e+09
1.705592110777369022e+09
1.705592112111478090e+09
1.705592113445493937e+09
1.705592114905380964e+09
1.705592116368534088e+09
1.705592117845202923e+09
1.705592119234952927e+09
1.705592120569483995e+09
1.705592121905570984e+09
1.705592123240833998e+09
1.705592124617441893e+09
1.705592125965339899e+09
1.705592127302201986e+09
1.705592128646831989e+09
1.705592130054244995e+09
1.705592131525970936e+09
1.705592132917057037e+09
1.705592134253881931e+09
1.705592135589854002e+09
1.705592136935898066e+09
1.705592138443169117e+09
1.705592139839798927e+09
1.705592141177335024e+09
1.705592142513966084e+09
1.705592143868588924e+09
1.705592145261681080e+09
1.705592146604208946e+09
1.705592147940130949e+09
1.705592149290530920e+09
1.705592150762000084e+09
1.705592152238843918e+09
1.705592153703088045e+09
1.705592155160739899e+09
1.705592156612057924e+09
1.705592158080490112e+09
1.705592159537483931e+09
1.705592160993220091e+09
1.705592162483983994e+09
1.705592163832333088e+09
1.705592165170664072e+09
1.705592166509677887e+09
1.705592167897003889e+09
1.705592169374263048e+09
1.705592170848293066e+09
1.705592172322921038e+09
1.705592173803423882e+09
1.705592175281907082e+09
1.705592176747808933e+09
1.705592178206408024e+09
1.705592179655508995e+09
1.705592181109529972e+09
1.705592182578589916e+09
1.705592184044991016e+09
1.705592185516233921e+09
1.705592186987530947e+09
1.705592188457729101e+09
1.705592189929963112e+09
1.705592191381793022e+09
1.705592192841397047e+09
1.705592194299588919e+09
1.705592195680903912e+09
1.705592197017183065e+09
1.705592198351315975e+09
1.705592199690469980e+09
1.705592201139764071e+09
1.705592202601650000e+09
1.705592204070938110e+09
1.705592205523000956e+09
1.705592207000837088e+09
1.705592208478141069e+09
1.705592209944567919e+09
1.705592211418922901e+09
1.705592212887166023e+09
1.705592214365777969e+09
1.705592215841700077e+09
1.705592217304969072e+09
1.705592218780004025e+09
1.705592220116313934e+09
1.705592221453351974e+09
1.705592222790194035e+09
1.705592224163441896e+09
1.705592225544014931e+09
1.705592226881669998e+09
1.705592228217667103e+09
1.705592229553422928e+09
1.705592231010734081e+09
1.705592232492712975e+09
1.705592233965580940e+09
1.705592235420641899e+09
1.705592236876394033e+09
1.705592238356188059e+09
1.705592239832434893e+09
1.705592241311737061e+09
1.705592242807838917e+09
1.705592244288181067e+09
1.705592245771810055e+09
1.705592247242487907e+09
1.705592248715351105e+09
1.705592250201965094e+09
1.705592251660448074e+09
1.705592253116655111e+09
1.705592254602921009e+09
1.705592256073251009e+09
1.705592257540374041e+09
1.705592259000277042e+09
1.705592260396320105e+09
1.705592261732469082e+09
1.705592263075520039e+09
1.705592264414244890e+09
1.705592265869771957e+09
1.705592267346781969e+09
1.705592268822314978e+09
1.705592270279120922e+09
1.705592271738667011e+09
1.705592273213606119e+09
1.705592274682018995e+09
1.705592276149897099e+09
1.705592277626455069e+09
1.705592279082118988e+09
1.705592280543715954e+09
1.705592282017052889e+09
1.705592283499589920e+09
1.705592284966844082e+09
1.705592286312325001e+09
1.705592287653163910e+09
1.705592288997930050e+09
1.705592290361761093e+09
1.705592291814929008e+09
1.705592293278014898e+09
1.705592294703483105e+09
1.705592296043456078e+09
1.705592297392900944e+09
1.705592298732614040e+09
1.705592300159804106e+09
1.705592301626597881e+09
1.705592303111318111e+09
1.705592304568759918e+09
1.705592306049573898e+09
1.705592307524307013e+09
1.705592308987951994e+09
1.705592310462061882e+09
1.705592311868908882e+09
1.705592313206197023e+09
1.705592314541606903e+09
1.705592315879057884e+09
1.705592317301872969e+09
1.705592318778069019e+09
1.705592320261123896e+09
1.705592321741919041e+09
1.705592323216681957e+09
1.705592324701710939e+09
1.705592326186145067e+09
1.705592327674333096e+09
1.705592329159882069e+09
1.705592330638205051e+09
1.705592332114160061e+09
1.705592333578825951e+09
1.705592335041538000e+09
1.705592336515331984e+09
1.705592337980330944e+09
1.705592339457992077e+09
1.705592340915703058e+09
1.705592342370302916e+09
1.705592343829673052e+09
1.705592345300004005e+09
1.705592346768610001e+09
1.705592348237982035e+09
1.705592349706058979e+09
1.705592351188822031e+09
1.705592352646538019e+09
1.705592354125776052e+09
1.705592355582443953e+09
1.705592356978665113e+09
1.705592358317374945e+09
1.705592359653408051e+09
1.705592360990042925e+09
1.705592362458497047e+09
1.705592363952379942e+09
1.705592365432662964e+09
1.705592366903461933e+09
1.705592368364953041e+09
1.705592369838804007e+09
1.705592371276652098e+09
1.705592372616974115e+09
1.705592373966384888e+09
1.705592375313724041e+09
1.705592376708748102e+09
1.705592378182637930e+09
1.705592379597860098e+09
1.705592380944946051e+09
1.705592382283534050e+09
1.705592383628174067e+09
1.705592385096651077e+09
1.705592386578488111e+09
1.705592388053750992e+09
1.705592389526949883e+09
1.705592391021310091e+09
1.705592392505172968e+09
1.705592394002726078e+09
1.705592395473246098e+09
1.705592396939559937e+09
1.705592398420954943e+09
1.705592399878097057e+09
1.705592401336958885e+09
1.705592402827023983e+09
1.705592404293097973e+09
1.705592405765593052e+09
1.705592407209193945e+09
1.705592408684359074e+09
1.705592410156595945e+09
1.705592411633420944e+09
1.705592413109462023e+09
1.705592414576056004e+09
1.705592416035624981e+09
1.705592417511748075e+09
1.705592418967547894e+09
1.705592420454829931e+09
1.705592421922514915e+09
1.705592423406061888e+09
1.705592424880603075e+09
1.705592426353580952e+09
1.705592427848113060e+09
1.705592429304030895e+09
1.705592430760972977e+09
1.705592432222793102e+09
1.705592433699026108e+09
1.705592435157083988e+09
1.705592436614172935e+09
1.705592438092312098e+09
1.705592439560873032e+09
1.705592441026289940e+09
1.705592442496458054e+09
1.705592443977047920e+09
1.705592445476344109e+09
1.705592446893193960e+09
1.705592448229182005e+09
1.705592449567643881e+09
1.705592450922992945e+09
1.705592452400541067e+09
1.705592453802587032e+09
1.705592455141032934e+09
1.705592456477813959e+09
1.705592457840408087e+09
1.705592459333343029e+09
1.705592460812763929e+09
1.705592462298554897e+09
1.705592463762705088e+09
1.705592465231779099e+09
1.705592466707730055e+09
1.705592468200333118e+09
1.705592469685791969e+09
1.705592471153943062e+09
1.705592472653631926e+09
1.705592474109091043e+09
1.705592475588269949e+09
1.705592476984208107e+09
1.705592478322792053e+09
1.705592479661746025e+09
1.705592481006118059e+09
1.705592482487296104e+09
1.705592483944889069e+09
1.705592485401748896e+09
1.705592486873421907e+09
1.705592488355962038e+09
1.705592489829806089e+09
1.705592491294739008e+09
1.705592492780209064e+09
1.705592494252882004e+09
1.705592495714747906e+09
1.705592497173830032e+09
1.705592498629219055e+09
1.705592500084139109e+09
1.705592501568650961e+09
1.705592503041111946e+09
1.705592504523080111e+09
1.705592506009727955e+09
1.705592507347407103e+09
1.705592508684850931e+09
1.705592510040721893e+09
1.705592511409210920e+09
1.705592512878499031e+09
1.705592514340931892e+09
1.705592515807842016e+09
1.705592517276179075e+09
1.705592518755492926e+09
1.705592520238723993e+09
1.705592521710894108e+09
1.705592523183664083e+09
1.705592524666177988e+09
1.705592526147313118e+09
1.705592527616921902e+09
1.705592529100620031e+09
1.705592530573307991e+09
1.705592532039571047e+09
1.705592533517234087e+09
1.705592534976667881e+09
1.705592536463042021e+09
1.705592537921612978e+09
1.705592539380296946e+09
1.705592540862201929e+09
1.705592542343578100e+09
1.705592543795818090e+09
1.705592545271332979e+09
1.705592546733589888e+09
1.705592548186805964e+09
1.705592549658544064e+09
1.705592551124120951e+09
1.705592552601257086e+09
1.705592554066905975e+09
1.705592555547828913e+09
1.705592557006820917e+09
1.705592558473752022e+09
1.705592559960186958e+09
1.705592561458853960e+09
1.705592562920670033e+09
1.705592564391483068e+09
1.705592565852632999e+09
1.705592567332292080e+09
1.705592568816612959e+09
1.705592570296829939e+09
1.705592571780819893e+09
1.705592573240978003e+09
1.705592574698996067e+09
1.705592576184242010e+09
1.705592577665297031e+09
1.705592579156333923e+09
1.705592580637600899e+09
1.705592582118088961e+09
1.705592583578723907e+09
1.705592585039812088e+09
1.705592586504151106e+09
1.705592587975325108e+09
1.705592589425700903e+09
1.705592590888720989e+09
1.705592592341121912e+09
1.705592593838803053e+09
1.705592595309935093e+09
1.705592596778378010e+09
1.705592598244963884e+09
1.705592599710375071e+09
1.705592601170289040e+09
1.705592602648694038e+09
1.705592604142355919e+09
1.705592605602478027e+09
1.705592607066132069e+09
1.705592608525648117e+09
1.705592609997286081e+09
1.705592611473206043e+09
1.705592612949448109e+09
1.705592614418302059e+09
1.705592615880708933e+09
1.705592617357289076e+09
1.705592618825036049e+09
1.705592620184125900e+09
1.705592621523678064e+09
1.705592622859163046e+09
1.705592624220062017e+09
1.705592625686427116e+09
1.705592627166599989e+09
1.705592628628066063e+09
1.705592630119055033e+09
1.705592631611915112e+09
1.705592633071645021e+09
1.705592634557785034e+09
1.705592636021173954e+09
1.705592637498550892e+09
1.705592638973114014e+09
1.705592640443079948e+09
1.705592641895942926e+09
1.705592643371778965e+09
1.705592644838125944e+09
1.705592646342637062e+09
1.705592647808171988e+09
1.705592649271784067e+09
1.705592650758932114e+09
1.705592652236511946e+09
1.705592653702421904e+09
1.705592655177424908e+09
1.705592656655087948e+09
1.705592658138587952e+09
1.705592659595571041e+09
1.705592661045973063e+09
1.705592662522142887e+09
1.705592664006221056e+09
1.705592665472146988e+09
1.705592666938306093e+09
1.705592668407134056e+09
1.705592669894599915e+09
1.705592671363730907e+09
1.705592672822851896e+09
1.705592674300003052e+09
1.705592675798901081e+09
1.705592677282107115e+09
1.705592678765788078e+09
1.705592680155483961e+09
1.705592681494999886e+09
1.705592682836477995e+09
1.705592684194195986e+09
1.705592685658926964e+09
1.705592687132688999e+09
1.705592688593466997e+09
1.705592690054162025e+09
1.705592691512653112e+09
1.705592692965338945e+09
1.705592694430094004e+09
1.705592695901731968e+09
1.705592697364058971e+09
1.705592698842346907e+09
1.705592700328042030e+09
1.705592701792939901e+09
1.705592703294091940e+09
1.705592704778672934e+09
1.705592706264805079e+09
1.705592707748948097e+09
1.705592709226741076e+09
1.705592710709235907e+09
1.705592712106303930e+09
1.705592713448318005e+09
1.705592714790098906e+09
1.705592716147218943e+09
1.705592717629290104e+09
1.705592719103709936e+09
1.705592720441941023e+09
1.705592721788441896e+09
1.705592723125510931e+09
1.705592724498811960e+09
1.705592725965300083e+09
1.705592727446994066e+09
1.705592728926213026e+09
1.705592730397146940e+09
1.705592731860975981e+09
1.705592733339835882e+09
1.705592734816827059e+09
1.705592736276604891e+09
1.705592737737102985e+09
1.705592739216701984e+09
1.705592740555917025e+09
1.705592741896555901e+09
1.705592743246092081e+09
1.705592744626956940e+09
1.705592746093863964e+09
1.705592747563397884e+09
1.705592749025850058e+09
1.705592750510215998e+09
1.705592751995793104e+09
1.705592753486843109e+09
1.705592754943166018e+09
1.705592756439825058e+09
1.705592757895718098e+09
1.705592759357151031e+09
1.705592760813132048e+09
1.705592762296175957e+09
1.705592763774133921e+09
1.705592765259423018e+09
1.705592766715605021e+09
1.705592768178061008e+09
1.705592769643949986e+09
1.705592771120723963e+09
1.705592772588516951e+09
1.705592774050813913e+09
1.705592775517227888e+09
1.705592777001456022e+09
1.705592778479182959e+09
1.705592779952389002e+09
1.705592781421164036e+09
1.705592782915702105e+09
1.705592784389772892e+09
1.705592785858864069e+09
1.705592787332833052e+09
1.705592788797760963e+09
1.705592790267726898e+09
1.705592791724407911e+09
1.705592793184937000e+09
1.705592794651806116e+09
1.705592796139451027e+09
1.705592797595107079e+09
1.705592799058996916e+09
1.705592800545005083e+09
1.705592802025422096e+09
1.705592803502955914e+09
1.705592804974184036e+09
1.705592806460186005e+09
1.705592807945184946e+09
1.705592809419059038e+09
1.705592810909765005e+09
1.705592812398308039e+09
1.705592813884412050e+09
1.705592815347866058e+09
1.705592816826368093e+09
1.705592818305191040e+09
1.705592819787933111e+09
1.705592821249407053e+09
1.705592822729378939e+09
1.705592824187563896e+09
1.705592825668661118e+09
1.705592827158229113e+09
1.705592828619458914e+09
1.705592830116786003e+09
1.705592831590009928e+09
1.705592833048544884e+09
1.705592834517590046e+09
1.705592835985845089e+09
1.705592837476226091e+09
1.705592838932014942e+09
1.705592840397896051e+09
1.705592841868460894e+09
1.705592843354233027e+09
1.705592844840390921e+09
1.705592846326276064e+09
1.705592847791578054e+09
1.705592849273152113e+09
1.705592850709343910e+09
1.705592852062100887e+09
1.705592853402045012e+09
1.705592854773582935e+09
1.705592856254971027e+09
1.705592857732826948e+09
1.705592859202023029e+09
1.705592860657891035e+09
1.705592862122833967e+09
1.705592863574033976e+09
1.705592865050786018e+09
1.705592866521188974e+09
1.705592867986108065e+09
1.705592869453834057e+09
1.705592870948683977e+09
1.705592872431348085e+09
1.705592873914650917e+09
1.705592875374902964e+09
1.705592876856236935e+09
1.705592878344224930e+09
1.705592879832061052e+09
1.705592881308314085e+09
1.705592882777781010e+09
1.705592884244930029e+09
1.705592885723104000e+09
1.705592887188371897e+09
1.705592888660099030e+09
1.705592890119008064e+09
1.705592891587361097e+09
1.705592893057971001e+09
1.705592894543673038e+09
1.705592896026005030e+09
1.705592897496787071e+09
1.705592898957062006e+09
1.705592900438575983e+09
1.705592901931977034e+09
1.705592903415369987e+09
1.705592904885879993e+09
1.705592906358468056e+09
1.705592907840462923e+09
1.705592909323882103e+09
1.705592910796936989e+09
1.705592912182456017e+09
1.705592913535139084e+09
1.705592914873684883e+09
1.705592916212661982e+09
1.705592917664210081e+09
1.705592919136408091e+09
1.705592920600354910e+09
1.705592922074481010e+09
1.705592923566191912e+09
1.705592925045746088e+09
1.705592926506376982e+09
1.705592927981777906e+09
1.705592929444921970e+09
1.705592930916002989e+09
1.705592932386195898e+09
1.705592933850486994e+09
1.705592935314122915e+09
1.705592936771929979e+09
1.705592938254067898e+09
1.705592939720458031e+09
1.705592941190609932e+09
1.705592942668246984e+09
1.705592944158360958e+09
1.705592945643774033e+09
1.705592947114847898e+09
1.705592948595999002e+09
1.705592950084276915e+09
1.705592951556969881e+09
1.705592953041662931e+09
1.705592954512842894e+09
1.705592955993760109e+09
1.705592957469528913e+09
1.705592958940363884e+09
1.705592960398197889e+09
1.705592961897769928e+09
1.705592963375632048e+09
1.705592964845129013e+09
1.705592966323015928e+09
1.705592967801634073e+09
1.705592969268306017e+09
1.705592970758657932e+09
1.705592972240695953e+09
1.705592973706933975e+09
1.705592975199354887e+09
1.705592976673336983e+09
1.705592978132179022e+09
1.705592979573895931e+09
1.705592980913652897e+09
1.705592982261318922e+09
1.705592983605845928e+09
1.705592985003942966e+09
1.705592986482269049e+09
1.705592987969577074e+09
1.705592989456363916e+09
1.705592990922322989e+09
1.705592992388071060e+09
1.705592993872845888e+09
1.705592995346348047e+09
1.705592996833775043e+09
1.705592998298144102e+09
1.705592999762145042e+09
1.705593001240645885e+09
1.705593002720570087e+09
1.705593004200663090e+09
1.705593005588794947e+09
1.705593006943427086e+09
1.705593008290572882e+09
1.705593009658531904e+09
1.705593011004472017e+09
1.705593012342077971e+09
1.705593013680469990e+09
1.705593015057846069e+09
1.705593016516292095e+09
1.705593017982175112e+09
1.705593019470254898e+09
1.705593020959213018e+09
1.705593022440608978e+09
1.705593023899517059e+09
1.705593025379760027e+09
1.705593026861166000e+09
1.705593028334266901e+09
1.705593029799415112e+09
1.705593031262283087e+09
1.705593032672117949e+09
1.705593034012206078e+09
1.705593035361495018e+09
1.705593036716439009e+09
1.705593038206559896e+09
1.705593039704268932e+09
1.705593041200072050e+09
1.705593042673820972e+09
1.705593047356065035e+09
1.705593050049551010e+09
1.705593051542917967e+09
1.705593053018033028e+09
1.705593054477737904e+09
1.705593055963975906e+09
1.705593057444576025e+09
1.705593058915853977e+09
1.705593060397025108e+09
1.705593061876777887e+09
1.705593063342480898e+09
1.705593064802171946e+09
1.705593066267771006e+09
1.705593067746809006e+09
1.705593069206057072e+09
1.705593070678127050e+09
1.705593072148365021e+09
1.705593073609450102e+09
1.705593075078547955e+09
1.705593076538206100e+09
1.705593078013701916e+09
1.705593079495377064e+09
1.705593080967006922e+09
1.705593082434813023e+09
1.705593083925605059e+09
1.705593085403913975e+09
1.705593086890095949e+09
1.705593088368839979e+09
1.705593089837512970e+09
1.705593091320682049e+09
1.705593092660592079e+09
1.705593094019697905e+09
1.705593095382009029e+09
1.705593096770601034e+09
1.705593098252588987e+09
1.705593099715095043e+09
1.705593101205312014e+09
1.705593102657596111e+09
1.705593104128555059e+09
1.705593105605628967e+09
1.705593107070755005e+09
1.705593108544282913e+09
1.705593110032233953e+09
1.705593111508210897e+09
1.705593112982558012e+09
1.705593114468307972e+09
1.705593115952016115e+09
1.705593117425966978e+09
1.705593118901628017e+09
1.705593120369129896e+09
1.705593121845902920e+09
1.705593123312201977e+09
1.705593124790807962e+09
1.705593126272665977e+09
1.705593127728246927e+09
1.705593129190747023e+09
1.705593130684346914e+09
1.705593132088188887e+09
1.705593133429698944e+09
1.705593134780091047e+09
1.705593136138521910e+09
1.705593137615825891e+09
1.705593139090866089e+09
1.705593140570146084e+09
1.705593142056909084e+09
1.705593143536860943e+09
1.705593145025501966e+09
1.705593146485795975e+09
1.705593147962070942e+09
1.705593149451586962e+09
1.705593150924388885e+09
1.705593152381469011e+09
1.705593153846206903e+09
1.705593155328550100e+09
1.705593156813815117e+09
1.705593158295866013e+09
1.705593159763451099e+09
1.705593161232582092e+09
1.705593162713165998e+09
1.705593164207190990e+09
1.705593165679568052e+09
1.705593167149132967e+09
1.705593168637728930e+09
1.705593170143057108e+09
1.705593171639386892e+09
1.705593173136534929e+09
1.705593174621990919e+09
1.705593176110569954e+09
1.705593177580507994e+09
1.705593179037581921e+09
1.705593180525512934e+09
1.705593182000641108e+09
1.705593183492352009e+09
1.705593184992089033e+09
1.705593186496145964e+09
1.705593187979706049e+09
1.705593189448612928e+09
1.705593190924726009e+09
1.705593192394782066e+09
1.705593193859744072e+09
1.705593195332417011e+09
1.705593196799166918e+09
1.705593198260533094e+09
1.705593199745687008e+09
1.705593201248383999e+09
1.705593202717470884e+09
1.705593204184762955e+09
1.705593205659348011e+09
1.705593207126342058e+09
1.705593208587604046e+09
1.705593210078480959e+09
1.705593211564266920e+09
1.705593213034363985e+09
1.705593214502501965e+09
1.705593215978365898e+09
1.705593217465557098e+09
1.705593218938898087e+09
1.705593220337042093e+09
1.705593221678546906e+09
1.705593223022849083e+09
1.705593224372692108e+09
1.705593225857353926e+09
1.705593227343808889e+09
1.705593228826296091e+09
1.705593230298943043e+09
1.705593231772922039e+09
1.705593233234946012e+09
1.705593234702723026e+09
1.705593236165994883e+09
1.705593237641289949e+09
1.705593239115784883e+09
1.705593240599756956e+09
1.705593242088301897e+09
1.705593243589315891e+09
1.705593245074259043e+09
1.705593246556756973e+09
1.705593248040534973e+09
1.705593249520102978e+09
1.705593250995673895e+09
1.705593252479809046e+09
1.705593253938266993e+09
1.705593255417798996e+09
1.705593256884046078e+09
1.705593258359911919e+09
1.705593259829457998e+09
1.705593261289861917e+09
1.705593262786777973e+09
1.705593264271162033e+09
1.705593265749330997e+09
1.705593267229120016e+09
1.705593268697606087e+09
1.705593270182600021e+09
1.705593271642915964e+09
1.705593273130467892e+09
1.705593274600806952e+09
1.705593276081346035e+09
1.705593277552333117e+09
1.705593279018290997e+09
1.705593280505131960e+09
1.705593281990942955e+09
1.705593283477221012e+09
1.705593284965116978e+09
1.705593286439704895e+09
1.705593287915939093e+09
1.705593289402475119e+09
1.705593290889866114e+09
1.705593292357887983e+09
1.705593293857146025e+09
1.705593295344037056e+09
1.705593296840802908e+09
1.705593298307482004e+09
1.705593299775607109e+09
1.705593301236759901e+09
1.705593302698204994e+09
1.705593304178910017e+09
1.705593305655143023e+09
1.705593307115451097e+09
1.705593308583959103e+09
1.705593310058902979e+09
1.705593311539060116e+09
1.705593313017066956e+09
1.705593314497469902e+09
1.705593315984196901e+09
1.705593317468485117e+09
1.705593318942095041e+09
1.705593320411657095e+09
1.705593321878670931e+09
1.705593323342274904e+09
1.705593324803822994e+09
1.705593326288729906e+09
1.705593327753134012e+09
1.705593329213598013e+09
1.705593330690907955e+09
1.705593332145260096e+09
1.705593333629594088e+09
1.705593335093266010e+09
1.705593336578792095e+09
1.705593338064220905e+09
1.705593339536309958e+09
1.705593340879774094e+09
1.705593342220979929e+09
1.705593343563807011e+09
1.705593344945250034e+09
1.705593346432215929e+09
1.705593347910469055e+09
1.705593349398019075e+09
1.705593350878962994e+09
1.705593352388339996e+09
1.705593353889825106e+09
1.705593355375624895e+09
1.705593356869518042e+09
1.705593358362286091e+09
1.705593359842314959e+09
1.705593361342293024e+09
1.705593362805437088e+09
1.705593364304375887e+09
1.705593365770457029e+09
1.705593367236666918e+09
1.705593368706872940e+09
1.705593370185606956e+09
1.705593371667673111e+09
1.705593373158961058e+09
1.705593374613046885e+09
1.705593376092238903e+09
1.705593377572269917e+09
1.705593379064836025e+09
1.705593380528825998e+09
1.705593382011418104e+09
1.705593383500118971e+09
1.705593384978831053e+09
1.705593386447949886e+09
1.705593387932020903e+09
1.705593389404860973e+09
1.705593390881742954e+09
1.705593392345156908e+09
1.705593393816492081e+09
1.705593395285007000e+09
1.705593396778383970e+09
1.705593398258863926e+09
1.705593399733864069e+09
1.705593401077636957e+09
1.705593402422651052e+09
1.705593403769989967e+09
1.705593405174534082e+09
1.705593406660423994e+09
1.705593408059334040e+09
1.705593409401690006e+09
1.705593410746269941e+09
1.705593412103310108e+09
1.705593413586922884e+09
1.705593415049333096e+09
1.705593416528767109e+09
1.705593418014354944e+09
1.705593419497484922e+09
1.705593420986190081e+09
1.705593422499916077e+09
1.705593423984677076e+09
1.705593425456124067e+09
1.705593426920377970e+09
1.705593428389178038e+09
1.705593429849564075e+09
1.705593431312822104e+09
1.705593432774465084e+09
1.705593434264081001e+09
1.705593435755830050e+09
1.705593437153791904e+09
1.705593438507949114e+09
1.705593439854778051e+09
1.705593441222948074e+09
1.705593442709124088e+09
1.705593444108311892e+09
1.705593445453928947e+09
1.705593446808188915e+09
1.705593448164215088e+09
1.705593449647305012e+09
1.705593451112852097e+09
1.705593452592149973e+09
1.705593454080034971e+09
1.705593455572072029e+09
1.705593457050828934e+09
1.705593458538443089e+09
1.705593460027911901e+09
1.705593461503761053e+09
1.705593462931781054e+09
1.705593464271781921e+09
1.705593465612047911e+09
1.705593466955327034e+09
1.705593468386542082e+09
1.705593469854459047e+09
1.705593471325568914e+09
1.705593472819031000e+09
1.705593474309866905e+09
1.705593475772490025e+09
1.705593477261538029e+09
1.705593478752950907e+09
1.705593480152908087e+09
1.705593481492770910e+09
1.705593482842000961e+09
1.705593484198451042e+09
1.705593485673604012e+09
1.705593487146389008e+09
1.705593488630116940e+09
1.705593490117261887e+09
1.705593491604671001e+09
1.705593493081070900e+09
1.705593494556693077e+09
1.705593496026324987e+09
1.705593497491028070e+09
1.705593498967423916e+09
1.705593500437699080e+09
1.705593501905512094e+09
1.705593503364633083e+09
1.705593504831111908e+09
1.705593506295206070e+09
1.705593507769181967e+09
1.705593509240729094e+09
1.705593510705569029e+09
1.705593512173635960e+09
1.705593513635525942e+09
1.705593515090537071e+09
1.705593516555917978e+09
1.705593518013309956e+09
1.705593519471728086e+09
1.705593520947029114e+09
1.705593522410795927e+09
1.705593523871336937e+09
1.705593525355360031e+09
1.705593526840234041e+09
1.705593528302767992e+09
1.705593529774648905e+09
1.705593531237971067e+09
1.705593532701888084e+09
1.705593534177659988e+09
1.705593535645956993e+09
1.705593537120407104e+09
1.705593538586158037e+09
1.705593540058948994e+09
1.705593541517685890e+09
1.705593542985774994e+09
1.705593544453895092e+09
1.705593545916964054e+09
1.705593547381509066e+09
1.705593548859436035e+09
1.705593550324440956e+09
1.705593551786329031e+09
1.705593553264837980e+09
1.705593554732831001e+09
1.705593556196460962e+09
1.705593557535453081e+09
1.705593558875061989e+09
1.705593560218426943e+09
1.705593561605598927e+09
1.705593563064313889e+09
1.705593564523822069e+09
1.705593565988486052e+09
1.705593567456383944e+09
1.705593568922319889e+09
1.705593570387918949e+09
1.705593571848175049e+09
1.705593573310409069e+09
1.705593574773850918e+09
1.705593576239947081e+09
1.705593577699387074e+09
1.705593579160557032e+09
1.705593580544778109e+09
1.705593581883583069e+09
1.705593583221940041e+09
1.705593584559693098e+09
1.705593586008001089e+09
1.705593587470544100e+09
1.705593588938117981e+09
1.705593590417013884e+09
1.705593591891658068e+09
1.705593593374622107e+09
1.705593594851779938e+09
1.705593596322819948e+09
1.705593597788228035e+09
1.705593599267638922e+09
1.705593600740710974e+09
1.705593602204786062e+09
1.705593603680609941e+09
1.705593605147308111e+09
1.705593606625554085e+09
1.705593608107980967e+09
1.705593609570977926e+09
1.705593611039522886e+09
1.705593612497152090e+09
1.705593613971400023e+09
1.705593615432167053e+09
1.705593616907139063e+09
1.705593618376622915e+09
1.705593619842232943e+09
1.705593621323451042e+09
1.705593622793051004e+09
1.705593624257229090e+09
1.705593625734890938e+09
1.705593627189759970e+09
1.705593628655291080e+09
1.705593630129358053e+09
1.705593631607777119e+09
1.705593633074457884e+09
1.705593634552238941e+09
1.705593636021334887e+09
1.705593637496119022e+09
1.705593638977474928e+09
1.705593640445497990e+09
1.705593641918180943e+09
1.705593643384263039e+09
1.705593644848000050e+09
1.705593646310247898e+09
1.705593647781430960e+09
1.705593649238310099e+09
1.705593650702646971e+09
1.705593652170671940e+09
1.705593653643491983e+09
1.705593655120798111e+09
1.705593656585582018e+09
1.705593658056806087e+09
1.705593659526968956e+09
1.705593661002396107e+09
1.705593662470588923e+09
1.705593663935733080e+09
1.705593665397480011e+09
1.705593666871699095e+09
1.705593668332191944e+09
1.705593669800611973e+09
1.705593671272387028e+09
1.705593672736036062e+09
1.705593674199599981e+09
1.705593675669188023e+09
1.705593677133361101e+09
1.705593678598906040e+09
1.705593680064101934e+09
1.705593681539942980e+09
1.705593683018073082e+09
1.705593684494204998e+09
1.705593685966161966e+09
1.705593687430536985e+09
1.705593688896074057e+09
1.705593690358694077e+09
1.705593691839370012e+09
1.705593693311580896e+09
1.705593694775969028e+09
1.705593696241426945e+09
1.705593697713366985e+09
1.705593699177206993e+09
1.705593700573165894e+09
1.705593701913650036e+09
1.705593703255635023e+09
1.705593704598752022e+09
1.705593706053277016e+09
1.705593707525429010e+09
1.705593708999808073e+09
1.705593710480750084e+09
1.705593711944763899e+09
1.705593713428050041e+09
1.705593714904071093e+09
1.705593716377325058e+09
1.705593717852837086e+09
1.705593719320574045e+09
1.705593720803586006e+09
1.705593722271892071e+09
1.705593723749027967e+09
1.705593725223001957e+09
1.705593726690879107e+09
1.705593728137402058e+09
1.705593729479881048e+09
1.705593730821388006e+09
1.705593732163173914e+09
1.705593733552753925e+09
1.705593735032840014e+09
1.705593736513932943e+09
1.705593737994213104e+09
1.705593739459644079e+09
1.705593740924918890e+09
1.705593742388168097e+09
1.705593743871134996e+09
1.705593745338999033e+09
1.705593746808023930e+09
1.705593748288330078e+09
1.705593749766262054e+09
1.705593751235579014e+09
1.705593752706969023e+09
1.705593754174586058e+09
1.705593755633008957e+09
1.705593757094430923e+09
1.705593758550945997e+09
1.705593760016165018e+09
1.705593761482712030e+09
1.705593762947988033e+09
1.705593764417331934e+09
1.705593765886070013e+09
1.705593767356832981e+09
1.705593768833926916e+09
1.705593770305265903e+09
1.705593771776072025e+09
1.705593773244168043e+09
1.705593774729738951e+09
1.705593776199515104e+09
1.705593777669534922e+09
1.705593779139725924e+09
1.705593780603655100e+09
1.705593782072433949e+09
1.705593783557794094e+09
1.705593785037141085e+09
1.705593786507517099e+09
1.705593787968374968e+09
1.705593789437882900e+09
1.705593790916018963e+09
1.705593792381695032e+09
1.705593793850162983e+09
1.705593795327810049e+09
1.705593796803163052e+09
1.705593798267647982e+09
1.705593799735708952e+09
1.705593801198400974e+09
1.705593802668627024e+09
1.705593804131572008e+09
1.705593805604008913e+09
1.705593807064460039e+09
1.705593808535494089e+09
1.705593810009824038e+09
1.705593811485316038e+09
1.705593812958676100e+09
1.705593814420648098e+09
1.705593815885392904e+09
1.705593817355668068e+09
1.705593818827373981e+09
1.705593820249130964e+09
1.705593821590301037e+09
1.705593822930850983e+09
1.705593824273375988e+09
1.705593825686547995e+09
1.705593827145970106e+09
1.705593828610433102e+09
1.705593830080756903e+09
1.705593831551846981e+09
1.705593833014583111e+09
1.705593834478121996e+09
1.705593835945545912e+09
1.705593837417152882e+09
1.705593838877043009e+09
1.705593840343403101e+09
1.705593841808717966e+09
1.705593843271034002e+09
1.705593844727190018e+09
1.705593846188699961e+09
1.705593847660254955e+09
1.705593849140186071e+09
1.705593850619424105e+09
1.705593852088653088e+09
1.705593853561831951e+09
1.705593855035589933e+09
1.705593856508155107e+09
1.705593857979171038e+09
1.705593859456217051e+09
1.705593860925595999e+09
1.705593862390299082e+09
1.705593863858606100e+09
1.705593865320446014e+09
1.705593866789885044e+09
1.705593868263811111e+09
1.705593869738601923e+09
1.705593871211823940e+09
1.705593872693784952e+09
1.705593874157987118e+09
1.705593875619039059e+09
1.705593877084738016e+09
1.705593878566477060e+09
1.705593880023874044e+09
1.705593881491791010e+09
1.705593882951674938e+09
1.705593884422259092e+09
1.705593885878977060e+09
1.705593887336934090e+09
1.705593888814737082e+09
1.705593890300246000e+09
1.705593891765152931e+09
1.705593893237448931e+09
1.705593894702856064e+09
1.705593896169466972e+09
1.705593897655695915e+09
1.705593899123788118e+09
1.705593900588670015e+09
1.705593902061194897e+09
1.705593903535443068e+09
1.705593905002799988e+09
1.705593906479521036e+09
1.705593907944936037e+09
1.705593909405425072e+09
1.705593910869154930e+09
1.705593912335181952e+09
1.705593913802546978e+09
1.705593915276809931e+09
1.705593916676069975e+09
1.705593918018218040e+09
1.705593919360970974e+09
1.705593920700810909e+09
1.705593922141789913e+09
1.705593923606534004e+09
1.705593925074372053e+09
1.705593926533394098e+09
1.705593928015515089e+09
1.705593929494853973e+09
1.705593930965009928e+09
1.705593932327322006e+09
1.705593933666439056e+09
1.705593935007488966e+09
1.705593936364794970e+09
1.705593937836837053e+09
1.705593939299566984e+09
1.705593940781585932e+09
1.705593942262990952e+09
1.705593943733309031e+09
1.705593945202022076e+09
1.705593946676992893e+09
1.705593948151890039e+09
1.705593949622591019e+09
1.705593951099565983e+09
1.705593952576570988e+09
1.705593954042591095e+09
1.705593955507555008e+09
1.705593956915769100e+09
1.705593958257281065e+09
1.705593959598839045e+09
1.705593960938812017e+09
1.705593962391103983e+09
1.705593963866172075e+09
1.705593965345372915e+09
1.705593966822776079e+09
1.705593968287436962e+09
1.705593969759632111e+09
1.705593971230915070e+09
1.705593972709114075e+09
1.705593974175367117e+09
1.705593975643075943e+09
1.705593977102916956e+09
1.705593978572154045e+09
1.705593980032841921e+09
1.705593981504344940e+09
1.705593982964133978e+09
1.705593984431602955e+09
1.705593985891005993e+09
1.705593987354305029e+09
1.705593988826386929e+09
1.705593990295624018e+09
1.705593991764322996e+09
1.705593993237215996e+09
1.705593994705710888e+09
1.705593996174622059e+09
1.705593997644015074e+09
1.705593999105561972e+09
1.705594000568101883e+09
1.705594002035455942e+09
1.705594003511198044e+09
1.705594004984133005e+09
1.705594006453949928e+09
1.705594007918073893e+09
1.705594009379132032e+09
1.705594010844196081e+09
1.705594012313265085e+09
1.705594013773083925e+09
1.705594015231795073e+09
1.705594016694529057e+09
1.705594018155543089e+09
1.705594019629560947e+09
1.705594021101393938e+09
1.705594022565428972e+09
1.705594024040347099e+09
1.705594025520674944e+09
1.705594026987432003e+09
1.705594028454099894e+09
1.705594029925049067e+09
1.705594031407150030e+09
1.705594032865772009e+09
1.705594034209189892e+09
1.705594035550380945e+09
1.705594036891021967e+09
1.705594038279983044e+09
1.705594039760021925e+09
1.705594041234220028e+09
1.705594042714202881e+09
1.705594044189390898e+09
1.705594045655354977e+09
1.705594047123902082e+09
1.705594048590703964e+09
1.705594050064629078e+09
1.705594051535697937e+09
1.705594053008371115e+09
1.705594054489264965e+09
1.705594055964137077e+09
1.705594057330030918e+09
1.705594058672806025e+09
1.705594060015166044e+09
1.705594061378201008e+09
1.705594062798269033e+09
1.705594064143923998e+09
1.705594065486337900e+09
1.705594066827581882e+09
1.705594068250138998e+09
1.705594069720416069e+09
1.705594071189308882e+09
1.705594072656171083e+09
1.705594074126878977e+09
1.705594075590889931e+09
1.705594077060470104e+09
1.705594078528729916e+09
1.705594079988382101e+09
1.705594081454412937e+09
1.705594082923525095e+09
1.705594084386298895e+09
1.705594085853441000e+09
1.705594087326755047e+09
1.705594088802423954e+09
1.705594090268371105e+09
1.705594091739599943e+09
1.705594093202599049e+09
1.705594094674098969e+09
1.705594096144996881e+09
1.705594097609458923e+09
1.705594099088011980e+09
1.705594100562289953e+09
1.705594102024148941e+09
1.705594103502398014e+09
1.705594104967199087e+09
1.705594106456481934e+09
1.705594107920907974e+09
1.705594109378479958e+09
1.705594110854341030e+09
1.705594112324465036e+09
1.705594113798418999e+09
1.705594115277776003e+09
1.705594116744393110e+09
1.705594118209650040e+09
1.705594119684060097e+09
1.705594121157320976e+09
1.705594122634352922e+09
1.705594124109878063e+09
1.705594125582869053e+09
1.705594127056900978e+09
1.705594128528609037e+09
1.705594129994751930e+09
1.705594131467989922e+09
1.705594132948874950e+09
1.705594134414133072e+09
1.705594135883563042e+09
1.705594137357428074e+09
1.705594138825778961e+09
1.705594140296710968e+09
1.705594141770745039e+09
1.705594143236176968e+09
1.705594144708836079e+09
1.705594146183089018e+09
1.705594147659440994e+09
1.705594149131453991e+09
1.705594150598767996e+09
1.705594152067846060e+09
1.705594153538012028e+09
1.705594155006356001e+09
1.705594156476164103e+09
1.705594157953807116e+09
1.705594159421478987e+09
1.705594160895344973e+09
1.705594162373114109e+09
1.705594163845968962e+09
1.705594165306168079e+09
1.705594166774486065e+09
1.705594168242708921e+09
1.705594169705319881e+09
1.705594171175122976e+09
1.705594172641959906e+09
1.705594174122699022e+09
1.705594175589494944e+09
1.705594177071686029e+09
1.705594178535172939e+09
1.705594180008481026e+09
1.705594181474827051e+09
1.705594182949232101e+09
1.705594184425079107e+09
1.705594185894757986e+09
1.705594187379913092e+09
1.705594188853338957e+09
1.705594190327100039e+09
1.705594191798448086e+09
1.705594193260222912e+09
1.705594194742213964e+09
1.705594196215545893e+09
1.705594197684483051e+09
1.705594199156486988e+09
1.705594200633665085e+09
1.705594202109972000e+09
1.705594203577069998e+09
1.705594205048940897e+09
1.705594206518366098e+09
1.705594207993341923e+09
1.705594209458563089e+09
1.705594210929940939e+09
1.705594212390777111e+09
1.705594213866776943e+09
1.705594215330400944e+09
1.705594216800544977e+09
1.705594218276124954e+09
1.705594219752424955e+09
1.705594221217514038e+09
1.705594222694622993e+09
1.705594224160701036e+09
1.705594225633704901e+09
1.705594227103971958e+09
1.705594228571959019e+09
1.705594230036153078e+09
1.705594231511071920e+09
1.705594232982326984e+09
1.705594234439960003e+09
1.705594235911777020e+09
1.705594237373006105e+09
1.705594238850939035e+09
1.705594240323193073e+09
1.705594241795998096e+09
1.705594243260229111e+09
1.705594244727582932e+09
1.705594246200522900e+09
1.705594247663009882e+09
1.705594249138508081e+09
1.705594250615521908e+09
1.705594252084590912e+09
1.705594253568968058e+09
1.705594255042900085e+09
1.705594256520745993e+09
1.705594257993391991e+09
1.705594259459414959e+09
1.705594260929935932e+09
1.705594262385008097e+09
1.705594263846584082e+09
1.705594265318629026e+09
1.705594266790539026e+09
1.705594268253705025e+09
1.705594269732793093e+09
1.705594271213082075e+09
1.705594272689696074e+09
1.705594274164217949e+09
1.705594275635482073e+09
1.705594277107011080e+09
1.705594278567888975e+09
1.705594280048343897e+09
1.705594281524626970e+09
1.705594283009305000e+09
1.705594284493536949e+09
1.705594285961806059e+09
1.705594287430758953e+09
1.705594288907538891e+09
1.705594290379589081e+09
1.705594291852946997e+09
1.705594293325573921e+09
1.705594294806663990e+09
1.705594296280519962e+09
1.705594297746058941e+09
1.705594299224579096e+09
1.705594300686846018e+09
1.705594302153417110e+09
1.705594303624382019e+09
1.705594305098874092e+09
1.705594306568336010e+09
1.705594308039922953e+09
1.705594309513665915e+09
1.705594310981807947e+09
1.705594312454705954e+09
1.705594313920273066e+09
1.705594315332519054e+09
1.705594316674168110e+09
1.705594318016272068e+09
1.705594319359750986e+09
1.705594320798527002e+09
1.705594322269902945e+09
1.705594323738976002e+09
1.705594325214879036e+09
1.705594326694021940e+09
1.705594328160291910e+09
1.705594329634855986e+09
1.705594331103650093e+09
1.705594332569001913e+09
1.705594334045785904e+09
1.705594335515391111e+09
1.705594336982765913e+09
1.705594338454936028e+09
1.705594339928952932e+09
1.705594341391376019e+09
1.705594342860265017e+09
1.705594344339063883e+09
1.705594345819199085e+09
1.705594347288542986e+09
1.705594348777363062e+09
1.705594350248958111e+09
1.705594351682374954e+09
1.705594353028228045e+09
1.705594354372332096e+09
1.705594355713268042e+09
1.705594357129075050e+09
1.705594358601363897e+09
1.705594360073964119e+09
1.705594361548213959e+09
1.705594363014403105e+09
1.705594364486731052e+09
1.705594365961289883e+09
1.705594367436906099e+09
1.705594368908202887e+09
1.705594370377887964e+09
1.705594371846414089e+09
1.705594373323709965e+09
1.705594374790426970e+09
1.705594376263679981e+09
1.705594377742647886e+09
1.705594379220767021e+09
1.705594380706109047e+09
1.705594382184555054e+09
1.705594383659446001e+09
1.705594385134823084e+09
1.705594386604722977e+09
1.705594388073467970e+09
1.705594389537312031e+09
1.705594391009752989e+09
1.705594392491643906e+09
1.705594393967474937e+09
1.705594395436989069e+09
1.705594396910995007e+09
1.705594398392853022e+09
1.705594399856530905e+09
1.705594401257090092e+09
1.705594402600887060e+09
1.705594403943850040e+09
1.705594405287579060e+09
1.705594406750570059e+09
1.705594408219739914e+09
1.705594409694809914e+09
1.705594411186353922e+09
1.705594412649450064e+09
1.705594414123524904e+09
1.705594415593492031e+09
1.705594417064366102e+09
1.705594418526411057e+09
1.705594420004168987e+09
1.705594421474697113e+09
1.705594422959899902e+09
1.705594424425687075e+09
1.705594425894479036e+09
1.705594427372565031e+09
1.705594428792051077e+09
1.705594430132728100e+09
1.705594431474683046e+09
1.705594432818154097e+09
1.705594434241082907e+09
1.705594435726042986e+09
1.705594437200181007e+09
1.705594438669581890e+09
1.705594440143915892e+09
1.705594441624562979e+09
1.705594443093132973e+09
1.705594444562391996e+09
1.705594446032588959e+09
1.705594447510549068e+09
1.705594448989021063e+09
1.705594450458058119e+09
1.705594451928514004e+09
1.705594453394696951e+09
1.705594454869637012e+09
1.705594456349132061e+09
1.705594457824276924e+09
1.705594459294888020e+09
1.705594460774765968e+09
1.705594462256376028e+09
1.705594463734517097e+09
1.705594465211963892e+09
1.705594466686924934e+09
1.705594468167337894e+09
1.705594469638864994e+09
1.705594471115096092e+09
1.705594472479429960e+09
1.705594473821012020e+09
1.705594475163595915e+09
1.705594476535315037e+09
1.705594478016571999e+09
1.705594479498311043e+09
1.705594480969216108e+09
1.705594482446490049e+09
1.705594483926817894e+09
1.705594485393526077e+09
1.705594486857785940e+09
1.705594488334964037e+09
1.705594489813332081e+09
1.705594491293499947e+09
1.705594492772941113e+09
1.705594494247451067e+09
1.705594495714340925e+09
1.705594497180130005e+09
1.705594498651937962e+09
1.705594500122257948e+09
1.705594501589673042e+09
1.705594503054796934e+09
1.705594504523957968e+09
1.705594505994765997e+09
1.705594507470570087e+09
1.705594508949016094e+09
1.705594510387412071e+09
1.705594511732023001e+09
1.705594513077940941e+09
1.705594514421376944e+09
1.705594515842703104e+09
1.705594517323473930e+09
1.705594518780951023e+09
1.705594520262743950e+09
1.705594521723403931e+09
1.705594523200139999e+09
1.705594524668452978e+09
1.705594526134299040e+09
1.705594527611521006e+09
1.705594529089962959e+09
1.705594530574281931e+09
1.705594532048290014e+09
1.705594533520078897e+09
1.705594534989551067e+09
1.705594536472354889e+09
1.705594537948576927e+09
1.705594539419625044e+09
1.705594540886132002e+09
1.705594542360544920e+09
1.705594543827661991e+09
1.705594545297158957e+09
1.705594546778763056e+09
1.705594548252466917e+09
1.705594549734523058e+09
1.705594551215028048e+09
1.705594552688858986e+09
1.705594554156270027e+09
1.705594555642127991e+09
1.705594557112116098e+09
1.705594558590387106e+09
1.705594560062700987e+09
1.705594561524655104e+09
1.705594562986011028e+09
1.705594564467803955e+09
1.705594565946271896e+09
1.705594567419867039e+09
1.705594568907515049e+09
1.705594570390052080e+09
1.705594571858320951e+09
1.705594573334140062e+09
1.705594574802659988e+09
1.705594576280612946e+09
1.705594577638104916e+09
1.705594578985236883e+09
1.705594580332051992e+09
1.705594581739378929e+09
1.705594583215029001e+09
1.705594584693912983e+09
1.705594586169279099e+09
1.705594587641067982e+09
1.705594589125673056e+09
1.705594590594089031e+09
1.705594592075897932e+09
1.705594593550084114e+09
1.705594595024040937e+09
1.705594596513509035e+09
1.705594597993869066e+09
1.705594599481141090e+09
1.705594600955699921e+09
1.705594602438946962e+09
1.705594603925267935e+09
1.705594605392187119e+09
1.705594606873944044e+09
1.705594608345709085e+09
1.705594609829610109e+09
1.705594611317487955e+09
1.705594612797780991e+09
1.705594614270250082e+09
1.705594615742846012e+09
1.705594617220031977e+09
1.705594618692112923e+09
1.705594620169277906e+09
1.705594621634439945e+09
1.705594623097115040e+09
1.705594624555668116e+09
1.705594626037391901e+09
1.705594627512042999e+09
1.705594628984266996e+09
1.705594630461894989e+09
1.705594631940839052e+09
1.705594633413405895e+09
1.705594634895534039e+09
1.705594636367963076e+09
1.705594637848664045e+09
1.705594639310683966e+09
1.705594640778871059e+09
1.705594642254605055e+09
1.705594643722980976e+09
1.705594645205502987e+09
1.705594646689455032e+09
1.705594648161968946e+09
1.705594649628848076e+09
1.705594651109282017e+09
1.705594652574733019e+09
1.705594654048852921e+09
1.705594655530767918e+09
1.705594657002876043e+09
1.705594658486618042e+09
1.705594659969268084e+09
1.705594661440289021e+09
1.705594662877419949e+09
1.705594664220288038e+09
1.705594665565992117e+09
1.705594666911907911e+09
1.705594668336226940e+09
1.705594669814546108e+09
1.705594671283010960e+09
1.705594672762406111e+09
1.705594674252142906e+09
1.705594675721254110e+09
1.705594677189243078e+09
1.705594678656229973e+09
1.705594680128465891e+09
1.705594681605289936e+09
1.705594683076071024e+09
1.705594684549813986e+09
1.705594686012829065e+09
1.705594687486387014e+09
1.705594688952018023e+09
1.705594690423702002e+09
1.705594691894135952e+09
1.705594693361181974e+09
1.705594694835941076e+09
1.705594696311537981e+09
1.705594697791780949e+09
1.705594699176423073e+09
1.705594700521718979e+09
1.705594701866556883e+09
1.705594703219139099e+09
1.705594704698263884e+09
1.705594706164638996e+09
1.705594707635154963e+09
1.705594709113687038e+09
1.705594710586781979e+09
1.705594712054897070e+09
1.705594713530586004e+09
1.705594715012916088e+09
1.705594716488388062e+09
1.705594717957367897e+09
1.705594719430471897e+09
1.705594720889895916e+09
1.705594722380409002e+09
1.705594723860089064e+09
1.705594725326694965e+09
1.705594726802261114e+09
1.705594728267108917e+09
1.705594729733465910e+09
1.705594731206141949e+09
1.705594732682879925e+09
1.705594734149899006e+09
1.705594735623454094e+09
1.705594737089366913e+09
1.705594738556818962e+09
1.705594740030632973e+09
1.705594741491911888e+09
1.705594742970634937e+09
1.705594744436885118e+09
1.705594745899672031e+09
1.705594747365923882e+09
1.705594748836137056e+09
1.705594750304392099e+09
1.705594751773832083e+09
1.705594753240376949e+09
1.705594754714093924e+09
1.705594756184920073e+09
1.705594757666610956e+09
1.705594759135749102e+09
1.705594760615134001e+09
1.705594762096962929e+09
1.705594763566066980e+09
1.705594765044260025e+09
1.705594766523962021e+09
1.705594768019393921e+09
1.705594769507493973e+09
1.705594770981760979e+09
1.705594772364429951e+09
1.705594773710583925e+09
1.705594775054233074e+09
1.705594776418152094e+09
1.705594777888649940e+09
1.705594779367537975e+09
1.705594780798824072e+09
1.705594782144471884e+09
1.705594783489367008e+09
1.705594784834768057e+09
1.705594786259414911e+09
1.705594787736496925e+09
1.705594789207663059e+09
1.705594790686537027e+09
1.705594792160141945e+09
1.705594793632911921e+09
1.705594795110353947e+09
1.705594796589263916e+09
1.705594798073669910e+09
1.705594799547936916e+09
1.705594801021719933e+09
1.705594802489660978e+09
1.705594803956548929e+09
1.705594805443666935e+09
1.705594806925870895e+09
1.705594808409919024e+09
1.705594809897542000e+09
1.705594811370076895e+09
1.705594812720139980e+09
1.705594814064989090e+09
1.705594815409039974e+09
1.705594816787189960e+09
1.705594818286422014e+09
1.705594819757750034e+09
1.705594821235662937e+09
1.705594822710859060e+09
1.705594824182877064e+09
1.705594825665885925e+09
1.705594827133232117e+09
1.705594828608681917e+09
1.705594830084453106e+09
1.705594831559155941e+09
1.705594833033526897e+09
1.705594834505281925e+09
1.705594835972233057e+09
1.705594837438157082e+09
1.705594838916140079e+09
1.705594840396800995e+09
1.705594841869716883e+09
1.705594843331770897e+09
1.705594844813357115e+09
1.705594846290337086e+09
1.705594847760076046e+09
1.705594849231987953e+09
1.705594850695000887e+09
1.705594852173919916e+09
1.705594853656966925e+09
1.705594855129561901e+09
1.705594856607779980e+09
1.705594858082427025e+09
1.705594859546746016e+09
1.705594861014709949e+09
1.705594862485667944e+09
1.705594863960386038e+09
1.705594865429838896e+09
1.705594866897609949e+09
1.705594868378148079e+09
1.705594869865154028e+09
1.705594871332515955e+09
1.705594872801466942e+09
1.705594874263220072e+09
1.705594875733584881e+09
1.705594877197175026e+09
1.705594878668173075e+09
1.705594880128927946e+09
1.705594881601907015e+09
1.705594883070928097e+09
1.705594884550645113e+09
1.705594886012542963e+09
1.705594887479916096e+09
1.705594888946046114e+09
1.705594890414822102e+09
1.705594891900055885e+09
1.705594893363795996e+09
1.705594894838284016e+09
1.705594896301719904e+09
1.705594897778923035e+09
1.705594899249669075e+09
1.705594900721998930e+09
1.705594902197113037e+09
1.705594903671061993e+09
1.705594905139650106e+09
1.705594906616100073e+09
1.705594908100209951e+09
1.705594909583520889e+09
1.705594911065992117e+09
1.705594912545496941e+09
1.705594914030986071e+09
1.705594915505799055e+09
1.705594916967636108e+09
1.705594918440646887e+09
1.705594919910346031e+09
1.705594921377886057e+09
1.705594922846705914e+09
1.705594924327939034e+09
1.705594925790954113e+09
1.705594927264146090e+09
1.705594928739046097e+09
1.705594930212647915e+09
1.705594931686683893e+09
1.705594933152288914e+09
1.705594934623178005e+09
1.705594936088592052e+09
1.705594937561017990e+09
1.705594939024269104e+09
1.705594940499550104e+09
1.705594941982954979e+09
1.705594943457859039e+09
1.705594944944416046e+09
1.705594946413609982e+09
1.705594947902489901e+09
1.705594949358772993e+09
1.705594950727452040e+09
1.705594951930068016e+09
1.705595136522454023e+09
1.705595137873716116e+09
1.705595139223156929e+09
1.705595140580965042e+09
1.705595142064065933e+09
1.705595143542085886e+09
1.705595144863497019e+09
1.705595200901995897e+09
1.705595202327554941e+09
1.705595203813417912e+09
1.705595205299436092e+09
1.705595206600817919e+09
1.705595237793073893e+09
1.705595239237366915e+09
1.705595240553555012e+09
1.705595298024318933e+09
1.705595299498831034e+09
1.705595300994663000e+09
1.705595302473617077e+09
1.705595303435451031e+09
1.705595355281358004e+09
1.705595356673028946e+09
1.705595358160639048e+09
1.705595359620120049e+09
1.705595361093796015e+09
1.705595362573964119e+09
1.705595364061929941e+09
1.705595365542223930e+09
1.705595367014596939e+09
1.705595368504467010e+09
1.705595370000696898e+09
1.705595371500415087e+09
1.705595372991332054e+09
1.705595374498075962e+09
1.705595376001051903e+09
1.705595377503027916e+09
1.705595378980412960e+09
1.705595380453150988e+09
1.705595381819538116e+09
1.705595383165307045e+09
1.705595384514367104e+09
1.705595385898380041e+09
1.705595387388778925e+09
1.705595388879605055e+09
1.705595390369108915e+09
1.705595391693099022e+09
1.705595457219432116e+09
1.705595458567186117e+09
1.705595459969194889e+09
1.705595461273224115e+09
