1.710452913582369089e+09
1.710452915067780972e+09
1.710452916644453049e+09
1.710452918175724030e+09
1.710452919660785913e+09
1.710452921145617962e+09
1.710452922630587101e+09
1.710452924115212917e+09
1.710452925623410940e+09
1.710452927108169079e+09
1.710452928639192104e+09
1.710452930124087095e+09
1.710452931655045986e+09
1.710452933140362978e+09
1.710452934671536922e+09
1.710452936179672003e+09
1.710452937687587976e+09
1.710452939218621969e+09
1.710452940726481915e+09
1.710452942210664034e+09
1.710452943695421934e+09
1.710452945180145025e+09
1.710452946664829016e+09
1.710452948150403976e+09
1.710452949634519100e+09
1.710452951119195938e+09
1.710452952604098082e+09
1.710452954088787079e+09
1.710452955573606014e+09
1.710452957058278084e+09
1.710452958566528082e+09
1.710452960051331043e+09
1.710452961536781073e+09
1.710452963021958113e+09
1.710452964530473948e+09
1.710452966015528917e+09
1.710452967500273943e+09
1.710452969008358955e+09
1.710452970539246082e+09
1.710452972023953915e+09
1.710452973508728027e+09
1.710452975016587973e+09
1.710452976501343966e+09
1.710452977985970974e+09
1.710452979470423937e+09
1.710452980978208065e+09
1.710452982462553978e+09
1.710452983970612049e+09
1.710452985455465078e+09
1.710452986940468073e+09
1.710452988471968889e+09
1.710452989956868887e+09
1.710452991464915037e+09
1.710452992949450970e+09
1.710452994457415104e+09
1.710452995988632917e+09
1.710452997473337889e+09
1.710452998958112001e+09
1.710453000442770958e+09
1.710453001950650930e+09
1.710453003435204029e+09
1.710453004919774055e+09
1.710453006404588938e+09
1.710453007912436962e+09
1.710453009396821022e+09
1.710453010882045031e+09
1.710453012390593052e+09
1.710453013876131058e+09
1.710453015407948017e+09
1.710453016917176008e+09
1.710453018424941063e+09
1.710453019933408976e+09
1.710453021419838905e+09
1.710453022927314997e+09
1.710453024435784101e+09
1.710453025920733929e+09
1.710453027428684950e+09
1.710453028913655043e+09
1.710453030398185015e+09
1.710453031906900883e+09
1.710453033414659977e+09
1.710453034922437906e+09
1.710453036430586100e+09
1.710453037961693048e+09
1.710453039446435928e+09
1.710453040956762075e+09
1.710453042440772057e+09
1.710453043947144032e+09
1.710453045432051897e+09
1.710453046940176964e+09
1.710453048471642971e+09
1.710453049956629038e+09
1.710453051441601038e+09
1.710453052950795889e+09
1.710453054457838058e+09
1.710453055942765951e+09
1.710453057450917006e+09
1.710453058935683966e+09
1.710453060466779947e+09
1.710453061951554060e+09
1.710453063437956095e+09
1.710453064968504906e+09
1.710453066452590942e+09
1.710453067960779905e+09
1.710453069515461922e+09
1.710453071046766043e+09
1.710453072531835079e+09
1.710453074017937899e+09
1.710453075524980068e+09
1.710453077009991884e+09
1.710453078495109081e+09
1.710453079980278015e+09
1.710453081465482950e+09
1.710453082950458050e+09
1.710453084459867954e+09
1.710453086013376951e+09
1.710453087521569967e+09
1.710453089006932974e+09
1.710453090492041111e+09
1.710453091977205992e+09
1.710453093462619066e+09
1.710453094970829964e+09
1.710453096480638027e+09
1.710453097964190006e+09
1.710453099449314117e+09
1.710453100957844019e+09
1.710453102442266941e+09
1.710453103927129030e+09
1.710453105435072899e+09
1.710453106919915915e+09
1.710453108404562950e+09
1.710453109889425039e+09
1.710453111374455929e+09
1.710453112859535933e+09
1.710453114344722986e+09
1.710453115829612017e+09
1.710453117337907076e+09
1.710453118822911978e+09
1.710453120308041096e+09
1.710453121792857885e+09
1.710453123301059961e+09
1.710453124786019087e+09
1.710453126271034956e+09
1.710453127779241085e+09
1.710453129264359951e+09
1.710453130772589922e+09
1.710453132257610083e+09
1.710453133742480993e+09
1.710453135227565050e+09
1.710453136712451935e+09
1.710453138220634937e+09
1.710453139728811979e+09
1.710453141214040995e+09
1.710453142699043036e+09
1.710453144207129955e+09
1.710453145715286016e+09
1.710453147200381041e+09
1.710453148685288906e+09
1.710453150193541050e+09
1.710453151678172112e+09
1.710453153163136005e+09
1.710453154647933006e+09
1.710453156132723093e+09
1.710453157617223024e+09
1.710453159125179052e+09
1.710453160609819889e+09
1.710453162094732046e+09
1.710453163602791071e+09
1.710453165087553978e+09
1.710453166595768929e+09
1.710453168080569029e+09
1.710453169588988066e+09
1.710453171073127031e+09
1.710453172557751894e+09
1.710453174042233944e+09
1.710453175550081968e+09
1.710453177034851074e+09
1.710453178542830944e+09
1.710453180027570963e+09
1.710453181512124062e+09
1.710453182996829987e+09
1.710453184481283903e+09
1.710453185965837955e+09
1.710453187450582027e+09
1.710453188935427904e+09
1.710453190420408964e+09
1.710453191905529022e+09
1.710453193482866049e+09
1.710453194967813015e+09
1.710453196452903986e+09
1.710453197937633991e+09
1.710453199422466993e+09
1.710453200907524109e+09
1.710453202392719984e+09
1.710453203877762079e+09
1.710453205385482073e+09
1.710453206870309114e+09
1.710453208378292084e+09
1.710453209863094091e+09
1.710453211347737074e+09
1.710453212832645893e+09
1.710453214319413900e+09
1.710453215825781107e+09
1.710453217310658932e+09
1.710453218796113014e+09
1.710453220280414104e+09
1.710453221765388012e+09
1.710453223250322104e+09
1.710453224735654116e+09
1.710453226220781088e+09
1.710453227706016064e+09
1.710453229191201925e+09
1.710453230676265955e+09
1.710453232161389112e+09
1.710453233646346092e+09
1.710453235133260012e+09
1.710453236616341114e+09
1.710453238101205111e+09
1.710453239609497070e+09
1.710453241117690086e+09
1.710453242602570057e+09
1.710453244110730886e+09
1.710453245642143965e+09
1.710453247150630951e+09
1.710453248659136057e+09
1.710453250144201994e+09
1.710453251652503967e+09
1.710453253137476921e+09
1.710453254622421980e+09
1.710453256107294083e+09
1.710453257591898918e+09
1.710453259076828957e+09
1.710453260584940910e+09
1.710453262069631100e+09
1.710453263554075003e+09
1.710453265061952114e+09
1.710453266570085049e+09
1.710453268054722071e+09
1.710453269539288044e+09
1.710453271024116039e+09
1.710453272508613110e+09
1.710453274016720057e+09
1.710453275501605034e+09
1.710453277009988070e+09
1.710453278495038986e+09
1.710453279980061054e+09
1.710453281465092897e+09
1.710453283005951881e+09
1.710453284527966976e+09
1.710453286036156893e+09
1.710453287521114111e+09
1.710453289006346941e+09
1.710453290491152048e+09
1.710453291976358891e+09
1.710453293462081909e+09
1.710453294969408989e+09
1.710453296454476118e+09
1.710453297939414978e+09
1.710453299424575090e+09
1.710453300909198999e+09
1.710453302393939972e+09
1.710453303902945995e+09
1.710453305410092115e+09
1.710453306894988060e+09
1.710453308403134108e+09
1.710453309911547899e+09
1.710453311396569967e+09
1.710453312881563902e+09
1.710453314367616892e+09
1.710453315875272989e+09
1.710453317360399961e+09
1.710453318868628979e+09
1.710453320353666067e+09
1.710453321840573072e+09
1.710453323348543882e+09
1.710453324856905937e+09
1.710453326364181995e+09
1.710453327848592043e+09
1.710453329356617928e+09
1.710453330841502905e+09
1.710453332326425076e+09
1.710453333811305046e+09
1.710453335320652962e+09
1.710453336897419930e+09
1.710453338382019043e+09
1.710453339866931915e+09
1.710453341374866009e+09
1.710453342884185076e+09
1.710453344391623974e+09
1.710453345877089024e+09
1.710453347453484058e+09
1.710453348961381912e+09
1.710453350469379902e+09
1.710453351977092028e+09
1.710453353461644888e+09
1.710453354970436096e+09
1.710453356455106974e+09
1.710453357962480068e+09
1.710453359447010040e+09
1.710453360931619883e+09
1.710453362416516066e+09
1.710453363901026964e+09
1.710453365385956049e+09
1.710453366871867895e+09
1.710453368402049065e+09
1.710453369910178900e+09
1.710453371395215988e+09
1.710453372880285978e+09
1.710453374388362885e+09
1.710453375873286963e+09
1.710453377358467102e+09
1.710453378865706921e+09
1.710453380350378036e+09
1.710453381858488083e+09
1.710453383343503952e+09
1.710453384851481915e+09
1.710453386336278915e+09
1.710453387823250055e+09
1.710453389329008102e+09
1.710453390813802004e+09
1.710453392298495054e+09
1.710453393783093929e+09
1.710453395290586948e+09
1.710453396775296926e+09
1.710453398284446955e+09
1.710453399837426901e+09
1.710453401322696924e+09
1.710453402806646109e+09
1.710453404291039944e+09
1.710453405775754929e+09
1.710453407260690928e+09
1.710453408746176958e+09
1.710453410276738882e+09
1.710453411761209011e+09
1.710453413245973110e+09
1.710453414730775118e+09
1.710453416215456009e+09
1.710453417700263977e+09
1.710453419209150076e+09
1.710453420715826035e+09
1.710453422200788021e+09
1.710453423685471058e+09
1.710453425193569899e+09
1.710453426678556919e+09
1.710453428186415911e+09
1.710453429671777964e+09
1.710453431225534916e+09
1.710453432710649967e+09
1.710453434218588114e+09
1.710453435703263044e+09
1.710453437211155891e+09
1.710453438696151972e+09
1.710453440205388069e+09
1.710453441735146999e+09
1.710453443219914913e+09
1.710453444727721930e+09
1.710453446258712053e+09
1.710453447766654968e+09
1.710453449253045082e+09
1.710453450736464977e+09
1.710453452221084118e+09
1.710453453729065895e+09
1.710453455238545895e+09
1.710453456767388105e+09
1.710453458275403023e+09
1.710453459783328056e+09
1.710453461272530079e+09
1.710453462775821924e+09
1.710453464283689976e+09
1.710453465768763065e+09
1.710453467254170895e+09
1.710453468737705946e+09
1.710453470245646954e+09
1.710453471731136084e+09
1.710453473261603117e+09
1.710453474746220112e+09
1.710453476230931997e+09
1.710453477715534925e+09
1.710453479201702118e+09
1.710453480685013056e+09
1.710453482170208931e+09
1.710453483677195072e+09
1.710453485186110973e+09
1.710453486669456959e+09
1.710453488154427052e+09
1.710453489661775112e+09
1.710453491148123980e+09
1.710453492632469893e+09
1.710453494139548063e+09
1.710453495624773979e+09
1.710453497108952999e+09
1.710453498593729019e+09
1.710453500078304052e+09
1.710453501562879086e+09
1.710453503048434973e+09
1.710453504555478096e+09
1.710453506039853096e+09
1.710453507524635077e+09
1.710453509009321928e+09
1.710453510517330885e+09
1.710453512025336027e+09
1.710453513352751970e+09
