7.671640343016001423e-03
7.525154907716532192e-03
6.797741840109185717e-03
7.617484629705509845e-03
9.945343848351649932e-03
7.564414789570541101e-03
8.215498070240839085e-03
7.120935743112642713e-03
7.468848941585343702e-03
7.838061284219046201e-03
8.095375411388175402e-03
8.573246957244743185e-03
7.373194225810889534e-03
6.943192902591666278e-03
6.738303231256636411e-03
7.102314172009033949e-03
8.223787306051158139e-03
7.063895369349985215e-03
6.858175010792420118e-03
7.247893769448479802e-03
8.728006116402769327e-03
6.666131287203759526e-03
7.322738833848134281e-03
7.717564299755098889e-03
6.482509194802745130e-03
9.036558475061025331e-03
7.977886636106561527e-03
6.529464777840390637e-03
8.211380048417295241e-03
7.540453380880924802e-03
7.095862525253059452e-03
8.616467315835372662e-03
7.671789785736760417e-03
7.209580533578899102e-03
9.432415171290807476e-03
9.731205793352258604e-03
6.660451868074932641e-03
8.237998550669201059e-03
7.062203790120537977e-03
6.896770350707784845e-03
9.132761845159740460e-03
8.182429859376737918e-03
7.106671939736596000e-03
8.020439301856838871e-03
9.469046467682665225e-03
7.258933401709975579e-03
1.065056223990337378e-02
7.984251426474691868e-03
7.674723360038601845e-03
8.343071826638109173e-03
8.453240339101563555e-03
6.585044178863453529e-03
8.104569838880170893e-03
7.893861793328215901e-03
6.249941921235655645e-03
9.422698161966572283e-03
7.582606299277505971e-03
7.457526310671354006e-03
9.666101461836733647e-03
8.135579614037199980e-03
8.281961789995189935e-03
7.868384480220667887e-03
7.077823920107754324e-03
6.905488486375514941e-03
1.001501689478814100e-02
8.459520414878764910e-03
7.577276768341419111e-03
8.859841256988803745e-03
1.045195022027137037e-02
8.903271273678155587e-03
9.297730595645717355e-03
9.001256827056554333e-03
7.774601598580000578e-03
8.506919184108294521e-03
8.660720285395391571e-03
8.325401759183425829e-03
9.031180027104049671e-03
7.863963052839236315e-03
9.248072655759709965e-03
8.756963873744520732e-03
7.675513568350792772e-03
8.273864363914326323e-03
1.143739239932330468e-02
8.318097851847132754e-03
7.258530632979904619e-03
8.092574198400001237e-03
7.421558561285488548e-03
7.301384949446614384e-03
5.905839768398137186e-03
1.083489926217075586e-02
7.644942768160977592e-03
7.347249428530954786e-03
9.615626271007180620e-03
7.515145069256724472e-03
7.609580926638072167e-03
8.240897806900345651e-03
8.946964828667084563e-03
7.778705643920673200e-03
8.986739902194302437e-03
8.324017771255768847e-03
8.365909912783688410e-03
7.344701491517475513e-03
8.776063883822057821e-03
8.502485215277140462e-03
8.947206556663103716e-03
7.500773989793744004e-03
7.839793497773821576e-03
7.557481393663858030e-03
7.435839428803934711e-03
8.606733181985098957e-03
7.538887040029446096e-03
7.916484278602892166e-03
7.898193312859841733e-03
8.306119713337214647e-03
7.878297684876111803e-03
8.868453835742105829e-03
9.042480396827454886e-03
8.863052299223390593e-03
7.766526409498109192e-03
7.732249889365568236e-03
7.262030215734109444e-03
8.891655557023526307e-03
7.423186624459904813e-03
9.215900766526131591e-03
7.846390041768149665e-03
7.856886064600061836e-03
7.784380927922628091e-03
8.407841220129450358e-03
9.064459375879399192e-03
7.481953273111558063e-03
1.392965204466453666e-02
9.355382531138224309e-03
8.255197473768875402e-03
7.520874822941963148e-03
7.799086535428824754e-03
7.039527074100443947e-03
7.041867392755906188e-03
8.766428701909132967e-03
7.668503116440034822e-03
7.771676630392944374e-03
8.189005790473777649e-03
7.185790099752654113e-03
7.935125168761322095e-03
8.930876249272284156e-03
7.124207894282520021e-03
7.114375868441771660e-03
9.257622670765028663e-03
7.324554353691670183e-03
8.352175841771508277e-03
8.824318810137862443e-03
7.950764104725635203e-03
7.489604125404645402e-03
7.429173352808350964e-03
7.479097476972952109e-03
7.547672775982709574e-03
8.111141651669366570e-03
7.649941371093722971e-03
6.729256741801369762e-03
8.577559840109168221e-03
7.679304399789049600e-03
7.085778714793232458e-03
7.919036861319115814e-03
6.983164411374341747e-03
6.959938259730775664e-03
9.202540125513849686e-03
6.842580757541617993e-03
8.021829210350654715e-03
8.301816862977352829e-03
7.390513816162201655e-03
7.593813562418370161e-03
1.075467106301539015e-02
7.576959382408805441e-03
6.481450625244376818e-03
1.072413991986411082e-02
7.071250429858051342e-03
8.049020243528421867e-03
8.524545139227708915e-03
7.240235552564961048e-03
8.001649837733187942e-03
9.918573288109312422e-03
7.036646339621381932e-03
9.076981932928902125e-03
8.382860648989392399e-03
8.191355482369561819e-03
6.712046913283922604e-03
9.254252060017507595e-03
7.422237754812251696e-03
7.155349536704092711e-03
7.585784949047473351e-03
9.666770779561097843e-03
7.024578250373147634e-03
6.950810322383984934e-03
8.987787180903011874e-03
7.874678848077151447e-03
7.891549390647231016e-03
9.346728378159911699e-03
7.350814689960185992e-03
8.329144298070939589e-03
7.937632046501620284e-03
8.719012479562342904e-03
7.724602053143523987e-03
8.626015395995877480e-03
9.313009999834118841e-03
7.006832369574857861e-03
1.015611688616773790e-02
8.054200371493694388e-03
8.062887166001264302e-03
7.581545802032523158e-03
9.725918995447920337e-03
8.129518979722413080e-03
8.469939216650838876e-03
9.282269337901338097e-03
8.308362920061174509e-03
7.460955371219108422e-03
7.850533543562573241e-03
7.882849845650847023e-03
7.762704423185635451e-03
7.872175114232956780e-03
7.309273948739025521e-03
7.802986545604438835e-03
7.632523856407661365e-03
7.543807530511825905e-03
7.863928720144077247e-03
7.296471772498980268e-03
8.160557526352672092e-03
7.360488397507003108e-03
7.776521580960579771e-03
7.437068865652009080e-03
7.537008749365727012e-03
7.835451800947017265e-03
7.425895332266396753e-03
7.326247789285643928e-03
8.509832976787968378e-03
7.529978799410959843e-03
6.928036846381381911e-03
6.985204249471364639e-03
8.071578385616465234e-03
7.778146624023271095e-03
8.091711625267700159e-03
7.958195923772611730e-03
7.534821107842625161e-03
7.534171973502457563e-03
7.917875711503161509e-03
7.677799366063053910e-03
6.875849856214599938e-03
8.418891565325464788e-03
7.529234520835628199e-03
6.936042487114510956e-03
8.416301901147442421e-03
7.733802287712161078e-03
6.140048751752445397e-03
9.515331376820168954e-03
7.918403557080689811e-03
7.065519277961176785e-03
9.032619338677367812e-03
7.140522309703902122e-03
7.266932637912839124e-03
1.077263771179302367e-02
8.687251060417264942e-03
7.149565148216942279e-03
6.689530189417549309e-03
9.269223793275369050e-03
8.965855012772866103e-03
7.176772637902087588e-03
9.408609268339642243e-03
9.663685524289009759e-03
7.353610430830227404e-03
1.027600364294167790e-02
8.115530845100566923e-03
7.154528697565810946e-03
1.031872577481609578e-02
8.652399230452566606e-03
8.194030774675993209e-03
8.763204408374969390e-03
8.542729160911647496e-03
8.034061115149924645e-03
9.341152897163317731e-03
8.757427366783835862e-03
7.620274541735450567e-03
9.187380028181818190e-03
9.805140416648755811e-03
8.347165888637231648e-03
9.563928056288193910e-03
8.557879643399575811e-03
7.409827152534567349e-03
8.159210328065836723e-03
9.206677516910746761e-03
9.460968780325689637e-03
8.817074407890054463e-03
9.270485217359569763e-03
8.850908391510118808e-03
8.997922323014096585e-03
9.166675936100012606e-03
8.996164115161546168e-03
8.976517688130489919e-03
8.490699973674572382e-03
8.553100799689633202e-03
9.232487713825364428e-03
1.006065104330788711e-02
8.098326266617758562e-03
7.978612059968609449e-03
8.186532900349575981e-03
9.617493034892643858e-03
7.843707247557072174e-03
8.602965731142915920e-03
7.752156081274603865e-03
9.289623883865798584e-03
7.856998494799923710e-03
7.690815916823717791e-03
8.775414653041112983e-03
7.795077693434225921e-03
8.465397826531360220e-03
8.888447330924512460e-03
1.053891256095798069e-02
9.534003161932969733e-03
8.900945104697384827e-03
8.113154466594057687e-03
9.108657041433676840e-03
8.663573357516598725e-03
8.428535238850768177e-03
8.483255774764171531e-03
8.059222577430451978e-03
7.333864125653253262e-03
9.557734628599417331e-03
7.769521121584041165e-03
7.770476539990122181e-03
8.765281072877308122e-03
8.850915023458274383e-03
7.411259877168886040e-03
9.238700996151661890e-03
7.685394514169933966e-03
7.365653028243325864e-03
9.613312334897230332e-03
8.565289744748939837e-03
8.074949048689586753e-03
9.235797973430210153e-03
8.478578956900878483e-03
7.758873782357103913e-03
1.044716558072093446e-02
8.579942637423386767e-03
8.315933516933755529e-03
1.220062357773337228e-02
9.285576452071904463e-03
7.939525169299693416e-03
1.074434057697839888e-02
8.455895837162248976e-03
8.303907173582918133e-03
9.692354661072925814e-03
7.400211962757456512e-03
7.328020933503854271e-03
7.716826710751229987e-03
8.520544931920781551e-03
7.844225268181632960e-03
7.602225601268171318e-03
8.880909443050385640e-03
8.532592622251911757e-03
7.966516113502913540e-03
8.177806230301853246e-03
7.921573088457986925e-03
7.643858813376890916e-03
7.645966134517180948e-03
8.532827428179795212e-03
7.299618073267785841e-03
7.492207918842508883e-03
7.669048229835340354e-03
7.278195466559519641e-03
7.704916892198165196e-03
8.608213575336143286e-03
8.586680641401174541e-03
6.676548981056937108e-03
7.070608953786572219e-03
7.033632163716269439e-03
7.711692817349163204e-03
7.095131922342256571e-03
7.996610274480248776e-03
7.411288419597745689e-03
8.263710218549501912e-03
7.263504802998426053e-03
6.738886243298299397e-03
7.692601208827839002e-03
6.784911592758981029e-03
6.702401776539461398e-03
6.696573635106724959e-03
7.246420256067948908e-03
6.721562279615534222e-03
8.240130919213316599e-03
7.125894780189317469e-03
7.334188672279768478e-03
7.930484628441323083e-03
7.844432879320538399e-03
8.226878566236167298e-03
7.726079741898615738e-03
7.453404240890818856e-03
8.183908405746266601e-03
6.828886829708518194e-03
6.387295189426953589e-03
8.656504558604959793e-03
8.469484962269492601e-03
7.351454376781365978e-03
8.093974503022313347e-03
7.292806902867254686e-03
7.616503551110733600e-03
7.958115819082903913e-03
7.935305005958648641e-03
7.565851295326355558e-03
9.412630824050832734e-03
7.783632135035401661e-03
8.193568415405029851e-03
8.007209618328011563e-03
8.772341547650696833e-03
7.900177233269552526e-03
9.702678519672732968e-03
7.837867911674248345e-03
8.738911587206795589e-03
9.035004283237613176e-03
8.491212659922515657e-03
7.666695858577648494e-03
9.654949684715733241e-03
8.018648528076374044e-03
6.326631506686822802e-03
1.105604679461903717e-02
7.568027566935812273e-03
7.155651524800069573e-03
9.263573732085526521e-03
7.150864520627960713e-03
7.822230029942556576e-03
