7.547047917390590881e-03
7.889527662982143488e-03
6.649869779302178437e-03
7.353293215059525205e-03
6.863884758659296627e-03
6.541112614161296440e-03
7.252040859267830895e-03
7.667866320606467334e-03
6.531566412901156776e-03
6.482184449022183360e-03
7.176048629663491461e-03
7.862025091471425836e-03
7.352432031526515664e-03
7.451057822964315264e-03
7.940611622032378927e-03
6.111369918961143469e-03
7.646273044788809252e-03
6.964276154188380960e-03
6.730284961107970559e-03
7.108830346126204965e-03
7.980720377201077839e-03
7.778539624065374143e-03
7.520712599396668294e-03
8.562948929741740975e-03
7.155062334669656798e-03
7.691765596646952044e-03
7.456178222543015204e-03
6.270939582041104229e-03
7.913317535094013810e-03
8.470194212384781970e-03
7.270441830737411036e-03
7.583822716135398857e-03
7.944791147883453405e-03
6.527407349586284227e-03
7.464801478652824916e-03
8.816157726412910539e-03
7.786794068595333067e-03
7.806516367648932454e-03
9.919183430183838024e-03
7.052217493318188764e-03
7.670749272887895584e-03
9.541989035580004941e-03
7.361775700959439020e-03
7.608599051067943889e-03
8.494236789771852578e-03
7.263936565653167886e-03
6.915291321595088726e-03
8.952240211459919217e-03
7.628638952316944138e-03
7.651748432232216048e-03
9.026360793653001591e-03
7.230743301642663518e-03
7.130766905865895504e-03
8.969591462802909559e-03
6.366240273454288300e-03
7.663510861417728061e-03
7.903141688099472179e-03
6.321954253571734211e-03
6.909210932646596068e-03
8.172662902127982368e-03
7.476597714461869632e-03
7.528691862617526570e-03
7.301783746240423680e-03
6.121348588649146334e-03
7.597840058904125303e-03
7.291296983399268329e-03
7.304021324089013389e-03
7.187921628383425916e-03
7.285633529883885594e-03
7.217732662250970349e-03
7.879912749529064883e-03
8.284229050798888258e-03
6.469861413794927504e-03
7.528459165504948654e-03
7.344900968697652167e-03
6.803832297265976700e-03
7.345165095585960875e-03
6.867693101281036744e-03
6.390574983941957853e-03
7.735778541672690654e-03
7.123987863453826695e-03
7.041183708024838749e-03
8.161797555581912222e-03
8.854619643309040791e-03
6.418602542802968186e-03
8.380691719680557344e-03
7.491543966619806580e-03
7.232455376686426456e-03
7.063714521997016375e-03
7.123043380075175235e-03
7.812852246798011185e-03
6.786416519091435610e-03
7.048308578911631830e-03
8.273868958955397923e-03
7.190518473705681361e-03
7.401557381431027836e-03
7.687241635540419810e-03
6.458499422258421295e-03
6.775820287447972649e-03
6.439842033372437068e-03
7.628512064499459212e-03
7.665761212805063604e-03
7.820204033696678131e-03
7.649105967128358961e-03
7.047204598997785022e-03
7.305316938003378162e-03
7.295430032083529727e-03
7.882018364612951994e-03
8.080479700462907949e-03
7.362241629385494514e-03
6.675466583153706439e-03
7.325065269317528743e-03
6.996032769725433684e-03
7.933534712523119398e-03
6.836500052291423490e-03
7.621129108000817415e-03
6.631564238958880843e-03
8.614432513547376491e-03
7.826190744319951390e-03
7.158448295348064996e-03
7.095244257637385935e-03
7.937394913654803250e-03
7.441098876162163811e-03
7.542278792541785154e-03
7.311530100218248743e-03
7.492547907204329463e-03
7.398765341795595155e-03
8.264653167063359951e-03
8.666169225631230322e-03
7.262539954094994997e-03
6.699081820301726678e-03
8.236965886084517130e-03
6.829207692217051373e-03
7.175149108514148645e-03
7.889393959417395977e-03
7.568346365434171739e-03
7.658211341707264752e-03
8.793453693036591343e-03
6.939070035567126808e-03
7.911823148475861933e-03
8.896418907940097792e-03
9.594297854892954933e-03
7.941514648869395926e-03
7.356034626141969013e-03
8.604462960303141048e-03
8.042068277234288784e-03
7.581135680725474384e-03
8.249294400765379981e-03
7.480204774483496279e-03
8.547374608244426991e-03
1.092763327606305172e-02
7.924326874763517464e-03
7.621701742423332704e-03
8.579599019993699657e-03
7.032930237697831641e-03
7.675471680948769276e-03
1.023388773937414058e-02
6.843960072285410791e-03
7.828044713666850590e-03
7.531655472777067442e-03
7.062717832280218308e-03
7.299360380585684024e-03
8.607076035857232077e-03
7.589908394074593515e-03
7.568521798936698845e-03
7.777893585322414802e-03
6.984194042580931829e-03
7.071658272980386323e-03
7.943112644732469238e-03
7.621980557600023867e-03
8.385326924115629743e-03
8.291416313011777325e-03
6.792185890940258264e-03
7.951148537829237639e-03
8.561766054322560507e-03
7.179653560978969257e-03
7.496086860654223132e-03
9.160053681980591389e-03
7.672334326042564746e-03
8.517219917851939770e-03
7.458247234572737416e-03
6.864293227010505490e-03
7.773075861159918498e-03
7.886620786325291774e-03
7.094782294602970489e-03
7.154513941865990947e-03
7.361145998295673051e-03
8.247353106547894441e-03
7.132604078868088997e-03
8.138007807810848648e-03
8.075046198680350604e-03
6.825947730549890291e-03
7.607762404799805339e-03
7.394998293810591157e-03
7.202835293102491376e-03
7.774539582566696722e-03
7.125157257261751850e-03
7.053326552605120904e-03
7.331651493624250643e-03
7.478212079319625227e-03
7.043004303623482537e-03
7.161152086788359974e-03
7.335640415114418576e-03
6.470307919130694960e-03
7.390767331359228594e-03
6.768874995634773656e-03
6.804654575598790243e-03
7.084427253443981859e-03
7.688795772367953453e-03
6.868320010192492490e-03
6.741153039413496501e-03
7.331712460491929088e-03
6.799952384766270660e-03
7.013480535146819975e-03
7.005062300779660127e-03
6.988771251519327460e-03
6.441201193734144743e-03
7.088428366792497333e-03
7.133840601627219197e-03
6.417774526494613753e-03
7.242493276130214201e-03
6.502141200750224947e-03
6.874673937455630900e-03
7.232928963377469392e-03
6.776779021237027030e-03
6.809822220094979665e-03
6.729019722519662301e-03
6.702033875153911614e-03
7.076030604369523691e-03
6.856373062541094507e-03
7.214075919924987229e-03
6.721574387184662061e-03
7.008215674785265789e-03
7.743921568986725755e-03
6.921565726571968571e-03
6.945589559322395100e-03
7.117442059799144669e-03
6.601851653794688253e-03
7.077531497291036228e-03
6.790398213917640986e-03
7.683152887319142157e-03
6.586977658846427004e-03
7.075667275853033018e-03
7.338244204642083504e-03
7.100859159118776479e-03
6.657032033478104197e-03
7.254231127114402211e-03
5.957530968198621914e-03
6.617752938735053415e-03
7.496228643006502823e-03
6.486328004637284886e-03
6.998670530014486531e-03
8.034550088941209978e-03
6.318749540446077888e-03
6.423271633499617710e-03
7.264875728476517455e-03
6.149522055692161100e-03
6.393200371030737308e-03
6.829966894318648465e-03
5.810202206733133638e-03
6.356827634628433796e-03
6.570387946254980203e-03
7.243158326222097487e-03
6.307067032498985676e-03
6.608688810682383785e-03
6.763335468616155956e-03
6.265624242993888919e-03
6.417353583386929683e-03
6.725205125586640638e-03
5.792686394773131735e-03
6.463824710251164264e-03
7.647704052131793634e-03
5.738709206206250683e-03
6.605186191010276042e-03
6.095609211360261855e-03
6.380627289606282358e-03
6.349892728412367092e-03
7.171483529782932131e-03
5.597316590698170682e-03
5.774582232892958716e-03
6.059263916060240313e-03
5.769526181420879703e-03
6.052395346989532070e-03
6.710128978060082676e-03
5.673559741992660783e-03
6.978736968741546323e-03
5.843162225982224955e-03
6.076474304030972384e-03
6.336163997781023294e-03
6.656869177119727893e-03
6.240103357913599248e-03
6.390203193099674821e-03
5.753906800893115320e-03
6.407432146050905976e-03
5.940682492758165949e-03
6.564091430172230499e-03
6.645374134892827710e-03
5.835398814296132580e-03
5.697506578506060515e-03
6.372810470765829551e-03
6.153504612393976420e-03
5.700830191286703971e-03
6.028443953396244413e-03
6.102131623511995728e-03
6.817858923114782956e-03
6.296065250597561794e-03
6.220895727268143868e-03
6.363953514025721611e-03
6.272622256231072217e-03
6.061082428418747281e-03
5.980190593739310133e-03
5.991061913413449694e-03
5.626405670136363189e-03
6.271869303944242399e-03
6.317418551493626799e-03
6.473762450564802574e-03
6.032728993633363311e-03
6.819804911074841929e-03
6.088760506021995492e-03
5.989819585493519512e-03
6.077813787525225206e-03
6.527261470700647210e-03
6.018330658170495222e-03
7.029263903675350700e-03
8.114605448340719146e-03
6.562661077930708776e-03
6.183595297787279274e-03
6.058987195686677853e-03
5.620426079996499423e-03
6.831817613282484269e-03
6.263693607965270006e-03
6.338708259226139875e-03
6.690423245418618617e-03
7.304139312120722788e-03
6.078848647755739215e-03
6.888172880151116617e-03
6.886455563023271761e-03
5.912673787338334520e-03
6.609048323391138700e-03
7.558517182837047425e-03
7.266515117824174329e-03
6.295423096395966374e-03
8.266207609911939772e-03
6.770066886392705693e-03
7.339174544869667138e-03
8.130018757906316840e-03
7.548881335937436196e-03
9.809836577365192711e-03
1.011061799577470111e-02
9.387391797194263865e-03
9.598566695933346757e-03
9.176047136856053943e-03
8.793523606930048891e-03
7.600422967732881584e-03
8.765160359090001796e-03
9.917990070554359022e-03
8.176682642756069944e-03
8.762417657835355408e-03
9.319054314534669370e-03
7.540227783161521785e-03
9.658237494170178808e-03
9.253675245705606303e-03
9.016869231605877111e-03
1.045825517389974493e-02
1.104677267641149090e-02
8.890378904203770014e-03
9.886483838417475800e-03
9.445627262180313760e-03
9.814639209548205179e-03
9.152180753455193413e-03
9.276048069002571297e-03
1.043971577024764563e-02
1.104751427025422311e-02
1.013882316844519002e-02
1.017791767624472848e-02
1.170289813884204007e-02
8.952096243267863851e-03
1.075272157365003006e-02
1.168248530190774126e-02
9.940408478940948936e-03
9.742297917484312939e-03
1.095463930161074545e-02
1.793739383566459941e-02
1.054227656196203740e-02
1.148021957503092723e-02
9.408166426452955339e-03
8.830064503098731393e-03
1.067916270124768391e-02
1.350776907249842153e-02
8.385581538387637882e-03
1.076146485072835765e-02
1.036919177032316793e-02
8.636791973218453308e-03
9.045127294708157212e-03
1.035249679251447515e-02
8.372802864121188168e-03
9.187270357642789501e-03
1.067723214940304900e-02
9.757357322030162441e-03
8.373016594492745449e-03
1.097005250438904365e-02
8.825901790645879208e-03
8.856772791152040317e-03
9.441350232619180258e-03
7.812603234661966503e-03
8.781879116272577751e-03
9.828142892189797517e-03
7.969385986119738655e-03
8.167971549433411527e-03
9.936278401799329696e-03
8.628926250749058974e-03
8.469265914799897418e-03
9.062646631954085139e-03
8.633039690592586926e-03
9.126708161238976033e-03
9.605008808154963038e-03
7.821362027409545226e-03
8.311144037144699986e-03
9.961526515172852356e-03
8.404756249562377046e-03
9.137730800186264629e-03
9.958628256376177851e-03
8.947985696716773130e-03
7.998739086208035004e-03
6.541138900554030813e-03
8.865687570342834292e-03
