1.710343162763302088e+09
1.710343163265212059e+09
1.710343163751846075e+09
1.710343164244137049e+09
1.710343164772615910e+09
1.710343165327507973e+09
1.710343165808509111e+09
1.710343166270296097e+09
1.710343166719255924e+09
1.710343167245595932e+09
1.710343167787516117e+09
1.710343168344964981e+09
1.710343168816358089e+09
1.710343169199650049e+09
1.710343181215224981e+09
1.710343181681010962e+09
1.710343182143690109e+09
1.710343182568495035e+09
1.710343183022257090e+09
1.710343183485141039e+09
1.710343183917903900e+09
1.710343184344125986e+09
1.710343184777491093e+09
1.710343185225903034e+09
1.710343185653058052e+09
1.710343186082304955e+09
1.710343186512701035e+09
1.710343186572293043e+09
1.710343193355137110e+09
1.710343193819650888e+09
1.710343194268420935e+09
1.710343194697381973e+09
1.710343195133584023e+09
1.710343195555705070e+09
1.710343195997823954e+09
1.710343196279895067e+09
1.710343257510171890e+09
1.710343258275271893e+09
1.710343259016680002e+09
1.710343259826031923e+09
1.710343260593463898e+09
1.710343261336040020e+09
1.710343262100281000e+09
1.710343262842852116e+09
1.710343263584965944e+09
1.710343264071444988e+09
1.710343275317627907e+09
1.710343276058957100e+09
1.710343276893588066e+09
1.710343277681866884e+09
1.710343278423789978e+09
1.710343279169384956e+09
1.710343279931657076e+09
1.710343280696538925e+09
1.710343280998876095e+09
1.710343328953191042e+09
1.710343329712038994e+09
1.710343330476922989e+09
1.710343331242537975e+09
1.710343331543993950e+09
1.710343392829428911e+09
1.710343393683815002e+09
1.710343394541624069e+09
1.710343395333231926e+09
1.710343396098267078e+09
1.710343396863583088e+09
1.710343397628525019e+09
1.710343398393090963e+09
1.710343399134963036e+09
1.710343399877080917e+09
1.710343400708700895e+09
1.710343400837071896e+09
1.710343406834816933e+09
1.710343407665134907e+09
1.710343408522767067e+09
1.710343409337515116e+09
1.710343410103194952e+09
1.710343410844871044e+09
1.710343411592583895e+09
1.710343412352330923e+09
1.710343412865953922e+09
1.710343419030962944e+09
1.710343419772551060e+09
1.710343420514241934e+09
1.710343421256087065e+09
1.710343422111135960e+09
1.710343422232088089e+09
1.710343485023718119e+09
1.710343485783554077e+09
1.710343486548137903e+09
1.710343487196700096e+09
1.710343514925837040e+09
1.710343516455565929e+09
1.710343518007750988e+09
1.710343519491534948e+09
1.710343520998532057e+09
1.710343521929341078e+09
1.710343528442487955e+09
1.710343530042114019e+09
1.710343531642963886e+09
1.710343533194268942e+09
1.710343534678319931e+09
1.710343536161818027e+09
1.710343537493087053e+09
1.710343545830116034e+09
1.710343547313756943e+09
1.710343548868654966e+09
1.710343550468135118e+09
1.710343551473110914e+09
1.710343557817190886e+09
1.710343559440325975e+09
1.710343560969113111e+09
1.710343562452872992e+09
1.710343563012748957e+09
1.710343570545398951e+09
1.710343572097330093e+09
1.710343573581247091e+09
1.710343575064874887e+09
1.710343576548636913e+09
1.710343578078799009e+09
1.710343579562758923e+09
1.710343580145838976e+09
1.710343587537199020e+09
1.710343589020977974e+09
1.710343590575433016e+09
1.710343592104224920e+09
1.710343593058743000e+09
1.710343599431265116e+09
1.710343600915263891e+09
1.710343602423430920e+09
1.710343604023483038e+09
1.710343605625154018e+09
1.710343606635435104e+09
1.710343612605779886e+09
1.710343614205701113e+09
1.710343615805958033e+09
1.710343617177778959e+09
1.710343623760849953e+09
1.710343625245105982e+09
1.710343626729619026e+09
1.710343628262171030e+09
1.710343629862056017e+09
1.710343630870024920e+09
1.710343637493026018e+09
1.710343638977304935e+09
1.710343640462049961e+09
1.710343641994504929e+09
1.710343643018277884e+09
1.710343696305068970e+09
1.710343697789717913e+09
1.710343699321861982e+09
1.710343700922951937e+09
1.710343702523286104e+09
1.710343704124979019e+09
1.710343705130131006e+09
1.710343751410419941e+09
1.710343752988488913e+09
1.710343754612478018e+09
1.710343756213397980e+09
1.710343757222213030e+09
1.710343763011766911e+09
1.710343764612776041e+09
1.710343766213615894e+09
1.710343767239629984e+09
1.710343772753747940e+09
1.710343774332216978e+09
1.710343775955816984e+09
1.710343777556052923e+09
1.710343779155977964e+09
1.710343780159605026e+09
1.710343785650049925e+09
1.710343787250833988e+09
1.710343788874015093e+09
1.710343790474559069e+09
1.710343791502841949e+09
1.710343820951359987e+09
1.710343822437664032e+09
1.710343823920289993e+09
1.710343825452472925e+09
1.710343827076967955e+09
1.710343828476984978e+09
1.710343837072714090e+09
1.710343838557594061e+09
1.710343840042068005e+09
1.710343841573755980e+09
1.710343842973809004e+09
1.710343854489871025e+09
1.710343856022293091e+09
1.710343857622255087e+09
1.710343859223723888e+09
1.710343860822577953e+09
1.710343862401060104e+09
1.710343863800038099e+09
1.710343871234834909e+09
1.710343872718838930e+09
1.710343874204847097e+09
1.710343875804600954e+09
1.710343877204047918e+09
1.710348616557267904e+09
1.710348618042196035e+09
1.710348619527405024e+09
1.710348621061557055e+09
1.710348622465549946e+09
