1.710364474853919983e+09
1.710364481207475901e+09
1.710364487489434958e+09
1.710364493545106888e+09
1.710364499899200916e+09
1.710364506228732109e+09
1.710364512559536934e+09
1.710364518913973093e+09
1.710364525246539116e+09
1.710364531368400097e+09
1.710364537631845951e+09
1.710364543962449074e+09
1.710364550292984962e+09
1.710364556648051977e+09
1.710364562980335951e+09
1.710364569333854914e+09
1.710364575711262941e+09
1.710364582065927029e+09
1.710364588444962978e+09
1.710364594821017027e+09
1.710364601151808023e+09
1.710364607482374907e+09
1.710364613836355925e+09
1.710364620189896107e+09
1.710364626544400930e+09
1.710364632898623943e+09
1.710364639233041048e+09
1.710364645590348959e+09
1.710364651922491074e+09
1.710364658277823925e+09
1.710364664633233070e+09
1.710364670988123894e+09
1.710364677343239069e+09
1.710364683698507071e+09
1.710364690030407906e+09
1.710364696407727003e+09
1.710364702763766050e+09
1.710364708814910889e+09
1.710364715169131994e+09
1.710364721500428915e+09
1.710364727853070021e+09
1.710364734184619904e+09
1.710364740537668943e+09
1.710364746871278048e+09
1.710364753204408884e+09
1.710364759536983967e+09
1.710364765866242886e+09
1.710364772196922064e+09
1.710364778525428057e+09
1.710364784856251955e+09
1.710364791187462091e+09
1.710364797517342091e+09
1.710364803847480059e+09
1.710364810178009987e+09
1.710364816509891987e+09
1.710364822839687109e+09
1.710364829169661999e+09
1.710364835499341011e+09
1.710364841852224112e+09
1.710364848182657957e+09
1.710364854513448954e+09
1.710364860844265938e+09
1.710364867173327923e+09
1.710364873505692005e+09
1.710364879833643913e+09
1.710364886187405109e+09
1.710364892515219927e+09
1.710364898847059011e+09
1.710364905201478004e+09
1.710364911533166885e+09
1.710364917865968943e+09
1.710364924171255112e+09
1.710364930203258991e+09
1.710364936532479048e+09
1.710364942863588095e+09
1.710364949194636106e+09
1.710364955525721073e+09
1.710364961856389999e+09
1.710364968187685013e+09
1.710364974518980026e+09
1.710364980849885941e+09
1.710364987181416035e+09
1.710364993511003971e+09
1.710364999841641903e+09
1.710365006171293974e+09
1.710365012501347065e+09
1.710365018831263065e+09
1.710365025160756111e+09
1.710365031491301060e+09
1.710365037820466995e+09
1.710365044150418997e+09
1.710365050479574919e+09
1.710365056832393885e+09
1.710365063163047075e+09
1.710365069211976051e+09
1.710365069802643061e+09
