1.704732582763979912e+09
1.704732584097551107e+09
1.704732585519200087e+09
1.704732586974420071e+09
1.704732587942480087e+09
1.704732623231116056e+09
1.704732624691472054e+09
1.704732625966489077e+09
1.704732651313505888e+09
1.704732652722095966e+09
1.704732654183868885e+09
1.704732655634143114e+09
1.704732656567591906e+09
1.704742434618963957e+09
1.704742436309442043e+09
1.704742437999818087e+09
1.704742439788408995e+09
1.704742440429460049e+09
1.704744522203989983e+09
1.704744523895497084e+09
1.704744524486887932e+09
1.704744525848680019e+09
1.704744546689383030e+09
1.704744548380332947e+09
1.704744550113784075e+09
1.704744551918821096e+09
1.704744553004512072e+09
1.704744560831404924e+09
1.704744562521903992e+09
1.704744564259776115e+09
1.704744566064105034e+09
1.704744566703084946e+09
1.704744634115401030e+09
1.704744635842413902e+09
1.704744636927412987e+09
1.704744643604233027e+09
1.704744645404051065e+09
1.704744647204885960e+09
1.704744649005970955e+09
1.704744650145205021e+09
1.704744694058568954e+09
1.704744695750402927e+09
1.704744697487571001e+09
1.704744698567892075e+09
1.704744748900542021e+09
1.704744750594135046e+09
1.704744752339126110e+09
1.704744754145078897e+09
1.704744754782392979e+09
1.704744764640589952e+09
1.704744766331255913e+09
1.704744768090131998e+09
1.704744769893381119e+09
1.704744771695714951e+09
1.704744773499133110e+09
1.704744775297923088e+09
1.704744777099051952e+09
1.704744778184433937e+09
