1.711473658674618006e+09
1.711473660691720963e+09
1.711473662711133003e+09
1.711473664824225903e+09
1.711473666840024948e+09
1.711473668879432917e+09
1.711473670896260023e+09
1.711473672915611029e+09
1.711473674673986912e+09
1.711473702279484987e+09
1.711473704325936079e+09
1.711473706430358887e+09
1.711473708473993063e+09
1.711473710488225937e+09
1.711473712528733969e+09
1.711473714613234997e+09
1.711473716630671024e+09
1.711473718694483995e+09
1.711473720742535114e+09
1.711473722031933069e+09
1.711473768513206959e+09
1.711473770578682899e+09
1.711473772571310997e+09
1.711473774590204954e+09
1.711473776652587891e+09
1.711473778671047926e+09
1.711473780663826942e+09
1.711473781958163023e+09
1.711473803576052904e+09
1.711473805638839960e+09
1.711473807654829979e+09
1.711473809673201084e+09
1.711473811668977022e+09
1.711473813686530113e+09
1.711473815700378895e+09
1.711473816973215103e+09
1.711473850788153887e+09
1.711473852805732965e+09
1.711473854846698046e+09
1.711473856841125965e+09
1.711473858836010933e+09
1.711473860107069016e+09
1.711473890193151951e+09
1.711473892209537983e+09
1.711473894204655886e+09
1.711473896197988033e+09
1.711473898195250034e+09
1.711473899947504044e+09
1.711473907467243910e+09
1.711473909484467983e+09
1.711473911280616045e+09
1.711473921751068115e+09
1.711473923773346901e+09
1.711473925811079025e+09
1.711473927829237938e+09
1.711473929847686052e+09
1.711473931842664957e+09
1.711473932133464098e+09
1.711473944128791094e+09
1.711473946146547079e+09
1.711473948166975021e+09
1.711473950159212112e+09
1.711473952176266909e+09
1.711473953444698095e+09
1.711473963403057098e+09
1.711473965398026943e+09
1.711473967412844896e+09
1.711473969440855980e+09
1.711473970732966900e+09
