1.709926639041798115e+09
1.709926651708237886e+09
1.709926664322031021e+09
1.709926676665293932e+09
1.709926689330358982e+09
1.709926701969815969e+09
1.709926714633542061e+09
1.709926727295727015e+09
1.709926739959747076e+09
1.709926752643564939e+09
1.709926765305465937e+09
1.709926777969923973e+09
1.709926790634670019e+09
1.709926803299225092e+09
1.709926815964469910e+09
1.709926828631617069e+09
1.709926841298168898e+09
1.709926853942011118e+09
1.709926866610155106e+09
1.709926879277213097e+09
1.709926891942229986e+09
1.709926904609067917e+09
1.709926917253909111e+09
1.709926929918505907e+09
1.709926942585499048e+09
1.709926955248820066e+09
1.709926967912307978e+09
1.709926980577559948e+09
1.709926993220644951e+09
1.709927005884000063e+09
1.709927018526982069e+09
1.709927031191066980e+09
1.709927043833235025e+09
1.709927056476052046e+09
1.709927069140851974e+09
1.709927081808231115e+09
1.709927094472080946e+09
1.709927107136488914e+09
1.709927119752284050e+09
1.709927132095397949e+09
1.709927144740088940e+09
1.709927157380239010e+09
1.709927170022077084e+09
1.709927182664850950e+09
1.709927195307615995e+09
1.709927207976649046e+09
1.709927220625268936e+09
1.709927228326524973e+09
