1.710859938615530968e+09
1.710859941653076887e+09
1.710859944621426105e+09
1.710859947589643002e+09
1.710859950557466984e+09
1.710859953525780916e+09
1.710859956494035959e+09
1.710859959462765932e+09
1.710859962431035995e+09
1.710859965399301052e+09
1.710859968367507935e+09
1.710859971359014034e+09
1.710859974327466011e+09
1.710859977295635939e+09
1.710859980286731958e+09
1.710859983254718065e+09
1.710859986222460985e+09
1.710859989190735102e+09
1.710859992158637047e+09
1.710859995127625942e+09
1.710859998095053911e+09
1.710860001064420938e+09
1.710860004055506945e+09
1.710860007024316072e+09
1.710860009992966890e+09
1.710860012984657049e+09
1.710860015953433037e+09
1.710860018922606945e+09
1.710860021891360998e+09
1.710860024860229015e+09
1.710860027829615116e+09
1.710860030798696995e+09
1.710860033767214060e+09
1.710860036736172915e+09
1.710860039704416037e+09
1.710860042673039913e+09
1.710860045642215014e+09
1.710860048610454082e+09
1.710860051579056978e+09
1.710860054548118114e+09
1.710860057516639948e+09
1.710860060484949112e+09
1.710860063453560114e+09
1.710860066422286034e+09
1.710860069391113997e+09
1.710860072382339954e+09
1.710860075350518942e+09
1.710860078318970919e+09
1.710860081288125038e+09
1.710860084255438089e+09
1.710860087223936081e+09
1.710860090192074060e+09
1.710860093183269024e+09
1.710860096152369976e+09
1.710860099119832993e+09
1.710860102088233948e+09
1.710860105057142019e+09
1.710860108026032925e+09
1.710860110995148897e+09
1.710860113963454962e+09
1.710860116931581974e+09
1.710860119900078058e+09
1.710860122868254900e+09
1.710860125836226940e+09
1.710860128804184914e+09
1.710860131772521019e+09
1.710860134740648985e+09
1.710860137708729029e+09
1.710860140676290035e+09
1.710860143667722940e+09
1.710860146659506083e+09
1.710860149627540112e+09
1.710860152595410109e+09
1.710860155564011097e+09
1.710860158532269955e+09
1.710860161500966072e+09
1.710860164469625950e+09
1.710860167438374996e+09
1.710860170407027960e+09
1.710860173375164032e+09
1.710860176342978001e+09
1.710860179311500072e+09
1.710860182279021978e+09
1.710860185246902943e+09
1.710860188214309931e+09
1.710860191181827068e+09
1.710860194149329901e+09
1.710860197116833925e+09
1.710860200084214926e+09
1.710860203052136898e+09
1.710860206020018101e+09
1.710860208988394022e+09
1.710860211957540989e+09
1.710860214923952103e+09
1.710860217891724110e+09
1.710860220859287977e+09
1.710860223850629091e+09
1.710860226818486929e+09
1.710860229786487103e+09
1.710860232754621983e+09
1.710860235722964048e+09
1.710860238690893888e+09
1.710860241659821033e+09
1.710860244650221109e+09
1.710860247618882895e+09
1.710860250586458921e+09
1.710860253554230928e+09
1.710860256521959066e+09
1.710860259489381075e+09
1.710860262457048893e+09
1.710860265424473047e+09
1.710860268392009974e+09
1.710860271359311104e+09
1.710860274326888084e+09
1.710860277294719934e+09
1.710860280262089014e+09
1.710860283229902029e+09
1.710860286197247982e+09
1.710860289165759087e+09
1.710860292132127047e+09
1.710860295099376917e+09
1.710860298090012074e+09
1.710860301058653116e+09
1.710860304024514914e+09
1.710860306992686987e+09
1.710860309959356070e+09
1.710860312926981926e+09
1.710860315895018101e+09
1.710860318863266945e+09
1.710860321831116915e+09
1.710860324799299955e+09
1.710860327767184019e+09
1.710860330735249043e+09
1.710860333703397036e+09
1.710860336671072960e+09
1.710860339638973951e+09
1.710860342630094051e+09
1.710860345597845078e+09
1.710860348565521955e+09
1.710860351533679008e+09
1.710860354501894951e+09
1.710860357495496035e+09
1.710860360485066891e+09
1.710860363453054905e+09
1.710860366421427011e+09
1.710860369389509916e+09
1.710860372358223915e+09
1.710860375326433897e+09
1.710860378317651987e+09
1.710860381308923006e+09
1.710860384277260065e+09
1.710860387245923042e+09
1.710860390214495897e+09
1.710860393182679892e+09
1.710860396151694059e+09
1.710860399119280100e+09
1.710860402089313030e+09
1.710860405056952000e+09
1.710860408026175022e+09
1.710860410993683100e+09
1.710860413984826088e+09
1.710860416953183889e+09
1.710860419921937943e+09
1.710860422890336990e+09
1.710860425859103918e+09
1.710860428827852964e+09
1.710860431820075035e+09
1.710860434787777901e+09
1.710860437756694078e+09
1.710860440725353003e+09
1.710860443694010973e+09
1.710860446662827969e+09
1.710860449631439924e+09
1.710860452599934101e+09
1.710860455568705082e+09
1.710860458537014008e+09
1.710860461504893064e+09
1.710860464472969055e+09
1.710860467441003084e+09
1.710860470410341978e+09
1.710860473377866983e+09
1.710860476346065044e+09
1.710860479313653946e+09
1.710860482281208038e+09
1.710860485273401976e+09
1.710860488240710974e+09
1.710860491209664106e+09
1.710860494177083015e+09
1.710860497168576956e+09
1.710860500137022972e+09
1.710860503109819889e+09
1.710860506073312044e+09
1.710860509043024063e+09
1.710860512033678055e+09
1.710860515002213955e+09
1.710860517970648050e+09
1.710860520938647032e+09
1.710860523930778027e+09
1.710860526903054953e+09
1.710860529870330095e+09
1.710860532839762926e+09
1.710860535810003042e+09
1.710860538779532909e+09
1.710860541748919964e+09
1.710860544718375921e+09
1.710860547688843966e+09
1.710860550658404112e+09
1.710860553628297091e+09
1.710860556597954035e+09
1.710860559567368031e+09
1.710860562536813021e+09
1.710860565506310940e+09
1.710860568475769997e+09
1.710860571445307016e+09
1.710860574414968014e+09
1.710860577384797096e+09
1.710860580354340076e+09
1.710860583323971033e+09
1.710860586294101954e+09
1.710860589286912918e+09
1.710860592257471085e+09
1.710860595227309942e+09
1.710860598200974941e+09
1.710860601167071104e+09
1.710860604139806986e+09
1.710860607107011080e+09
1.710860610079585075e+09
1.710860613069823980e+09
1.710860616039952993e+09
1.710860619009903908e+09
1.710860621980151892e+09
1.710860624948585987e+09
1.710860627918498993e+09
1.710860630885456085e+09
1.710860633853578091e+09
1.710860636822098017e+09
1.710860639790781975e+09
1.710860642759301901e+09
1.710860645727601051e+09
1.710860648699208021e+09
1.710860651688323975e+09
1.710860654657594919e+09
1.710860657626835108e+09
1.710860660595665932e+09
1.710860663564559937e+09
1.710860666533737898e+09
1.710860669502643108e+09
1.710860672471415997e+09
1.710860675463622093e+09
1.710860678455130100e+09
1.710860681424113035e+09
1.710860684393419981e+09
1.710860687363616943e+09
1.710860690331454039e+09
1.710860693299729109e+09
1.710860696268043041e+09
1.710860699236692905e+09
1.710860702205035925e+09
1.710860705176450014e+09
1.710860708141891003e+09
1.710860711110928059e+09
1.710860714078774929e+09
1.710860717049501896e+09
1.710860720014956951e+09
1.710860722983108044e+09
1.710860725951159000e+09
1.710860728919460058e+09
1.710860731887542009e+09
1.710860734878813982e+09
1.710860737846688986e+09
1.710860740814563036e+09
1.710860743806226015e+09
1.710860746774513006e+09
1.710860749742903948e+09
1.710860752711757898e+09
1.710860755680347919e+09
1.710860758649410963e+09
1.710860761616848946e+09
1.710860764584544897e+09
1.710860767552258968e+09
1.710860770520498037e+09
1.710860773488564014e+09
1.710860776480027914e+09
1.710860779448105097e+09
1.710860782417244911e+09
1.710860785407752991e+09
1.710860788376240969e+09
1.710860791344515085e+09
1.710860794336030960e+09
1.710860797304193974e+09
1.710860800295281887e+09
1.710860803263221979e+09
1.710860806231878996e+09
1.710860809201939106e+09
1.710860812168550014e+09
1.710860815136784077e+09
1.710860818105324030e+09
1.710860821073599100e+09
1.710860824044595003e+09
1.710860827010202885e+09
1.710860829978880882e+09
1.710860832948755026e+09
1.710860835918346882e+09
1.710860838888360023e+09
1.710860841858918905e+09
1.710860844828613043e+09
1.710860847798433065e+09
1.710860850791086912e+09
1.710860853760893106e+09
1.710860856730518103e+09
1.710860859700205088e+09
1.710860862669537067e+09
1.710860865638995886e+09
1.710860868608886957e+09
1.710860871578759909e+09
1.710860874548398018e+09
1.710860877518228054e+09
1.710860880488090992e+09
1.710860883481096983e+09
1.710860886451335907e+09
1.710860889420819044e+09
1.710860892390408039e+09
1.710860895360105991e+09
1.710860898353040934e+09
1.710860901322871923e+09
1.710860904292546034e+09
1.710860907262648106e+09
1.710860910234513044e+09
1.710860913201118946e+09
1.710860916170681953e+09
1.710860919140264988e+09
1.710860922109877110e+09
1.710860925082102060e+09
1.710860928048898935e+09
1.710860931018147945e+09
1.710860933987750053e+09
1.710860936957235098e+09
1.710860939926655054e+09
1.710860942896688938e+09
1.710860945866133928e+09
1.710860948835648060e+09
1.710860951805391073e+09
1.710860954775197029e+09
1.710860957744292021e+09
1.710860960713157892e+09
1.710860963728404999e+09
1.710860966696994066e+09
1.710860969665910959e+09
1.710860972657597065e+09
1.710860975626178980e+09
1.710860978641293049e+09
1.710860981609786034e+09
1.710860984578592062e+09
1.710860987546766996e+09
1.710860990515696049e+09
1.710860993483762980e+09
1.710860996452655077e+09
1.710860999421293020e+09
1.710861002389591932e+09
1.710861005358319044e+09
1.710861008328336954e+09
1.710861011298635006e+09
1.710861014268040895e+09
1.710861017237313986e+09
1.710861020206485987e+09
1.710861023175692081e+09
1.710861026145251989e+09
1.710861029114372015e+09
1.710861032093360901e+09
1.710861035076301098e+09
1.710861038048741102e+09
1.710861041016135931e+09
1.710861043985208035e+09
1.710861046954761982e+09
1.710861049924489975e+09
1.710861052894162893e+09
1.710861055887213945e+09
1.710861058857171059e+09
1.710861061827235937e+09
1.710861064796793938e+09
1.710861067766258001e+09
1.710861070734836102e+09
1.710861073703680992e+09
1.710861076671997070e+09
1.710861079640314102e+09
1.710861082608807087e+09
1.710861085577580929e+09
1.710861088546323061e+09
1.710861091514959097e+09
1.710861094483289957e+09
1.710861097451579094e+09
1.710861100420018911e+09
1.710861103388294935e+09
1.710861106379652023e+09
1.710861109371095896e+09
1.710861112339766979e+09
1.710861115308420897e+09
1.710861118276321888e+09
1.710861121246189117e+09
1.710861124212922096e+09
1.710861127180967093e+09
1.710861130149072886e+09
1.710861133117072105e+09
1.710861136085339069e+09
1.710861139055422068e+09
1.710861142022886992e+09
1.710861144990852118e+09
1.710861147958892107e+09
1.710861150927043915e+09
1.710861153895039082e+09
1.710861156863354921e+09
1.710861159831479073e+09
1.710861162799638033e+09
1.710861165767873049e+09
1.710861168736025095e+09
1.710861171704047918e+09
1.710861174671792984e+09
1.710861177662507057e+09
1.710861180629864931e+09
1.710861183597584009e+09
1.710861186565476894e+09
1.710861189533317089e+09
1.710861192501384974e+09
1.710861195469491005e+09
1.710861198437747955e+09
1.710861201406394005e+09
1.710861204374809027e+09
1.710861207343364954e+09
1.710861210311916113e+09
1.710861213303858042e+09
1.710861216295551062e+09
1.710861219263863087e+09
1.710861222232170105e+09
1.710861225200536966e+09
1.710861228170057058e+09
1.710861231137377024e+09
1.710861234107449055e+09
1.710861237074485064e+09
1.710861240049927950e+09
1.710861243034408092e+09
1.710861246002624035e+09
1.710861248971129894e+09
1.710861251939440012e+09
1.710861254907979012e+09
1.710861257876395941e+09
1.710861260845168114e+09
1.710861263813770056e+09
1.710861266782408953e+09
1.710861269750925064e+09
1.710861272719199896e+09
1.710861275687588930e+09
1.710861278655548096e+09
1.710861281623662949e+09
1.710861284614763975e+09
1.710861287582967997e+09
1.710861290550879955e+09
1.710861293519057035e+09
1.710861296487235069e+09
1.710861299455355883e+09
1.710861302423527002e+09
1.710861305391696930e+09
1.710861308359884977e+09
1.710861311327934027e+09
1.710861314319053888e+09
1.710861317287334919e+09
1.710861320255433083e+09
1.710861323223222017e+09
1.710861326190758944e+09
1.710861329158257961e+09
1.710861332125842094e+09
1.710861335093910933e+09
1.710861338085103989e+09
1.710861341052936077e+09
1.710861344020607948e+09
1.710861346988282919e+09
1.710861349955939054e+09
1.710861352923491955e+09
1.710861355891072035e+09
1.710861358858679056e+09
1.710861361825990915e+09
1.710861364792895079e+09
1.710861367760621071e+09
1.710861370728828907e+09
1.710861373697129011e+09
1.710861376665317059e+09
1.710861379633071899e+09
1.710861382601015091e+09
1.710861385568861008e+09
1.710861388537468910e+09
1.710861391505625010e+09
1.710861394473984003e+09
1.710861397442375898e+09
1.710861400411062002e+09
1.710861403380518913e+09
1.710861406347939968e+09
1.710861409316211939e+09
1.710861412284979105e+09
1.710861415252690077e+09
1.710861418222596884e+09
1.710861421189168930e+09
1.710861424157442093e+09
1.710861427126069069e+09
1.710861430093625069e+09
1.710861433063220024e+09
1.710861436029172897e+09
1.710861439020009041e+09
1.710861441988023996e+09
1.710861444955845118e+09
1.710861447923990965e+09
1.710861450892077923e+09
1.710861453860101938e+09
1.710861456828322887e+09
1.710861459796432972e+09
1.710861462764450073e+09
1.710861465732621908e+09
1.710861468701050997e+09
1.710861471669388056e+09
1.710861474638128996e+09
1.710861477606822014e+09
1.710861480575376034e+09
1.710861483543430090e+09
1.710861486511904955e+09
1.710861489479315996e+09
1.710861492447258949e+09
1.710861495415159941e+09
1.710861498385313034e+09
1.710861501375081062e+09
1.710861504342869043e+09
1.710861507311690092e+09
1.710861510280036926e+09
1.710861513248210907e+09
1.710861516216543913e+09
1.710861519184645891e+09
1.710861522152796984e+09
1.710861525121217966e+09
1.710861528136821985e+09
1.710861531126209021e+09
1.710861534118629932e+09
1.710861537085062981e+09
1.710861540053656101e+09
1.710861543020853996e+09
1.710861545988889933e+09
1.710861548980159044e+09
1.710861551948059082e+09
1.710861554915734053e+09
1.710861557883699894e+09
1.710861560851749897e+09
1.710861563820236921e+09
1.710861566787894964e+09
1.710861569756689072e+09
1.710861572746977091e+09
1.710861575714824915e+09
1.710861578682686090e+09
1.710861581651792049e+09
1.710861584618360996e+09
1.710861587586211920e+09
1.710861590554723024e+09
1.710861593522075891e+09
1.710861596513389111e+09
1.710861599481620073e+09
1.710861602449953079e+09
1.710861605418159962e+09
1.710861608386217117e+09
1.710861611354217052e+09
1.710861614323301077e+09
1.710861617291313887e+09
1.710861620260165930e+09
1.710861623228759050e+09
1.710861626197204113e+09
1.710861629168343067e+09
1.710861632134329081e+09
1.710861635103329897e+09
1.710861638072216034e+09
1.710861641040766001e+09
1.710861644032237053e+09
1.710861647001096010e+09
1.710861649969388962e+09
1.710861652961512089e+09
1.710861655953111887e+09
1.710861658920661926e+09
1.710861661888434887e+09
1.710861664857537031e+09
1.710861667824807882e+09
1.710861670792995930e+09
1.710861673784264088e+09
1.710861676752484083e+09
1.710861679720839024e+09
1.710861682689481020e+09
1.710861685657836914e+09
1.710861688626390934e+09
1.710861691595192909e+09
1.710861694563771963e+09
1.710861697532685995e+09
1.710861700501543999e+09
1.710861703470608950e+09
1.710861706461503029e+09
1.710861709452476025e+09
1.710861712420864105e+09
1.710861715388804913e+09
1.710861718357264996e+09
1.710861721325541973e+09
1.710861724316924095e+09
1.710861727285321951e+09
1.710861730254482031e+09
1.710861733221447945e+09
1.710861736189785957e+09
1.710861739181046009e+09
1.710861742149091005e+09
1.710861745117933035e+09
1.710861748086319923e+09
1.710861751077071905e+09
1.710861754045308113e+09
1.710861757013448954e+09
1.710861759981554985e+09
1.710861762949554920e+09
1.710861765917357922e+09
1.710861768885448933e+09
1.710861771877132893e+09
1.710861774845493078e+09
1.710861777813872099e+09
1.710861780782063961e+09
1.710861783750706911e+09
1.710861786742860079e+09
1.710861789711103916e+09
1.710861792679270983e+09
1.710861795648416042e+09
1.710861798661597013e+09
1.710861801630006075e+09
1.710861804598268032e+09
1.710861807566387892e+09
1.710861810534372091e+09
1.710861813502998114e+09
1.710861816493757963e+09
1.710861819462352037e+09
1.710861822430362940e+09
1.710861825398637056e+09
1.710861828366756916e+09
1.710861831334633112e+09
1.710861834302690029e+09
1.710861837270895958e+09
1.710861840239226103e+09
1.710861843208045006e+09
1.710861846198920012e+09
1.710861849168483019e+09
1.710861852135205030e+09
1.710861855127012014e+09
1.710861858117556095e+09
1.710861861085735083e+09
1.710861864054435015e+09
1.710861867021914959e+09
1.710861869990243912e+09
1.710861872958648920e+09
1.710861875927345037e+09
1.710861878895776987e+09
1.710861881864046097e+09
1.710861884832160950e+09
1.710861887800314903e+09
1.710861890768131018e+09
1.710861893736479044e+09
1.710861896704566956e+09
1.710861899672163010e+09
1.710861902640028954e+09
1.710861905631330967e+09
1.710861908599066019e+09
1.710861911566490889e+09
1.710861914534092903e+09
1.710861917571347952e+09
1.710861920561914921e+09
1.710861923529505014e+09
1.710861926497138977e+09
1.710861929464653015e+09
1.710861932432598114e+09
1.710861935400310993e+09
1.710861938368074894e+09
1.710861941336124897e+09
1.710861944304025888e+09
1.710861947294872999e+09
1.710861950262480974e+09
1.710861953230725050e+09
1.710861956198714018e+09
1.710861959166567087e+09
1.710861962134443998e+09
1.710861965102581978e+09
1.710861968094168901e+09
1.710861971062206984e+09
1.710861974030493021e+09
1.710861977022213936e+09
1.710861979992950916e+09
1.710861982960706949e+09
1.710861985929511070e+09
1.710861988898442984e+09
1.710861991868082047e+09
1.710861994837491035e+09
1.710861997807003021e+09
1.710862000775990963e+09
1.710862003745455980e+09
1.710862006714826107e+09
1.710862009707350969e+09
1.710862012676609039e+09
1.710862015646020889e+09
1.710862018615781069e+09
1.710862021585052013e+09
1.710862024554549932e+09
1.710862027524080992e+09
1.710862030493638992e+09
1.710862033461766005e+09
1.710862036429889917e+09
1.710862039398075104e+09
1.710862042365963936e+09
1.710862045334223032e+09
1.710862048302166939e+09
1.710862051270550013e+09
1.710862054239048004e+09
1.710862057230544090e+09
1.710862060199109077e+09
1.710862063167283058e+09
1.710862066136528015e+09
1.710862069128024101e+09
1.710862072094707966e+09
1.710862075062519073e+09
1.710862078030555964e+09
1.710862080998382092e+09
1.710862083966301918e+09
1.710862086934206009e+09
1.710862089902225971e+09
1.710862092870309114e+09
1.710862095838515043e+09
1.710862098829206944e+09
1.710862101796782017e+09
1.710862104764512062e+09
1.710862107732419014e+09
1.710862110700406075e+09
1.710862113668073893e+09
1.710862116658802986e+09
1.710862119626379013e+09
1.710862122593599081e+09
1.710862125561310053e+09
1.710862128528095007e+09
1.710862131495630026e+09
1.710862134462790966e+09
1.710862137430151939e+09
1.710862140397960901e+09
1.710862143365425110e+09
1.710862146332868099e+09
1.710862149300416946e+09
1.710862152290721893e+09
1.710862155257987022e+09
1.710862158225281000e+09
1.710862161192934036e+09
1.710862164183393002e+09
1.710862167150768995e+09
1.710862170118587017e+09
1.710862173088044882e+09
1.710862176054160118e+09
1.710862179045177937e+09
1.710862182013086081e+09
1.710862184980715990e+09
1.710862187948577881e+09
1.710862190916630030e+09
1.710862193883409977e+09
1.710862196850924015e+09
1.710862199818739891e+09
1.710862202809551001e+09
1.710862205777147055e+09
1.710862208744857073e+09
1.710862211712727070e+09
1.710862214703547955e+09
1.710862217670974016e+09
1.710862220638994932e+09
1.710862223606801987e+09
1.710862226574474096e+09
1.710862229542464972e+09
1.710862232511198044e+09
1.710862235478142977e+09
1.710862238446070910e+09
1.710862241413779020e+09
1.710862244381309986e+09
1.710862247372708082e+09
1.710862250340909004e+09
1.710862253308892965e+09
1.710862256276921988e+09
1.710862259244594097e+09
1.710862262212341070e+09
1.710862265180134058e+09
1.710862268148133993e+09
1.710862271116097927e+09
1.710862274083805084e+09
1.710862277051397085e+09
1.710862280065798044e+09
1.710862283033416986e+09
1.710862286001131058e+09
1.710862288969072104e+09
1.710862291960952997e+09
1.710862294974987984e+09
1.710862297942219973e+09
1.710862300910132885e+09
1.710862303878081083e+09
1.710862306847398996e+09
1.710862309836961031e+09
1.710862312804927111e+09
1.710862315796111107e+09
1.710862318763843060e+09
1.710862321731575012e+09
1.710862324699425936e+09
1.710862327667418957e+09
1.710862330635559082e+09
1.710862333603629112e+09
1.710862336571207047e+09
1.710862339538897038e+09
1.710862342506469965e+09
1.710862345497087955e+09
1.710862348464225054e+09
1.710862351431574106e+09
1.710862354398794889e+09
1.710862357366806030e+09
1.710862360356820107e+09
1.710862363324840069e+09
1.710862366292648077e+09
1.710862369260102034e+09
1.710862372228473902e+09
1.710862375197459936e+09
1.710862378165572882e+09
1.710862381132612944e+09
1.710862384101165056e+09
1.710862387069492102e+09
1.710862390039361000e+09
1.710862393006587982e+09
1.710862395974893093e+09
1.710862398943243027e+09
1.710862401912092924e+09
1.710862404880539894e+09
1.710862407848999023e+09
1.710862410817645073e+09
1.710862413785881996e+09
1.710862416754245996e+09
1.710862419722784042e+09
1.710862422691504955e+09
1.710862425660237074e+09
1.710862428628951073e+09
1.710862431621629000e+09
1.710862434613029957e+09
1.710862437581672907e+09
1.710862440549994946e+09
1.710862443518672943e+09
1.710862446487226963e+09
1.710862449455549955e+09
1.710862452423832893e+09
1.710862455392503023e+09
1.710862458360702991e+09
1.710862461328999043e+09
1.710862464297893047e+09
1.710862467266053915e+09
1.710862470234227896e+09
1.710862473204963923e+09
1.710862476171396017e+09
1.710862479140043020e+09
1.710862482108458996e+09
1.710862485100105047e+09
1.710862488068419933e+09
1.710862491036706924e+09
1.710862494027821064e+09
1.710862496995805025e+09
1.710862499964000940e+09
1.710862502932035923e+09
1.710862505900206089e+09
1.710862508868520975e+09
1.710862511836569071e+09
1.710862514804672956e+09
1.710862517773315907e+09
1.710862520741919041e+09
1.710862523710139036e+09
1.710862526678811073e+09
1.710862529647742033e+09
1.710862532639863968e+09
1.710862535631870031e+09
1.710862538624142885e+09
1.710862541593054056e+09
1.710862544561810970e+09
1.710862547530580997e+09
1.710862550499607086e+09
1.710862553467885971e+09
1.710862556436377048e+09
1.710862559404922009e+09
1.710862562373229027e+09
1.710862565341461897e+09
1.710862568309758902e+09
1.710862571304395914e+09
1.710862574269325972e+09
1.710862577237756014e+09
1.710862580206572056e+09
1.710862583174763918e+09
1.710862586142807961e+09
1.710862589110811949e+09
1.710862592079081059e+09
1.710862595070777893e+09
1.710862598039280891e+09
1.710862601030890942e+09
1.710862603999418020e+09
1.710862606967761040e+09
1.710862609935929060e+09
1.710862612904232025e+09
1.710862615872870922e+09
1.710862618841207981e+09
1.710862621809750080e+09
1.710862624777683020e+09
1.710862627746035099e+09
1.710862630714252949e+09
1.710862633682483912e+09
1.710862636650451899e+09
1.710862639618700027e+09
1.710862642587295055e+09
1.710862645579175949e+09
1.710862648548141003e+09
1.710862651516159058e+09
1.710862654507637978e+09
1.710862657476315975e+09
1.710862660444392920e+09
1.710862663413319111e+09
1.710862666381865025e+09
1.710862669373641014e+09
1.710862672342438936e+09
1.710862675311115026e+09
1.710862678279375076e+09
1.710862681250046015e+09
1.710862684216489077e+09
1.710862687188240051e+09
1.710862690154450893e+09
1.710862693123394966e+09
1.710862696092376947e+09
1.710862699084793091e+09
1.710862702054085970e+09
1.710862705023324013e+09
1.710862707992923975e+09
1.710862710962294102e+09
1.710862713931277037e+09
1.710862716900698900e+09
1.710862719869524002e+09
1.710862722838191986e+09
1.710862725806998014e+09
1.710862728775551081e+09
1.710862731744002104e+09
1.710862734712774992e+09
1.710862737705223083e+09
1.710862740696294069e+09
1.710862743664684057e+09
1.710862746633599997e+09
1.710862749601969004e+09
1.710862752570483923e+09
1.710862755538779020e+09
1.710862758507100105e+09
1.710862761475121975e+09
1.710862764443288088e+09
1.710862767411509037e+09
1.710862770379729986e+09
1.710862773348319054e+09
1.710862776316804886e+09
1.710862779284992933e+09
1.710862782253101110e+09
1.710862785245822906e+09
1.710862788236088991e+09
1.710862791204205036e+09
1.710862794172456980e+09
1.710862797140187025e+09
1.710862800131222010e+09
1.710862803123145103e+09
1.710862806092454910e+09
1.710862809062048912e+09
1.710862812032407999e+09
1.710862815024575949e+09
1.710862817993849993e+09
1.710862820962857008e+09
1.710862823931647062e+09
1.710862826900737047e+09
1.710862829870313883e+09
1.710862832840126991e+09
1.710862835809808969e+09
1.710862838779042959e+09
1.710862841748142958e+09
1.710862844717324018e+09
1.710862847686486006e+09
1.710862850702227116e+09
1.710862853671458006e+09
1.710862856640991926e+09
1.710862859610820055e+09
1.710862862580658913e+09
1.710862865550986052e+09
1.710862868520880938e+09
1.710862871513977051e+09
1.710862874483733892e+09
1.710862877453375101e+09
1.710862880423273087e+09
1.710862883392894030e+09
1.710862886362874031e+09
1.710862889332101107e+09
1.710862892302014112e+09
1.710862895271198034e+09
1.710862898240581989e+09
1.710862901210277081e+09
1.710862904179255009e+09
1.710862907148138046e+09
1.710862910116992950e+09
1.710862913086532116e+09
1.710862916055706978e+09
1.710862919025830030e+09
1.710862921995738983e+09
1.710862924965836048e+09
1.710862927935570955e+09
1.710862930904927015e+09
1.710862933874455929e+09
1.710862936843904972e+09
1.710862939813170910e+09
1.710862942783226967e+09
1.710862945752986908e+09
1.710862948723261118e+09
1.710862951692883968e+09
1.710862954662724018e+09
1.710862957632204056e+09
1.710862960602103949e+09
1.710862963571799040e+09
1.710862966564351082e+09
1.710862969533934116e+09
1.710862972503427982e+09
1.710862975472534895e+09
1.710862978441812038e+09
1.710862981411741018e+09
1.710862984381108999e+09
1.710862987350595951e+09
1.710862990320868969e+09
1.710862993290030003e+09
1.710862996258940935e+09
1.710862999227452040e+09
1.710863002196294069e+09
1.710863005164958000e+09
1.710863008133861065e+09
1.710863011102190971e+09
1.710863014070722103e+09
1.710863017039230108e+09
1.710863020007913113e+09
1.710863023000641108e+09
1.710863026014842033e+09
1.710863028983371019e+09
1.710863031952008963e+09
1.710863034920742989e+09
1.710863037889914989e+09
1.710863040858580112e+09
1.710863043827725887e+09
1.710863046795721054e+09
1.710863049764676094e+09
1.710863052733486891e+09
1.710863055701824903e+09
1.710863058670844078e+09
1.710863061639794111e+09
1.710863064608923912e+09
1.710863067577408075e+09
1.710863070546243906e+09
1.710863073537863016e+09
1.710863076506155014e+09
1.710863079474801064e+09
1.710863082442992926e+09
1.710863085411398888e+09
1.710863088380038023e+09
1.710863091348721027e+09
1.710863094317095041e+09
1.710863097308811903e+09
1.710863100300870895e+09
1.710863103269778013e+09
1.710863106238831043e+09
1.710863109230657101e+09
1.710863112199048042e+09
1.710863115167556047e+09
1.710863118159362078e+09
1.710863121150311947e+09
1.710863124165045977e+09
1.710863127156902075e+09
1.710863130125904083e+09
1.710863133118134022e+09
1.710863136085601091e+09
1.710863139053606987e+09
1.710863142022250891e+09
1.710863144990654945e+09
1.710863147958867073e+09
1.710863150927222967e+09
1.710863153895618916e+09
1.710863156863929987e+09
1.710863159855207920e+09
1.710863162823179960e+09
1.710863165790898085e+09
1.710863168758928061e+09
1.710863171727163076e+09
1.710863174695554972e+09
1.710863177664038897e+09
1.710863180632723093e+09
1.710863183601253033e+09
1.710863186569300890e+09
1.710863189537266016e+09
1.710863192528716087e+09
1.710863195496902943e+09
1.710863198465152025e+09
1.710863201433594942e+09
1.710863204425513983e+09
1.710863207394156933e+09
1.710863210386004925e+09
1.710863213354711056e+09
1.710863216347598076e+09
1.710863219315355062e+09
1.710863222284410000e+09
1.710863225253248930e+09
1.710863228221858025e+09
1.710863231213382006e+09
1.710863234182276964e+09
1.710863237150399923e+09
1.710863240119741917e+09
1.710863243087508917e+09
1.710863246057416916e+09
1.710863249025146961e+09
1.710863251994149923e+09
1.710863254963248968e+09
1.710863257932239056e+09
1.710863260901300907e+09
1.710863263892770052e+09
1.710863266883898020e+09
1.710863269852196932e+09
1.710863272820188999e+09
1.710863275788397074e+09
1.710863278756592035e+09
1.710863281725261927e+09
1.710863284693397045e+09
1.710863287661446095e+09
1.710863290652646065e+09
1.710863293620595932e+09
1.710863296588788986e+09
1.710863299556826115e+09
1.710863302524837017e+09
1.710863305493308067e+09
1.710863308461673975e+09
1.710863311429932117e+09
1.710863314398504972e+09
1.710863317367152929e+09
1.710863320358812094e+09
1.710863323350228071e+09
1.710863326318459988e+09
1.710863329286979914e+09
1.710863332255472898e+09
1.710863335224142075e+09
1.710863338192596912e+09
1.710863341161355972e+09
1.710863344130258083e+09
1.710863347099554062e+09
1.710863350089793921e+09
1.710863353062177896e+09
1.710863356025904894e+09
1.710863358993921041e+09
1.710863361961771011e+09
1.710863364952882051e+09
1.710863367944225073e+09
1.710863370912064075e+09
1.710863373880099058e+09
1.710863376848617077e+09
1.710863379816586018e+09
1.710863382784784079e+09
1.710863385799196959e+09
1.710863388767302990e+09
1.710863391735481024e+09
1.710863394703875065e+09
1.710863397672293901e+09
1.710863400640822887e+09
1.710863403609386921e+09
1.710863406601322889e+09
1.710863409569330931e+09
1.710863412537663937e+09
1.710863415506346941e+09
1.710863418474453926e+09
1.710863421442636013e+09
1.710863424410867929e+09
1.710863427379827976e+09
1.710863430348999977e+09
1.710863433341027975e+09
1.710863436309336901e+09
1.710863439277620077e+09
1.710863442246051073e+09
1.710863445214544058e+09
1.710863448182897091e+09
1.710863451151164055e+09
1.710863454143013000e+09
1.710863457134397030e+09
1.710863460103857040e+09
1.710863463093976974e+09
1.710863466062062979e+09
1.710863469029939890e+09
1.710863471997911930e+09
1.710863474988980055e+09
1.710863477957185030e+09
1.710863480925209045e+09
1.710863483892813921e+09
1.710863486860579967e+09
1.710863489828002930e+09
1.710863492795686960e+09
1.710863495763923883e+09
1.710863498755812883e+09
1.710863501724608898e+09
1.710863504692961931e+09
1.710863507661143064e+09
1.710863510628884077e+09
1.710863513596683979e+09
1.710863516565093994e+09
1.710863519533207893e+09
1.710863522501492023e+09
1.710863525470426083e+09
1.710863528462510109e+09
1.710863531430989027e+09
1.710863534399331093e+09
1.710863537368002892e+09
1.710863540359388113e+09
1.710863543328584909e+09
1.710863546301501989e+09
1.710863549266549110e+09
1.710863549642117977e+09
