1.710360508877795935e+09
1.710360510387475014e+09
1.710360511892990112e+09
1.710360513448653936e+09
1.710360515072165966e+09
1.710360516672856092e+09
1.710360518272955894e+09
1.710360519873739004e+09
1.710360521474859953e+09
1.710360523075350046e+09
1.710360524674885035e+09
1.710360526275499105e+09
1.710360527899596930e+09
1.710360529522902966e+09
1.710360531146630049e+09
1.710360532770744085e+09
1.710360534394928932e+09
1.710360536017952919e+09
1.710360537618159056e+09
1.710360539242383003e+09
1.710360540842930079e+09
1.710360542442819118e+09
1.710360544042964935e+09
1.710360545643502951e+09
1.710360547244591951e+09
1.710360548866954088e+09
1.710360550467266083e+09
1.710360552067625999e+09
1.710360553690891981e+09
1.710360555314439058e+09
1.710360556938425064e+09
1.710360558561628103e+09
1.710360560184545994e+09
1.710360561808621883e+09
1.710360563408641100e+09
1.710360565009073973e+09
1.710360566609275103e+09
1.710360568232400894e+09
1.710360569856087923e+09
1.710360571456079960e+09
1.710360573079855919e+09
1.710360574679698944e+09
1.710360576280843973e+09
1.710360577880848885e+09
1.710360579504545927e+09
1.710360581127695084e+09
1.710360582750942945e+09
1.710360584351279974e+09
1.710360585974881887e+09
1.710360587575975895e+09
1.710360589198904991e+09
1.710360590835172892e+09
1.710360592422714949e+09
1.710360594046120882e+09
1.710360595645659924e+09
1.710360597246403933e+09
1.710360598846635103e+09
1.710360600469883919e+09
1.710360602070060968e+09
1.710360603670052052e+09
1.710360605293163061e+09
1.710360606916258097e+09
1.710360608539294004e+09
1.710360610140023947e+09
1.710360611762721062e+09
1.710360613385973930e+09
1.710360615014045954e+09
1.710360616633469105e+09
1.710360618256943941e+09
1.710360619880692005e+09
1.710360621480190992e+09
1.710360623104135990e+09
1.710360624703504086e+09
1.710360626326704979e+09
1.710360627926826000e+09
1.710360629526890993e+09
1.710360631150445938e+09
1.710360632773634911e+09
1.710360634374623060e+09
1.710360635997869015e+09
1.710360637621920109e+09
1.710360639246010065e+09
1.710360640846359015e+09
1.710360642469263077e+09
1.710360644092058897e+09
1.710360645720545053e+09
1.710360647361526012e+09
1.710360648984656096e+09
1.710360650632320881e+09
1.710360652254947901e+09
1.710360653879291058e+09
1.710360655479371071e+09
1.710360657079637051e+09
1.710360658702704906e+09
1.710360660303044081e+09
1.710360661903834105e+09
1.710360663504101992e+09
1.710360665127926111e+09
1.710360666752010107e+09
1.710360668375655890e+09
1.710360669998683929e+09
1.710360671622584105e+09
1.710360673223210096e+09
1.710360674846409082e+09
1.710360676474081993e+09
1.710360678116384029e+09
1.710360679716685057e+09
1.710360681316975117e+09
1.710360682917479992e+09
1.710360684564306974e+09
1.710360686139945984e+09
1.710360687624228001e+09
1.710360689131980896e+09
1.710360690640822887e+09
1.710360692264512062e+09
1.710360693888518095e+09
1.710360695489258051e+09
1.710360697113131046e+09
1.710360698737421989e+09
1.710360700338706017e+09
1.710360701962734938e+09
1.710360703586991072e+09
1.710360705211344957e+09
1.710360706812665939e+09
1.710360708413666010e+09
1.710360710014250994e+09
1.710360711615226030e+09
1.710360713215302944e+09
1.710360714839325905e+09
1.710360716462764978e+09
1.710360718063232899e+09
1.710360719664066076e+09
1.710360721264000893e+09
1.710360722887792110e+09
1.710360724488605022e+09
1.710360726089323997e+09
1.710360727712929964e+09
1.710360729289031982e+09
1.710360730773688078e+09
1.710360732257877111e+09
1.710360733813343048e+09
1.710360735366163015e+09
1.710360736850296021e+09
1.710360738357827902e+09
1.710360739889864922e+09
1.710360741513225079e+09
1.710360743136344910e+09
1.710360744736296892e+09
1.710360746336299896e+09
1.710360747959832907e+09
1.710360749582788944e+09
1.710360751183393002e+09
1.710360752806411982e+09
1.710360754407059908e+09
1.710360756030513048e+09
1.710360757653419018e+09
1.710360759254554987e+09
1.710360760854737043e+09
1.710360762477432013e+09
1.710360764077950001e+09
1.710360765701252937e+09
1.710360767302618980e+09
1.710360768925759077e+09
1.710360770526079893e+09
1.710360772126195908e+09
1.710360773726748943e+09
1.710360775350059986e+09
1.710360776973974943e+09
1.710360778574425936e+09
1.710360780198548079e+09
1.710360781821633101e+09
1.710360783445548058e+09
1.710360784998301983e+09
1.710360786505528927e+09
1.710360787989718914e+09
1.710360789521498919e+09
1.710360791121783972e+09
1.710360792722126007e+09
1.710360794345944881e+09
1.710360795969372988e+09
1.710360797591928959e+09
1.710360799192590952e+09
1.710360800815021992e+09
1.710360802415514946e+09
1.710360804015486002e+09
1.710360805638986111e+09
1.710360807262001991e+09
1.710360808884727001e+09
1.710360810508235931e+09
1.710360812107959032e+09
1.710360813731029987e+09
1.710360815331504107e+09
1.710360816931978941e+09
1.710360818554856062e+09
1.710360820178499937e+09
1.710360821801414013e+09
1.710360823424854040e+09
1.710360825050570011e+09
1.710360826670648098e+09
1.710360828294935942e+09
1.710360829918483019e+09
1.710360831518219948e+09
1.710360833070179939e+09
1.710360834577675104e+09
1.710360836061765909e+09
1.710360837639735937e+09
1.710360839264081001e+09
1.710360840864002943e+09
1.710360842463471889e+09
1.710360844086910963e+09
1.710360845687911987e+09
1.710360847310476065e+09
1.710360848911273956e+09
1.710360850535015106e+09
1.710360852158638000e+09
1.710360853760056019e+09
1.710360855386702061e+09
1.710360856982893944e+09
1.710360858535326958e+09
1.710360860019747019e+09
1.710360861527059078e+09
1.710360863081922054e+09
1.710360864682790995e+09
1.710360866305936098e+09
1.710360867929220915e+09
1.710360869552164078e+09
1.710360871175734043e+09
1.710360872799041033e+09
1.710360874399054050e+09
1.710360876022113085e+09
1.710360877645194054e+09
1.710360879245383024e+09
1.710360880868149996e+09
1.710360882491375923e+09
1.710360884114295959e+09
1.710360885720706940e+09
1.710360887314929008e+09
1.710360888938438892e+09
1.710360890561937094e+09
1.710360892208508968e+09
1.710360893807995081e+09
1.710360895431659937e+09
1.710360897054141998e+09
1.710360898655894995e+09
1.710360900255570889e+09
1.710360901877700090e+09
1.710360903430584908e+09
1.710360904937958002e+09
1.710360906445144892e+09
1.710360907977237940e+09
1.710360909600143909e+09
1.710360911199884892e+09
1.710360912800225019e+09
1.710360914423266888e+09
1.710360916046422005e+09
1.710360917670569897e+09
1.710360919270158052e+09
1.710360920869967937e+09
1.710360922470487118e+09
1.710360924070138931e+09
1.710360925670347929e+09
1.710360927270469904e+09
1.710360928893836975e+09
1.710360930517290115e+09
1.710360932140610933e+09
1.710360933741297007e+09
1.710360935341068029e+09
1.710360936964706898e+09
1.710360938564631939e+09
1.710360940187824011e+09
1.710360941788187027e+09
1.710360943388644934e+09
1.710360945012839079e+09
1.710360946635417938e+09
1.710360948258439064e+09
1.710360949859422922e+09
1.710360951460223913e+09
1.710360953082833052e+09
1.710360954707011938e+09
1.710360956330101967e+09
1.710360957954169989e+09
1.710360959577323914e+09
1.710360961177613020e+09
1.710360962777651072e+09
1.710360964401087999e+09
1.710360966001661062e+09
1.710360967624773979e+09
1.710360969248018026e+09
1.710360970894798994e+09
1.710360972518214941e+09
1.710360974141855001e+09
1.710360975766046047e+09
1.710360977388848066e+09
1.710360979011873007e+09
1.710360980637983084e+09
1.710360982234968901e+09
1.710360983836179972e+09
1.710360985435156107e+09
1.710360987058998108e+09
1.710360988682666063e+09
1.710360990282912016e+09
1.710360991905898094e+09
1.710360993529330015e+09
1.710360995152709007e+09
1.710360996775724888e+09
1.710360998400065899e+09
1.710361000022309065e+09
1.710361001645577908e+09
1.710361003245784998e+09
1.710361004845470905e+09
1.710361006468148947e+09
1.710361008068198919e+09
1.710361009668590069e+09
1.710361011291522980e+09
1.710361012914542913e+09
1.710361014515163898e+09
1.710361016138868093e+09
1.710361017762033939e+09
1.710361019385490894e+09
1.710361020986016989e+09
1.710361022586376905e+09
1.710361024209727049e+09
1.710361025833676100e+09
1.710361027433804989e+09
1.710361029080456018e+09
1.710361030703648090e+09
1.710361032279149055e+09
1.710361033810013056e+09
1.710361035317342043e+09
1.710361036849080086e+09
1.710361038472676039e+09
1.710361040096520901e+09
1.710361041743009090e+09
1.710361043343606949e+09
1.710361044967037916e+09
1.710361046593883991e+09
1.710361048213720083e+09
1.710361049837627888e+09
1.710361051461036921e+09
1.710361053084418058e+09
1.710361054707432032e+09
1.710361056307974100e+09
1.710361057931180000e+09
1.710361059531213999e+09
1.710361061153708935e+09
1.710361062777292013e+09
1.710361064400604010e+09
1.710361066024727106e+09
1.710361067624609947e+09
1.710361069247883081e+09
1.710361070871303082e+09
1.710361072471360922e+09
1.710361074071286917e+09
1.710361075694828987e+09
1.710361077321943045e+09
1.710361078942056894e+09
1.710361080541713953e+09
1.710361082165324926e+09
1.710361083788929939e+09
1.710361085388434887e+09
1.710361087012480021e+09
1.710361088635715008e+09
1.710361090258225918e+09
1.710361091858834028e+09
1.710361093482244968e+09
1.710361095108129025e+09
1.710361096751564980e+09
1.710361098374967098e+09
1.710361099974317074e+09
1.710361101574467897e+09
1.710361103198350906e+09
1.710361104821103096e+09
1.710361106373775005e+09
1.710361107858046055e+09
1.710361108442811966e+09
