1.710348666995846033e+09
1.710348668596051931e+09
1.710348670196829081e+09
1.710348671772814989e+09
1.710348673257668018e+09
1.710348674742373943e+09
1.710348676251699924e+09
1.710348677852046013e+09
1.710348679452203035e+09
1.710348681075881958e+09
1.710348682628882885e+09
1.710348684113441944e+09
1.710348685597856045e+09
1.710348687129517078e+09
1.710348688753623962e+09
1.710348690377520084e+09
1.710348692000291109e+09
1.710348693623939037e+09
1.710348695247612953e+09
1.710348696847920895e+09
1.710348698494492054e+09
1.710348700095175028e+09
1.710348701718631029e+09
1.710348703342391014e+09
1.710348704942182064e+09
1.710348706588628054e+09
1.710348708212239027e+09
1.710348709835627079e+09
1.710348711436374903e+09
1.710348713059324026e+09
1.710348714683449030e+09
1.710348716283221006e+09
1.710348717883152008e+09
1.710348719506419897e+09
1.710348721129935980e+09
1.710348722730829000e+09
1.710348724330801010e+09
1.710348725954315901e+09
1.710348727577670097e+09
1.710348729177900076e+09
1.710348730778309107e+09
1.710348732402029991e+09
1.710348734025275946e+09
1.710348735672019958e+09
1.710348737295737982e+09
1.710348738897072077e+09
1.710348740518891096e+09
1.710348742143201113e+09
1.710348743742794037e+09
1.710348745365906000e+09
1.710348746989130974e+09
1.710348748588833094e+09
1.710348750189481974e+09
1.710348751790081978e+09
1.710348753413265944e+09
1.710348755013820887e+09
1.710348756614156961e+09
1.710348758237240076e+09
1.710348759861443996e+09
1.710348761461788893e+09
1.710348763084815025e+09
1.710348764708545923e+09
1.710348766332015991e+09
1.710348767932265997e+09
1.710348769532574892e+09
1.710348771156177998e+09
1.710348772779756069e+09
1.710348774402801991e+09
1.710348776026181936e+09
1.710348777649333000e+09
1.710348779273395061e+09
1.710348780873738050e+09
1.710348782474999905e+09
1.710348784097275972e+09
1.710348785720340014e+09
1.710348787320322037e+09
1.710348788920603991e+09
1.710348790544409990e+09
1.710348792167643070e+09
1.710348793768167973e+09
1.710348795369045019e+09
1.710348796969177008e+09
1.710348798592577934e+09
1.710348800215882063e+09
1.710348801815901995e+09
1.710348803439467907e+09
1.710348805063035011e+09
1.710348806663429022e+09
1.710348808262799978e+09
1.710348809886224985e+09
1.710348811509480953e+09
1.710348813132680893e+09
1.710348814755948067e+09
1.710348816379574060e+09
1.710348818002789974e+09
1.710348819629323959e+09
1.710348821225759983e+09
1.710348822849330902e+09
1.710348824450229883e+09
1.710348826050236940e+09
1.710348827650578976e+09
1.710348829273540974e+09
1.710348830897185087e+09
1.710348832520498991e+09
1.710348834119801998e+09
1.710348835742840052e+09
1.710348837365947008e+09
1.710348838989159107e+09
1.710348840589323997e+09
1.710348842212485075e+09
1.710348843836036921e+09
1.710348845436134100e+09
1.710348847059632063e+09
1.710348848683214903e+09
1.710348850282867908e+09
1.710348851883567095e+09
1.710348853483333111e+09
1.710348855083569050e+09
1.710348856683042049e+09
1.710348858306149006e+09
1.710348859906039000e+09
1.710348861483495951e+09
1.710348863106031895e+09
1.710348864706015110e+09
1.710348866329559088e+09
1.710348867952990055e+09
1.710348869575716019e+09
1.710348871198714018e+09
1.710348872821962118e+09
1.710348874445219040e+09
1.710348876069282055e+09
1.710348877692733049e+09
1.710348879292814970e+09
1.710348880915713072e+09
1.710348882539865017e+09
1.710348884139743090e+09
1.710348885740298033e+09
1.710348887363886118e+09
1.710348888987725973e+09
1.710348890610796928e+09
1.710348892234719038e+09
1.710348893834714890e+09
1.710348895458580017e+09
1.710348897058829069e+09
1.710348898681948900e+09
1.710348900281841040e+09
1.710348901905184984e+09
1.710348903505328894e+09
1.710348905128881931e+09
1.710348906728565931e+09
1.710348908351969957e+09
1.710348909952466011e+09
1.710348911575952053e+09
1.710348913198394060e+09
1.710348914821598053e+09
1.710348916422029972e+09
1.710348918022663116e+09
1.710348919622260094e+09
1.710348921222680092e+09
1.710348922822429895e+09
1.710348924423321962e+09
1.710348926046134949e+09
1.710348927669888020e+09
1.710348929269361019e+09
1.710348930893126011e+09
1.710348932515999079e+09
1.710348934139400959e+09
1.710348935740298033e+09
1.710348937339658022e+09
1.710348938940346956e+09
1.710348940565013885e+09
1.710348942186988115e+09
1.710348943810432911e+09
1.710348945433820963e+09
1.710348947034274101e+09
1.710348948657330036e+09
1.710348950258258104e+09
1.710348951857819080e+09
1.710348953482239962e+09
1.710348955105318069e+09
1.710348956729259014e+09
1.710348958329096079e+09
1.710348959952301979e+09
1.710348961575763941e+09
1.710348963175791979e+09
1.710348964776001930e+09
1.710348966398921013e+09
1.710348968022167921e+09
1.710348969645351887e+09
1.710348971197607994e+09
1.710348972681569099e+09
1.710348974165909052e+09
1.710348975674639940e+09
1.710348977274296999e+09
1.710348978897275925e+09
1.710348980521007061e+09
1.710348982120297909e+09
1.710348983766834974e+09
1.710348985389893055e+09
1.710348987012849092e+09
1.710348988660034895e+09
1.710348990260063887e+09
1.710348991883914948e+09
1.710348993508075953e+09
1.710348995108072042e+09
1.710348996731709003e+09
1.710348998331902027e+09
1.710348999955734015e+09
1.710349001556047916e+09
1.710349003179727077e+09
1.710349004803704023e+09
1.710349006427570105e+09
1.710349008050926924e+09
1.710349009651320934e+09
1.710349011252000093e+09
1.710349012875617027e+09
1.710349014475886106e+09
1.710349016099380016e+09
1.710349017699419975e+09
1.710349019322688103e+09
1.710349020922791958e+09
1.710349022522950888e+09
1.710349024146442890e+09
1.710349025770426989e+09
1.710349027370804071e+09
1.710349028995178938e+09
1.710349030641789913e+09
1.710349032264697075e+09
1.710349033864633083e+09
1.710349035487924099e+09
1.710349037088371992e+09
1.710349038711869955e+09
1.710349040311707973e+09
1.710349041935581923e+09
1.710349043534894943e+09
1.710349045041251898e+09
1.710349046525177956e+09
1.710349048009582043e+09
1.710349049565603018e+09
1.710349051165237904e+09
1.710349052765702963e+09
1.710349054389763117e+09
1.710349055989706039e+09
1.710349057613528967e+09
1.710349059213999987e+09
1.710349060816257000e+09
1.710349062415776968e+09
1.710349064039638042e+09
1.710349065662997961e+09
1.710349067263829947e+09
1.710349068887284994e+09
1.710349070511457920e+09
1.710349072111337900e+09
1.710349073711431026e+09
1.710349075334878922e+09
1.710349076959012032e+09
1.710349078560127020e+09
1.710349080161675930e+09
1.710349081762845993e+09
1.710349083386401892e+09
1.710349085010390043e+09
1.710349086611831903e+09
1.710349088236212015e+09
1.710349089859631062e+09
1.710349091461010933e+09
1.710349093061942101e+09
1.710349094685802937e+09
1.710349096310120106e+09
1.710349097911194086e+09
1.710349099511956930e+09
1.710349101135932922e+09
1.710349102665858984e+09
1.710349104151180983e+09
1.710349105636066914e+09
1.710349107168752909e+09
1.710349108769429922e+09
1.710349110392815113e+09
1.710349112017559052e+09
1.710349113617059946e+09
1.710349115240616083e+09
1.710349116842075109e+09
1.710349118442586899e+09
1.710349120043004036e+09
1.710349121667223930e+09
1.710349123290479898e+09
1.710349124891733885e+09
1.710349126514851093e+09
1.710349128138501883e+09
1.710349129740041971e+09
1.710349131339215040e+09
1.710349132938805103e+09
1.710349134538995028e+09
1.710349136139960051e+09
1.710349137740412951e+09
1.710349139341434002e+09
1.710349140940926075e+09
1.710349142564836025e+09
1.710349144188720942e+09
1.710349145787831068e+09
1.710349147411240101e+09
1.710349149011812925e+09
1.710349150613538980e+09
1.710349152213402987e+09
1.710349153815721989e+09
1.710349155437800884e+09
1.710349157039307117e+09
1.710349158663728952e+09
1.710349160287791967e+09
1.710349161912163019e+09
1.710349163513436079e+09
1.710349165114252090e+09
1.710349166738476038e+09
1.710349168363048077e+09
1.710349169964438915e+09
1.710349171565154076e+09
1.710349173189327955e+09
1.710349174814022064e+09
1.710349176414668083e+09
1.710349178039491892e+09
1.710349179663244009e+09
1.710349181287482023e+09
1.710349182888144970e+09
1.710349184513087988e+09
1.710349186136826992e+09
1.710349187737469912e+09
1.710349189385127068e+09
1.710349191009284019e+09
1.710349192632888079e+09
1.710349194234069109e+09
1.710349195835395098e+09
1.710349197437293053e+09
1.710349199060784101e+09
1.710349200685270071e+09
1.710349202309778929e+09
1.710349203933928013e+09
1.710349205558660030e+09
1.710349207182529926e+09
1.710349208807209015e+09
1.710349210431548119e+09
1.710349212056243896e+09
1.710349213659038067e+09
1.710349215280824900e+09
1.710349216905344963e+09
1.710349218528615952e+09
1.710349220152971983e+09
1.710349221754105091e+09
1.710349223400819063e+09
1.710349225026932001e+09
1.710349226626631021e+09
1.710349228250015974e+09
1.710349229873332977e+09
1.710349231496983051e+09
1.710349233098081112e+09
1.710349234721193075e+09
1.710349236344865084e+09
1.710349237968786955e+09
1.710349239569333076e+09
1.710349241169635057e+09
1.710349242792499065e+09
1.710349244416521072e+09
1.710349246040345907e+09
1.710349247641014099e+09
1.710349249241271973e+09
1.710349250864978075e+09
1.710349252465341091e+09
1.710349254089456081e+09
1.710349255691277027e+09
1.710349257338660955e+09
1.710349258939929962e+09
1.710349260563765049e+09
1.710349262188775063e+09
1.710349263787966967e+09
1.710349265272905111e+09
1.710349266228344917e+09
