1.705005285086132050e+09
1.705005330945072889e+09
1.705005376763756990e+09
1.705005422230535984e+09
1.705005468094192982e+09
1.705005513929585934e+09
1.705005559753964901e+09
1.705005605603179932e+09
1.705005651015892029e+09
1.705005696874321938e+09
1.705005742684268951e+09
1.705005787717022896e+09
1.705005833560498953e+09
1.705005879410887957e+09
1.705005925266340971e+09
1.705005971111706018e+09
1.705006016969671965e+09
1.705006062803781033e+09
1.705006108666199923e+09
1.705006154523849964e+09
1.705006200351541996e+09
1.705006246189527988e+09
1.705006292019814014e+09
1.705006337845031977e+09
1.705006383665142059e+09
1.705006429496468067e+09
1.705006475340207100e+09
1.705006520780591965e+09
1.705006566721538067e+09
1.705006612281261921e+09
1.705006658166234016e+09
1.705006704075074911e+09
1.705006750026020050e+09
1.705006795968657970e+09
1.705006841910609961e+09
1.705006887823038101e+09
1.705006933356152058e+09
1.705006979291846991e+09
1.705007025241832018e+09
1.705007071203645945e+09
1.705007117095304012e+09
1.705007163055111885e+09
1.705007208970388889e+09
1.705007254902945995e+09
1.705007300829526901e+09
1.705007346744760990e+09
1.705007392756257057e+09
1.705007438690762043e+09
1.705007484651863098e+09
1.705007530583889961e+09
1.705007576526658058e+09
1.705007622457644939e+09
1.705007668391767979e+09
1.705007714305342913e+09
1.705007760310149908e+09
1.705007805067882061e+09
1.705007851036079884e+09
1.705007896958920002e+09
1.705007942839001894e+09
1.705007988805480003e+09
1.705008034378050089e+09
1.705008080300036907e+09
1.705008126231266022e+09
1.705008172158785105e+09
1.705008217698895931e+09
1.705008263657447100e+09
1.705008309663150072e+09
1.705008355647778988e+09
1.705008401657840967e+09
1.705008447572577000e+09
1.705008493423043013e+09
1.705008539283786058e+09
1.705008585171288013e+09
1.705008630679331064e+09
1.705008676635550976e+09
1.705008722204456091e+09
1.705008768214186907e+09
1.705008814194514036e+09
1.705008842749521017e+09
