1.710535503180479050e+09
1.710535504664057970e+09
1.710535506171427011e+09
1.710535507678446054e+09
1.710535509162286043e+09
1.710535510669069052e+09
1.710535512152787924e+09
1.710535513682521105e+09
1.710535515189426899e+09
1.710535516673223019e+09
1.710535518203473091e+09
1.710535519710576057e+09
1.710535521217628002e+09
1.710535522701685905e+09
1.710535524231945992e+09
1.710535525715913057e+09
1.710535527223010063e+09
1.710535528732319117e+09
1.710535530214157104e+09
1.710535531698240995e+09
1.710535533205455065e+09
1.710535534689408064e+09
1.710535536219912052e+09
1.710535537703969955e+09
1.710535539211221933e+09
1.710535540695220947e+09
1.710535542179300070e+09
1.710535543686563015e+09
1.710535545193979025e+09
1.710535546678294897e+09
1.710535548185700893e+09
1.710535549716479063e+09
1.710535551200776100e+09
1.710535552708048105e+09
1.710535554238827944e+09
1.710535555722826004e+09
1.710535557206773996e+09
1.710535558714302063e+09
1.710535560221535921e+09
1.710535561704602957e+09
1.710535563211906910e+09
1.710535564742412090e+09
1.710535566239552021e+09
1.710535567733470917e+09
1.710535569218209028e+09
1.710535570724807024e+09
1.710535572233455896e+09
1.710535573739665985e+09
1.710535575223851919e+09
1.710535576754046917e+09
1.710535578238259077e+09
1.710535579746174097e+09
1.710535581252871990e+09
1.710535582737323046e+09
1.710535584245951891e+09
1.710535585728271961e+09
1.710535587212191105e+09
1.710535588695791960e+09
1.710535590250346899e+09
1.710535591757052898e+09
1.710535593240664005e+09
1.710535594724715948e+09
1.710535596208810091e+09
1.710535597692748070e+09
1.710535599176538944e+09
1.710535600661915064e+09
1.710535602167391062e+09
1.710535603651237011e+09
1.710535605181293964e+09
1.710535606735984087e+09
1.710535608288475990e+09
1.710535609818597078e+09
1.710535611326150894e+09
1.710535612809585094e+09
1.710535614293726921e+09
1.710535615776829958e+09
1.710535617260848045e+09
1.710535618767806053e+09
1.710535620274933100e+09
1.710535621758795023e+09
1.710535623265852928e+09
1.710535624749465942e+09
1.710535626259629011e+09
1.710535627764602900e+09
1.710535629248914003e+09
1.710535630733074903e+09
1.710535632217025042e+09
1.710535633725615978e+09
1.710535635277494907e+09
1.710535636761584044e+09
1.710535638268838882e+09
1.710535639780231953e+09
1.710535641260617971e+09
1.710535642744451046e+09
1.710535644228615046e+09
1.710535645712887049e+09
1.710535647197352886e+09
1.710535648681374073e+09
1.710535650211669922e+09
1.710535651718933105e+09
1.710535653249432087e+09
1.710535654733483076e+09
1.710535656219506025e+09
1.710535657701739073e+09
1.710535659185832024e+09
1.710535660670017004e+09
1.710535662154117107e+09
1.710535663661303043e+09
1.710535665145359039e+09
1.710535666629432917e+09
1.710535668136854887e+09
1.710535669621078014e+09
1.710535671104934931e+09
1.710535672589096069e+09
1.710535674098309040e+09
1.710535675626677036e+09
1.710535677110466957e+09
1.710535678595761061e+09
1.710535680101641893e+09
1.710535681585701942e+09
1.710535683069489956e+09
1.710535684576471090e+09
1.710535686060318947e+09
1.710535687544071913e+09
1.710535689052644968e+09
1.710535690604895115e+09
1.710535692088898897e+09
1.710535693573129892e+09
1.710535695103441000e+09
1.710535696587544918e+09
1.710535698071923018e+09
1.710535699603918076e+09
1.710535701109682083e+09
1.710535702593772888e+09
1.710535704077738047e+09
1.710535705608110905e+09
1.710535707092235088e+09
1.710535708576083899e+09
1.710535710061265945e+09
1.710535711614106894e+09
1.710535713098179102e+09
1.710535714582539082e+09
1.710535716113388062e+09
1.710535717597811937e+09
1.710535719082474947e+09
1.710535720570422888e+09
1.710535722073909044e+09
1.710535723581330061e+09
1.710535725111475945e+09
1.710535726618787050e+09
1.710535728102897882e+09
1.710535729587157011e+09
1.710535731094660044e+09
1.710535732578717947e+09
1.710535734085969925e+09
1.710535735593319893e+09
1.710535737123845100e+09
1.710535738608103037e+09
1.710535740092236996e+09
1.710535741600164890e+09
1.710535743106664896e+09
1.710535744590728998e+09
1.710535746121506929e+09
1.710535747628793001e+09
1.710535749136451960e+09
1.710535750643901110e+09
1.710535752175117016e+09
1.710535753660099983e+09
1.710535755144944906e+09
1.710535756653022051e+09
1.710535758137892008e+09
1.710535759622577906e+09
1.710535761130492926e+09
1.710535762661784887e+09
1.710535764170003891e+09
1.710535765678134918e+09
1.710535767162977934e+09
1.710535768670850039e+09
1.710535770178982973e+09
1.710535771663708925e+09
1.710535773148677111e+09
1.710535774633353949e+09
1.710535776118118048e+09
1.710535777603462934e+09
1.710535779110810995e+09
1.710535780618747950e+09
1.710535782103583097e+09
1.710535783588567972e+09
1.710535785073127985e+09
1.710535786557806015e+09
1.710535788067153931e+09
1.710535789596837044e+09
1.710535791080929995e+09
1.710535792565236092e+09
1.710535794049783945e+09
1.710535795580657959e+09
1.710535797065380096e+09
1.710535798550931931e+09
1.710535800104455948e+09
1.710535801612863064e+09
1.710535803096199989e+09
1.710535804603382111e+09
1.710535806087853909e+09
1.710535807572117090e+09
1.710535809057297945e+09
1.710535810586802959e+09
1.710535812070997000e+09
1.710535813555104971e+09
1.710535815039249897e+09
1.710535816523114920e+09
1.710535818007092953e+09
1.710535819514853001e+09
1.710535821021528006e+09
1.710535822505696058e+09
1.710535823989725113e+09
1.710535825474203110e+09
1.710535826958323002e+09
1.710535828442500114e+09
1.710535829927201986e+09
1.710535831434078932e+09
1.710535832918200970e+09
1.710535834425801039e+09
1.710535835933643103e+09
1.710535837419573069e+09
1.710535838901623011e+09
1.710535840388736963e+09
1.710535841939877033e+09
1.710535843424165964e+09
1.710535844908523083e+09
1.710535846415927887e+09
1.710535847900299072e+09
1.710535849384531021e+09
1.710535850869473934e+09
1.710535852399106026e+09
1.710535853882971048e+09
1.710535855367048025e+09
1.710535856897608995e+09
1.710535858404661894e+09
1.710535859934886932e+09
1.710535861420481920e+09
1.710535862925930977e+09
1.710535864409684896e+09
1.710535865916693926e+09
1.710535867446676970e+09
1.710535868930497885e+09
1.710535870437226057e+09
1.710535871922780037e+09
1.710535873428272963e+09
1.710535874912173033e+09
1.710535876396867990e+09
1.710535877926892996e+09
1.710535879434046984e+09
1.710535880919193983e+09
1.710535882407058001e+09
1.710535883886207104e+09
1.710535885370253086e+09
1.710535886854557037e+09
1.710535888361830950e+09
1.710535889869208097e+09
1.710535891353074074e+09
1.710535892837584972e+09
1.710535894343936920e+09
1.710535895850990057e+09
1.710535897334943056e+09
1.710535898841914892e+09
1.710535900325907946e+09
1.710535901809988022e+09
1.710535903341556072e+09
1.710535904870723009e+09
1.710535906377922058e+09
1.710535907885142088e+09
1.710535909392213106e+09
1.710535910876250029e+09
1.710535912383239031e+09
1.710535913891591072e+09
1.710535915397841930e+09
1.710535916882110119e+09
1.710535918389697075e+09
1.710535919920286894e+09
1.710535921404453993e+09
1.710535922888633013e+09
1.710535924373076916e+09
1.710535925879692078e+09
1.710535927363523960e+09
1.710535928847604036e+09
1.710535930354839087e+09
1.710535931838826895e+09
1.710535933322772980e+09
1.710535934808636904e+09
1.710535936336976051e+09
1.710535937866985083e+09
1.710535939374159098e+09
1.710535940881294012e+09
1.710535942365180016e+09
1.710535943872462034e+09
1.710535945356581926e+09
1.710535946840555906e+09
1.710535948328890085e+09
1.710535949831234932e+09
1.710535951338176012e+09
1.710535952845441103e+09
1.710535954329621077e+09
1.710535955813529015e+09
1.710535957297781944e+09
1.710535958781961918e+09
1.710535960270606995e+09
1.710535961773271084e+09
1.710535963280771017e+09
1.710535964764697075e+09
1.710535966251008034e+09
1.710535967733396053e+09
1.710535969239435911e+09
1.710535970746581078e+09
1.710535972230637074e+09
1.710535973714502096e+09
1.710535975198478937e+09
1.710535976682499886e+09
1.710535978189641953e+09
1.710535979696631908e+09
1.710535981203555107e+09
1.710535982687043905e+09
1.710535984171689987e+09
1.710535985677860975e+09
1.710535987208065033e+09
1.710535988692431927e+09
1.710535990202008009e+09
1.710535991684530973e+09
1.710535993191893101e+09
1.710535994722732067e+09
1.710535996207457066e+09
1.710535997692056894e+09
1.710535999200002909e+09
1.710536000684783936e+09
1.710536002169559002e+09
1.710536003677633047e+09
1.710536005185906887e+09
1.710536006671020985e+09
1.710536008155730009e+09
1.710536009663542986e+09
1.710536011150927067e+09
1.710536012632767916e+09
1.710536014117410898e+09
1.710536015601897955e+09
1.710536017090507984e+09
1.710536018594676971e+09
1.710536020079516888e+09
1.710536021564076900e+09
1.710536023071970940e+09
1.710536024556719065e+09
1.710536026041089058e+09
1.710536027525579929e+09
1.710536029033653975e+09
1.710536030541394949e+09
1.710536032026015043e+09
1.710536033533452034e+09
1.710536035017374039e+09
1.710536036524264097e+09
1.710536038008399963e+09
1.710536039561373949e+09
1.710536041045159101e+09
1.710536042529067039e+09
1.710536044036091089e+09
1.710536045543304920e+09
1.710536047027420044e+09
1.710536048534414053e+09
1.710536050018429041e+09
1.710536051548803091e+09
1.710536053034202099e+09
1.710536054540857077e+09
1.710536056023312092e+09
1.710536057507008076e+09
1.710536058990773916e+09
1.710536060474498034e+09
1.710536061981863976e+09
1.710536063465888977e+09
1.710536064949985981e+09
1.710536066433959007e+09
1.710536067917819977e+09
1.710536069424812078e+09
1.710536070908732891e+09
1.710536072392652035e+09
1.710536073876260042e+09
1.710536075383919954e+09
1.710536076890876055e+09
1.710536078374933958e+09
1.710536079858853102e+09
1.710536081342849016e+09
1.710536082826778889e+09
1.710536084310688972e+09
1.710536085794454098e+09
1.710536087301403999e+09
1.710536088785422087e+09
1.710536090270433903e+09
1.710536091776196957e+09
1.710536093260083914e+09
1.710536094743911028e+09
1.710536096227965117e+09
1.710536097711338043e+09
1.710536099195131063e+09
1.710536100725156069e+09
1.710536102232511044e+09
1.710536103561434031e+09
