1.703192788888848066e+09
1.703192831267288923e+09
1.703192873964478016e+09
1.703192916351803064e+09
1.703192958773375034e+09
1.703193001166764975e+09
1.703193043623349905e+09
1.703193086001682997e+09
1.703193128374253988e+09
1.703193170854091883e+09
1.703193213258956909e+09
1.703193255685349941e+09
1.703193298036798000e+09
1.703193340486574888e+09
1.703193382926908970e+09
1.703193425282592058e+09
1.703193467669109106e+09
1.703193510186913967e+09
1.703193552605716944e+09
1.703193595040082932e+09
1.703193637472948074e+09
1.703193679865268946e+09
1.703193722276232958e+09
1.703193764735207081e+09
1.703193807059621096e+09
1.703193849386693954e+09
1.703193891731779099e+09
1.703193934073319912e+09
1.703193976469451904e+09
1.703194018862344980e+09
1.703194061269206047e+09
1.703194103565201044e+09
1.703194145890255928e+09
1.703194188178029060e+09
1.703194230532897949e+09
1.703194272919738054e+09
1.703194315336426020e+09
1.703194357700860023e+09
1.703194400080478907e+09
1.703194442453867912e+09
1.703194484822067976e+09
1.703194527218652964e+09
1.703194569598534107e+09
1.703194611978013992e+09
1.703194654374556065e+09
1.703194696744921923e+09
1.703194739232403994e+09
1.703194781522866011e+09
1.703194823886946917e+09
1.703194866231884956e+09
1.703194908536789894e+09
1.703194950786684036e+09
1.703194993171406984e+09
1.703195035475056887e+09
1.703195077879339933e+09
1.703195120226566076e+09
1.703195162592731953e+09
1.703195204899981976e+09
1.703195247328980923e+09
1.703195289779582024e+09
1.703195332204178095e+09
1.703195374541249990e+09
1.703195416862354040e+09
1.703195459275898933e+09
1.703195501726702929e+09
1.703195544069931030e+09
1.703195586511451006e+09
1.703195628988311052e+09
1.703195671367897987e+09
1.703195713682534933e+09
1.703195756027864933e+09
1.703195798509403944e+09
1.703195840937299013e+09
1.703195883280792952e+09
1.703195925710186005e+09
1.703195968080919981e+09
1.703196010363246918e+09
1.703196052683535099e+09
1.703196095063843966e+09
1.703196137427360058e+09
1.703196179939903975e+09
1.703196222385535002e+09
1.703196264927941084e+09
1.703196307236871004e+09
1.703196349718086004e+09
1.703196356197848082e+09
