1.710449413402384043e+09
1.710449414910151005e+09
1.710449416418039083e+09
1.710449417950082064e+09
1.710449419551246881e+09
1.710449421150935888e+09
1.710449422751655102e+09
1.710449424353231907e+09
1.710449425954173088e+09
1.710449427554786921e+09
1.710449429179631948e+09
1.710449430779707909e+09
1.710449432403570890e+09
1.710449434026797056e+09
1.710449435628384113e+09
1.710449437228792906e+09
1.710449438852581024e+09
1.710449440476835966e+09
1.710449442100733995e+09
1.710449443701684952e+09
1.710449445326061964e+09
1.710449446949657917e+09
1.710449448551377058e+09
1.710449450152198076e+09
1.710449451776519060e+09
1.710449453400243044e+09
1.710449455000926971e+09
1.710449456624917984e+09
1.710449458225116014e+09
1.710449459848958015e+09
1.710449461472898006e+09
1.710449463096668005e+09
1.710449464720510006e+09
1.710449466343007088e+09
1.710449467827940941e+09
1.710449469312679052e+09
1.710449470820671082e+09
1.710449472375924110e+09
1.710449473976416111e+09
1.710449475577069998e+09
1.710449477176810026e+09
1.710449478800664902e+09
1.710449480424181938e+09
1.710449482025146961e+09
1.710449483648884058e+09
1.710449485249897003e+09
1.710449486873476028e+09
1.710449488474734068e+09
1.710449490074897051e+09
1.710449491699131966e+09
1.710449493300296068e+09
1.710449494901083946e+09
1.710449496501662970e+09
1.710449498103301048e+09
1.710449499703841925e+09
1.710449501304800987e+09
1.710449502929111958e+09
1.710449504529731035e+09
1.710449506154153109e+09
1.710449507754592896e+09
1.710449509356193066e+09
1.710449510956917048e+09
1.710449512580302000e+09
1.710449514181417942e+09
1.710449515805835009e+09
1.710449517429222107e+09
1.710449519029742002e+09
1.710449520629858971e+09
1.710449522230886936e+09
1.710449523831605911e+09
1.710449525455651999e+09
1.710449527058221102e+09
1.710449528657768965e+09
1.710449530282129049e+09
1.710449531906821966e+09
1.710449533531272888e+09
1.710449535132308960e+09
1.710449536733917952e+09
1.710449538357835054e+09
1.710449539959422112e+09
1.710449541560604095e+09
1.710449543162204027e+09
1.710449544785532951e+09
1.710449546386516094e+09
1.710449548010454893e+09
1.710449549611032009e+09
1.710449551235320091e+09
1.710449552835777044e+09
1.710449554436604977e+09
1.710449556037760019e+09
1.710449557661595106e+09
1.710449559285414934e+09
1.710449560886101961e+09
1.710449562509912968e+09
1.710449564133944988e+09
1.710449565735115051e+09
1.710449567359273911e+09
1.710449568982829094e+09
1.710449570584817886e+09
1.710449572184221029e+09
1.710449573784193039e+09
1.710449575407826900e+09
1.710449576961131096e+09
1.710449578445941925e+09
1.710449579930438042e+09
1.710449581463180065e+09
1.710449583087496996e+09
1.710449584686887980e+09
1.710449586288122892e+09
1.710449587888458014e+09
1.710449589488609076e+09
1.710449591112382889e+09
1.710449592713506937e+09
1.710449594336678028e+09
1.710449595937967062e+09
1.710449597561104059e+09
1.710449599162261963e+09
1.710449600762820005e+09
1.710449602386593103e+09
1.710449604011136055e+09
1.710449605611385107e+09
1.710449607212351084e+09
1.710449608836575985e+09
1.710449610460386992e+09
1.710449612060753107e+09
1.710449613661510944e+09
1.710449615285196066e+09
1.710449616909420967e+09
1.710449618533365965e+09
1.710449620132966042e+09
1.710449621733994007e+09
1.710449623357340097e+09
1.710449624958681107e+09
1.710449626558741093e+09
1.710449628183039904e+09
1.710449629806298018e+09
1.710449631407356977e+09
1.710449633007467031e+09
1.710449634631851912e+09
1.710449636255723000e+09
1.710449637856349945e+09
1.710449639457562923e+09
1.710449641080666065e+09
1.710449642681272984e+09
1.710449644281727076e+09
1.710449645882538080e+09
1.710449647483861923e+09
1.710449649085374117e+09
1.710449650685509920e+09
1.710449652286376953e+09
1.710449653933917999e+09
1.710449655557358980e+09
1.710449657158235073e+09
1.710449658758563995e+09
1.710449660359411955e+09
1.710449661960231066e+09
1.710449663560961962e+09
1.710449665161328077e+09
1.710449666785351992e+09
1.710449668386357069e+09
1.710449669987278938e+09
1.710449671587762117e+09
1.710449673211174965e+09
1.710449674811501980e+09
1.710449676412208080e+09
1.710449678036422968e+09
1.710449679660927057e+09
1.710449681261147022e+09
1.710449682861980915e+09
1.710449684463027000e+09
1.710449686065207005e+09
1.710449687665296078e+09
1.710449689289066076e+09
1.710449690912379026e+09
1.710449692537322998e+09
1.710449694161062002e+09
1.710449695760283947e+09
1.710449697361114025e+09
1.710449698985837936e+09
1.710449700585879087e+09
1.710449702185489893e+09
1.710449703810081005e+09
1.710449705434258938e+09
1.710449707034533978e+09
1.710449708635848999e+09
1.710449710236567974e+09
1.710449711860342979e+09
1.710449713483966112e+09
1.710449715084976912e+09
1.710449716685605049e+09
1.710449718285939932e+09
1.710449719910101891e+09
1.710449721534297943e+09
1.710449723158392906e+09
1.710449724759022951e+09
1.710449726382930040e+09
1.710449728006799936e+09
1.710449729641416073e+09
1.710449731254457951e+09
1.710449732878320932e+09
1.710449734479490042e+09
1.710449736080660105e+09
1.710449737704952002e+09
1.710449739305691004e+09
1.710449740906652927e+09
1.710449742530776024e+09
1.710449744154266119e+09
1.710449745755016088e+09
1.710449747355762959e+09
1.710449748956698895e+09
1.710449750557511091e+09
1.710449752182610035e+09
1.710449753782599926e+09
1.710449755407238007e+09
1.710449757029995918e+09
1.710449758630367041e+09
1.710449760234728098e+09
1.710449761854481936e+09
1.710449763478503942e+09
1.710449765101759911e+09
1.710449766678272963e+09
1.710449768163000107e+09
1.710449769647850990e+09
1.710449771132878065e+09
1.710449772711216927e+09
1.710449774311824083e+09
1.710449775912945032e+09
1.710449777537282944e+09
1.710449779139170885e+09
1.710449780762749910e+09
1.710449782364222050e+09
1.710449783988848925e+09
1.710449785612925053e+09
1.710449787214746952e+09
1.710449788816723108e+09
1.710449790418191910e+09
1.710449792019066095e+09
1.710449793643124104e+09
1.710449795244545937e+09
1.710449796869153023e+09
1.710449798470282078e+09
1.710449800095017910e+09
1.710449801719032049e+09
1.710449803344491005e+09
1.710449804944591045e+09
1.710449806545716047e+09
1.710449808146682978e+09
1.710449809747262955e+09
1.710449811370867968e+09
1.710449812995481968e+09
1.710449814595108986e+09
1.710449816219038010e+09
1.710449817819721937e+09
1.710449819419867992e+09
1.710449820949939966e+09
1.710449822434139013e+09
1.710449823918628931e+09
1.710449825427871943e+09
1.710449827027347088e+09
1.710449828651299953e+09
1.710449830251748085e+09
1.710449831875145912e+09
1.710449833499269962e+09
1.710449835123219967e+09
1.710449836746541023e+09
1.710449838347552061e+09
1.710449839949522018e+09
1.710449841572484016e+09
1.710449843196397066e+09
1.710449844819112062e+09
1.710449846419536114e+09
1.710449848044131994e+09
1.710449849667136908e+09
1.710449851268119097e+09
1.710449852868976116e+09
1.710449854470155001e+09
1.710449856070713997e+09
1.710449857671538115e+09
1.710449859272445917e+09
1.710449860826231003e+09
1.710449862311065912e+09
1.710449863795747995e+09
1.710449865327265024e+09
1.710449866928222895e+09
1.710449868552166939e+09
1.710449870152252913e+09
1.710449871775927067e+09
1.710449873376199007e+09
1.710449874976900101e+09
1.710449876600663900e+09
1.710449878201148987e+09
1.710449879824631929e+09
1.710449881424884081e+09
1.710449883048479080e+09
1.710449884648394108e+09
1.710449886271270037e+09
1.710449887895152092e+09
1.710449889497272968e+09
1.710449891096579075e+09
1.710449892719805002e+09
1.710449894342983961e+09
1.710449895966711998e+09
1.710449897567040920e+09
1.710449899167431116e+09
1.710449900767882109e+09
1.710449902391494036e+09
1.710449903992191076e+09
1.710449905616506100e+09
1.710449907240338087e+09
1.710449908841744900e+09
1.710449910463707924e+09
1.710449912087441921e+09
1.710449913711014032e+09
1.710449915334625006e+09
1.710449916935889006e+09
1.710449918536570072e+09
1.710449920160346031e+09
1.710449921760931969e+09
1.710449923384972095e+09
1.710449925008908033e+09
1.710449926632772923e+09
1.710449928256047010e+09
1.710449929857043982e+09
1.710449931480675936e+09
1.710449933104180098e+09
1.710449934727686882e+09
1.710449936329443932e+09
1.710449937929275990e+09
1.710449939554755926e+09
1.710449941153466940e+09
1.710449942777272940e+09
1.710449944377299070e+09
1.710449946001003027e+09
1.710449947602705002e+09
1.710449949202073097e+09
1.710449950803014040e+09
1.710449952425790071e+09
1.710449954025553942e+09
1.710449955626156092e+09
1.710449957226919889e+09
1.710449958826947927e+09
1.710449960427941084e+09
1.710449962051407099e+09
1.710449963674542904e+09
1.710449965298254013e+09
1.710449966921797991e+09
1.710449968545381069e+09
1.710449970146195889e+09
1.710449971746822119e+09
1.710449973347270966e+09
1.710449974947973013e+09
1.710449976548933029e+09
1.710449978149188995e+09
1.710449979749517918e+09
1.710449981351145983e+09
1.710449982951738119e+09
1.710449984551820993e+09
1.710449986152257919e+09
1.710449987752207994e+09
1.710449989352895975e+09
1.710449990977248907e+09
1.710449992601083994e+09
1.710449994201600075e+09
1.710449995827209949e+09
1.710449997425584078e+09
1.710449999049927950e+09
1.710450000650320053e+09
1.710450002274214983e+09
1.710450003898478985e+09
1.710450005523092985e+09
1.710450007124660969e+09
1.710450008749542952e+09
1.710450010350085974e+09
1.710450011950516939e+09
1.710450012577425003e+09
