1.710271203994973898e+09
1.710271215938291073e+09
1.710271227953254938e+09
1.710271239897906065e+09
1.710271251890587091e+09
1.710271263812788963e+09
1.710271275711194038e+09
1.710271287659140110e+09
1.710271299603324890e+09
1.710271311640866995e+09
1.710271323586025953e+09
1.710271335529369116e+09
1.710271347593600035e+09
1.710271359544102907e+09
1.710271371538301945e+09
1.710271383531204939e+09
1.710271395500969887e+09
1.710271407491986990e+09
1.710271419485615969e+09
1.710271431475939989e+09
1.710271443491334915e+09
1.710271455465531111e+09
1.710271467477647066e+09
1.710271479448610067e+09
1.710271491393959999e+09
1.710271503341718912e+09
1.710271515242484093e+09
1.710271527186747074e+09
1.710271539155220032e+09
1.710271551097621918e+09
1.710271562995554924e+09
1.710271575033515930e+09
1.710271587046525002e+09
1.710271599013595104e+09
1.710271610937124968e+09
1.710271622861320972e+09
1.710271634828651905e+09
1.710271646821993113e+09
1.710271658816992044e+09
1.710271670785285950e+09
1.710271682778024912e+09
1.710271694700777054e+09
1.710271706715781927e+09
1.710271718661469936e+09
1.710271730817478895e+09
1.710271742740248919e+09
1.710271754686084032e+09
1.710271766748756886e+09
1.710271778741916895e+09
1.710271790687951088e+09
1.710271797997397900e+09
