1.709831812638782978e+09
1.709831824649087906e+09
1.709831837078629017e+09
1.709831849417752981e+09
1.709831862055879116e+09
1.709831874391856909e+09
1.709831886675924063e+09
1.709831899036557913e+09
1.709831911576899052e+09
1.709831923962002993e+09
1.709831936597296953e+09
1.709831949209249973e+09
1.709831961543823004e+09
1.709831974179155111e+09
1.709831986792393923e+09
1.709831999307451963e+09
1.709832011640338898e+09
1.709832023978713036e+09
1.709832036615149021e+09
1.709832048925519943e+09
1.709832061562371969e+09
1.709832074198386908e+09
1.709832086813986063e+09
1.709832099449544907e+09
1.709832112086715937e+09
1.709832124724385023e+09
1.709832137034120083e+09
1.709832149670337915e+09
1.709832162280878067e+09
1.709832174619254112e+09
1.709832187256499052e+09
1.709832199888887882e+09
1.709832212546582937e+09
1.709832225181479931e+09
1.709832237515723944e+09
1.709832249808864117e+09
1.709832262438124895e+09
1.709832275074021101e+09
1.709832287714103937e+09
1.709832300344193935e+09
1.709832312582040071e+09
1.709832324990257025e+09
1.709832337457171917e+09
1.709832349585382938e+09
1.709832362218988895e+09
1.709832374853728056e+09
1.709832387491725922e+09
1.709832400124910116e+09
1.709832412760859966e+09
1.709832425402698994e+09
1.709832438035919905e+09
1.709832450673513889e+09
1.709832463311101913e+09
1.709832475945806026e+09
1.709832488440273046e+09
1.709832500871237993e+09
1.709832513506990910e+09
1.709832526141882896e+09
1.709832538474091053e+09
1.709832550922458887e+09
1.709832563144498110e+09
1.709832575781271935e+09
1.709832588417989016e+09
1.709832601055546045e+09
1.709832613369697094e+09
1.709832626008985043e+09
1.709832638645375013e+09
1.709832651281930923e+09
1.709832663294375896e+09
1.709832675932701111e+09
1.709832688573008060e+09
1.709832701211808920e+09
1.709832713849241018e+09
1.709832726485265017e+09
1.709832738801542997e+09
1.709832751439425945e+09
1.709832764078454018e+09
1.709832776717721939e+09
1.709832789357588053e+09
1.709832801993489027e+09
1.709832814628926992e+09
1.709832827269722939e+09
1.709832839761329889e+09
1.709832852194132090e+09
1.709832864528234959e+09
1.709832877166524887e+09
1.709832889805489063e+09
1.709832902159046888e+09
1.709832914541246891e+09
1.709832927066920042e+09
1.709832939704919100e+09
1.709832952341806889e+09
1.709832964977941990e+09
1.709832977617376089e+09
1.709832990255095959e+09
1.709833002894138098e+09
1.709833015532222033e+09
1.709833028076128006e+09
1.709833040488464117e+09
1.709833053125150919e+09
1.709833065761339903e+09
1.709833078397366047e+09
1.709833090777205944e+09
1.709833103347618103e+09
1.709833115986048937e+09
1.709833128622888088e+09
1.709833141258598089e+09
1.709833153896089077e+09
1.709833166532588959e+09
1.709833179171631098e+09
1.709833191811153889e+09
1.709833204448084116e+09
1.709833216782869101e+09
1.709833229426671982e+09
1.709833242064074039e+09
1.709833254401947975e+09
1.709833266737303972e+09
1.709833279373820066e+09
1.709833292010629892e+09
1.709833304648509026e+09
1.709833317285439968e+09
1.709833329925935030e+09
1.709833342560610056e+09
1.709833355197400093e+09
1.709833367832694054e+09
1.709833380469446898e+09
1.709833393108015060e+09
1.709833405744952917e+09
1.709833418380652905e+09
1.709833431020667076e+09
1.709833443658562899e+09
1.709833456294493914e+09
1.709833468931833029e+09
1.709833481569132090e+09
1.709833494205461979e+09
1.709833506836822987e+09
1.709833519151726007e+09
1.709833531789180040e+09
1.709833544423846006e+09
1.709833557060384989e+09
1.709833569696962118e+09
1.709833582336627960e+09
1.709833594978343964e+09
1.709833607623246908e+09
1.709833620268407106e+09
1.709833632613483906e+09
1.709833645258260012e+09
1.709833657903522968e+09
1.709833670548275948e+09
1.709833683192353010e+09
1.709833695839931011e+09
1.709833708484473944e+09
1.709833720826994896e+09
1.709833733472524881e+09
1.709833746115700960e+09
1.709833758760907888e+09
1.709833771400724888e+09
1.709833784037415028e+09
1.709833796678409100e+09
1.709833809316585064e+09
1.709833821956007004e+09
1.709833834594647884e+09
1.709833847231802940e+09
1.709833859869885921e+09
1.709833872506067038e+09
1.709833885142019987e+09
1.709833897780292988e+09
1.709833910422131062e+09
1.709833923065905094e+09
1.709833935408478975e+09
1.709833948052191019e+09
1.709833960370948076e+09
1.709833973012866974e+09
1.709833985657599926e+09
1.709833998393902063e+09
1.709834010728698015e+09
1.709834023365694046e+09
1.709834036000089884e+09
1.709834048640640020e+09
1.709834061278615952e+09
1.709834073914007902e+09
1.709834086551409960e+09
1.709834099090379953e+09
1.709834111239300966e+09
1.709834123809837103e+09
1.709834136444627047e+09
1.709834149080173969e+09
1.709834161440967083e+09
1.709834174039675951e+09
1.709834186684823990e+09
1.709834199324945927e+09
1.709834211667694092e+09
1.709834224310919046e+09
1.709834236950493097e+09
1.709834249589081049e+09
1.709834262228549004e+09
1.709834274867702007e+09
1.709834287485099077e+09
1.709834299802222967e+09
1.709834312441301107e+09
1.709834325103732109e+09
1.709834337736740112e+09
1.709834350376240015e+09
1.709834363011789083e+09
1.709834375649760962e+09
1.709834388289374113e+09
1.709834400925348043e+09
1.709834413563801050e+09
1.709834426204410076e+09
1.709834438840075970e+09
1.709834451477905035e+09
1.709834464115648031e+09
1.709834476752250910e+09
1.709834489414938927e+09
1.709834502058351994e+09
1.709834514701672077e+09
1.709834527021497965e+09
1.709834539687089920e+09
1.709834552332870960e+09
1.709834564978427887e+09
1.709834577617609024e+09
1.709834590255155087e+09
1.709834602890271902e+09
1.709834615224436045e+09
1.709834627861877918e+09
1.709834640335721970e+09
1.709834652838191986e+09
1.709834665472853899e+09
1.709834678111277103e+09
1.709834690750055075e+09
1.709834703063318014e+09
1.709834715235836029e+09
1.709834727716371059e+09
1.709834740353815079e+09
1.709834752992007971e+09
1.709834765632797956e+09
1.709834778275293112e+09
1.709834790910402060e+09
1.709834803548700094e+09
1.709834816189451933e+09
1.709834828763077021e+09
1.709834841144185066e+09
1.709834853782751083e+09
1.709834866423222065e+09
1.709834879062653065e+09
1.709834891467082024e+09
1.709834903712188959e+09
1.709834916349131107e+09
1.709834928990382910e+09
1.709834941632514000e+09
1.709834954274856091e+09
1.709834966917375088e+09
1.709834979563014984e+09
1.709834992185523033e+09
1.709835004824219942e+09
1.709835017463186026e+09
1.709835030107218981e+09
1.709835042749752045e+09
1.709835055395426989e+09
1.709835068039339066e+09
1.709835080683229923e+09
1.709835093327017069e+09
1.709835105965303898e+09
1.709835118606090069e+09
1.709835131247764111e+09
1.709835143888314009e+09
1.709835156530188084e+09
1.709835169170635939e+09
1.709835181552139997e+09
1.709835193779923916e+09
1.709835206322741985e+09
1.709835218732131004e+09
1.709835231371793985e+09
1.709835244011492968e+09
1.709835256648575068e+09
1.709835269287338972e+09
1.709835281928939104e+09
1.709835294573667049e+09
1.709835307217463970e+09
1.709835319864383936e+09
1.709835332534951925e+09
1.709835345203155994e+09
1.709835357847413063e+09
1.709835370493216991e+09
1.709835383138509989e+09
1.709835395785130024e+09
1.709835402140515089e+09
