1.710446418912918091e+09
1.710446420420928955e+09
1.710446421928993940e+09
1.710446423485018015e+09
1.710446425085606098e+09
1.710446426686533928e+09
1.710446428288945913e+09
1.710446429888762951e+09
1.710446431490117073e+09
1.710446433090892076e+09
1.710446434715127945e+09
1.710446436339485884e+09
1.710446437940793991e+09
1.710446439565681934e+09
1.710446441189652920e+09
1.710446442791004896e+09
1.710446444415280104e+09
1.710446446016390085e+09
1.710446447640881062e+09
1.710446449265434027e+09
1.710446450888871908e+09
1.710446452489725113e+09
1.710446454113786936e+09
1.710446455738570929e+09
1.710446457338423967e+09
1.710446458939608097e+09
1.710446460540127993e+09
1.710446462140944004e+09
1.710446463742119074e+09
1.710446465342696905e+09
1.710446466967313051e+09
1.710446468567682981e+09
1.710446470193615913e+09
1.710446471792726040e+09
1.710446473416647911e+09
1.710446475018353939e+09
1.710446476619229078e+09
1.710446478243381977e+09
1.710446479867289066e+09
1.710446481490933895e+09
1.710446483115174055e+09
1.710446484716384888e+09
1.710446486340740919e+09
1.710446487940956116e+09
1.710446489542421103e+09
1.710446491143970013e+09
1.710446492743787050e+09
1.710446494345453978e+09
1.710446495946362972e+09
1.710446497570616007e+09
1.710446499195075035e+09
1.710446500796339989e+09
1.710446502397330046e+09
1.710446504021280050e+09
1.710446505644989967e+09
1.710446507269577026e+09
1.710446508870048046e+09
1.710446510470904112e+09
1.710446512095484972e+09
1.710446513647783041e+09
1.710446515132774115e+09
1.710446516617597103e+09
1.710446518149930954e+09
1.710446519751332998e+09
1.710446521352093935e+09
1.710446522976150990e+09
1.710446524599930048e+09
1.710446526223262072e+09
1.710446527823777914e+09
1.710446529425070047e+09
1.710446531025788069e+09
1.710446532649636984e+09
1.710446534273571968e+09
1.710446535898380995e+09
1.710446537521912098e+09
1.710446539146388054e+09
1.710446540746742010e+09
1.710446542347779036e+09
1.710446543948539019e+09
1.710446545572597027e+09
1.710446547174153090e+09
1.710446548774722099e+09
1.710446550398624897e+09
1.710446552022521973e+09
1.710446553646536112e+09
1.710446555270663023e+09
1.710446556893783092e+09
1.710446558518930912e+09
1.710446560119497061e+09
1.710446561743009090e+09
1.710446563344094038e+09
1.710446564967770100e+09
1.710446566591743946e+09
1.710446568192894936e+09
1.710446569794269085e+09
1.710446571418287992e+09
1.710446573019148111e+09
1.710446574619767904e+09
1.710446576220844984e+09
1.710446577845169067e+09
1.710446579445473909e+09
1.710446581046253920e+09
1.710446582647872925e+09
1.710446584248678923e+09
1.710446585873191118e+09
1.710446587474345922e+09
1.710446589075251102e+09
1.710446590699574947e+09
1.710446592300935030e+09
1.710446593925092936e+09
1.710446595549598932e+09
1.710446597197242975e+09
1.710446598797965050e+09
1.710446600422260046e+09
1.710446602023276091e+09
1.710446603647594929e+09
1.710446605248650074e+09
1.710446606850341082e+09
1.710446608474725962e+09
1.710446610075375080e+09
1.710446611677067995e+09
1.710446613277811050e+09
1.710446614879095078e+09
1.710446616479924917e+09
1.710446618081048965e+09
1.710446619682140112e+09
1.710446621306914091e+09
1.710446622931529045e+09
1.710446624533227921e+09
1.710446626134743929e+09
1.710446627758799076e+09
1.710446629359800100e+09
1.710446630961529970e+09
1.710446632562405109e+09
1.710446634165533066e+09
1.710446635787869930e+09
1.710446637388744116e+09
1.710446638990791082e+09
1.710446640591422081e+09
1.710446642216442108e+09
1.710446643817245007e+09
1.710446645419970036e+09
1.710446647018871069e+09
1.710446648643559933e+09
1.710446650245340109e+09
1.710446651845194101e+09
1.710446653469729900e+09
1.710446655094307899e+09
1.710446656718229055e+09
1.710446658318427086e+09
1.710446659942802906e+09
1.710446661567382097e+09
1.710446663191764116e+09
1.710446664792542934e+09
1.710446666393970966e+09
1.710446668018277884e+09
1.710446669642422915e+09
1.710446671244126081e+09
1.710446672845568895e+09
1.710446674470323086e+09
1.710446676071585894e+09
1.710446677695648909e+09
1.710446679319936037e+09
1.710446680944288015e+09
1.710446682568730116e+09
1.710446684193345070e+09
1.710446685816793919e+09
1.710446687441148043e+09
1.710446689065556049e+09
1.710446690689659119e+09
1.710446692314510107e+09
1.710446693915638924e+09
1.710446695518183947e+09
1.710446697118702888e+09
1.710446698719304085e+09
1.710446700343540907e+09
1.710446701967556953e+09
1.710446703568610907e+09
1.710446705169114113e+09
1.710446706793381929e+09
1.710446708394367933e+09
1.710446709994971991e+09
1.710446711595490932e+09
1.710446713219332933e+09
1.710446714820988894e+09
1.710446716421649933e+09
1.710446718045542955e+09
1.710446719669604063e+09
1.710446721294506073e+09
1.710446722894853115e+09
1.710446724518985987e+09
1.710446726143122911e+09
1.710446727766961098e+09
1.710446729367208958e+09
1.710446730991374969e+09
1.710446732615583897e+09
1.710446734239342928e+09
1.710446735839888096e+09
1.710446737464247942e+09
1.710446739087783098e+09
1.710446740689157009e+09
1.710446742290046930e+09
1.710446743890882969e+09
1.710446745492253065e+09
1.710446747116328955e+09
1.710446748739864111e+09
1.710446750341609001e+09
1.710446751965939045e+09
1.710446753566329956e+09
1.710446755166912079e+09
1.710446756790297985e+09
1.710446758413769960e+09
1.710446760037458897e+09
1.710446761638335943e+09
1.710446763239125967e+09
1.710446764864222050e+09
1.710446766463794947e+09
1.710446768064630032e+09
1.710446769665144920e+09
1.710446771289310932e+09
1.710446772889847040e+09
1.710446774491528034e+09
1.710446776092540026e+09
1.710446777716690063e+09
1.710446779317512989e+09
1.710446780943037987e+09
1.710446782543773890e+09
1.710446784144731998e+09
1.710446785768975019e+09
1.710446787370043039e+09
1.710446788970539093e+09
1.710446790594707012e+09
1.710446792196196079e+09
1.710446793796901941e+09
1.710446795421191931e+09
1.710446797044847965e+09
1.710446798668844938e+09
1.710446800270180941e+09
1.710446801871532917e+09
1.710446803473179102e+09
1.710446805073287010e+09
1.710446806674212933e+09
1.710446808275748968e+09
1.710446809877310038e+09
1.710446811501061916e+09
1.710446813102253914e+09
1.710446814703449965e+09
1.710446816350820065e+09
1.710446817975739956e+09
1.710446819576370001e+09
1.710446821200998068e+09
1.710446822823323011e+09
1.710446824308424950e+09
1.710446825793153048e+09
1.710446827280080080e+09
1.710446828833990097e+09
1.710446830458759069e+09
1.710446832059492111e+09
1.710446833661070108e+09
1.710446835285293102e+09
1.710446836886286020e+09
1.710446838487375975e+09
1.710446840112127066e+09
1.710446841736331940e+09
1.710446843361032009e+09
1.710446844962019920e+09
1.710446846563219070e+09
1.710446848163738966e+09
1.710446849788269997e+09
1.710446851389066935e+09
1.710446852989968061e+09
1.710446854591397047e+09
1.710446856216257095e+09
1.710446857817441940e+09
1.710446859419550896e+09
1.710446861043334007e+09
1.710446862644710064e+09
1.710446864246059895e+09
1.710446865847091913e+09
1.710446867447742939e+09
1.710446869048571110e+09
1.710446870649323940e+09
1.710446872251620054e+09
1.710446873851727962e+09
1.710446875453449965e+09
1.710446877078022003e+09
1.710446878679267883e+09
1.710446880280318022e+09
1.710446881904618979e+09
1.710446883528919935e+09
1.710446885153614044e+09
1.710446886754410028e+09
1.710446888379200935e+09
1.710446890005181074e+09
1.710446891604697943e+09
1.710446893229188919e+09
1.710446894853950024e+09
1.710446896479110003e+09
1.710446898080368996e+09
1.710446899704905033e+09
1.710446901330164909e+09
1.710446902931026936e+09
1.710446904532258034e+09
1.710446906156917095e+09
1.710446907781483889e+09
1.710446909406801939e+09
1.710446911008404970e+09
1.710446912608556986e+09
1.710446914233412027e+09
1.710446915858191967e+09
1.710446917459347010e+09
1.710446919061343908e+09
1.710446920662139893e+09
1.710446922263493061e+09
1.710446923865211010e+09
1.710446925489973068e+09
1.710446927114562035e+09
1.710446928715584040e+09
1.710446930317028999e+09
1.710446931918066025e+09
1.710446933542630911e+09
1.710446935144433975e+09
1.710446936745696068e+09
1.710446938346956015e+09
1.710446939972373962e+09
1.710446941597393990e+09
1.710446943198348045e+09
1.710446944799104929e+09
1.710446946424669981e+09
1.710446948025243998e+09
1.710446949627279043e+09
1.710446951228770971e+09
1.710446952852961063e+09
1.710446954454610109e+09
1.710446956055854082e+09
1.710446957657928944e+09
1.710446959282449007e+09
1.710446960883403063e+09
1.710446962484963894e+09
1.710446964110165119e+09
1.710446965733668089e+09
1.710446967358042002e+09
1.710446968959261894e+09
1.710446970560731888e+09
1.710446972184731007e+09
1.710446973785927057e+09
1.710446975410154104e+09
1.710446977034532070e+09
1.710446978658690929e+09
1.710446980259824991e+09
1.710446981884725094e+09
1.710446983485451937e+09
1.710446985039226055e+09
1.710446986524369955e+09
1.710446988009258032e+09
1.710446989565983057e+09
1.710446991166790962e+09
1.710446992789861917e+09
1.710446994414066076e+09
1.710446996016639948e+09
1.710446997616224051e+09
1.710446999240962982e+09
1.710447000841778994e+09
1.710447002442743063e+09
1.710447004066737890e+09
1.710447005690187931e+09
1.710447007291062117e+09
1.710447008891649961e+09
1.710447010515758991e+09
1.710447012117062092e+09
1.710447013741126060e+09
1.710447015365758896e+09
1.710447016989636898e+09
1.710447018590662956e+09
1.710447020191472054e+09
1.710447021792892933e+09
1.710447022820801973e+09
