1.710513989729681015e+09
1.710514001856566906e+09
1.710514013937551022e+09
1.710514025879053116e+09
1.710514037890304089e+09
1.710514049949316025e+09
1.710514061982786894e+09
1.710514073993870974e+09
1.710514085937807083e+09
1.710514097977391005e+09
1.710514109922760963e+09
1.710514121978029013e+09
1.710514133898931026e+09
1.710514145863859892e+09
1.710514157780452013e+09
1.710514169791063070e+09
1.710514181709745884e+09
1.710514193582504034e+09
1.710514205520097017e+09
1.710514217506675959e+09
1.710514229423955917e+09
1.710514241365396976e+09
1.710514253306296110e+09
1.710514265223134041e+09
1.710514277142467022e+09
1.710514289014743090e+09
1.710514300956623077e+09
1.710514312875169992e+09
1.710514324839936972e+09
1.710514336785860062e+09
1.710514348705571890e+09
1.710514360695410967e+09
1.710514372660501003e+09
1.710514384531047106e+09
1.710514396473831892e+09
1.710514408392544985e+09
1.710514420407143116e+09
1.710514432393528938e+09
1.710514444287695885e+09
1.710514456229624987e+09
1.710514468147861004e+09
1.710514480019201994e+09
1.710514491982537985e+09
1.710514503927202940e+09
1.710514515914547920e+09
1.710514527859014034e+09
1.710514539873383045e+09
1.710514551769644022e+09
1.710514563759377003e+09
1.710514575723378897e+09
1.710514579748214006e+09
