1.710361761670768023e+09
1.710361763154932022e+09
1.710361764639205933e+09
1.710361766218584061e+09
1.710361767817369938e+09
1.710361769324817896e+09
1.710361770810955048e+09
1.710361772292464018e+09
1.710361773847536087e+09
1.710361775447973013e+09
1.710361777047943115e+09
1.710361778647840977e+09
1.710361780248222113e+09
1.710361781849204063e+09
1.710361783449492931e+09
1.710361785072242022e+09
1.710361786718627930e+09
1.710361788364921093e+09
1.710361789988343000e+09
1.710361791611748934e+09
1.710361793234868050e+09
1.710361794834963083e+09
1.710361796458247900e+09
1.710361798081470013e+09
1.710361799682342052e+09
1.710361801282572985e+09
1.710361802882713079e+09
1.710361804506097078e+09
1.710361806105604887e+09
1.710361807657577038e+09
1.710361809141343117e+09
1.710361810625351906e+09
1.710361812179801941e+09
1.710361813779369116e+09
1.710361815379398108e+09
1.710361817001873016e+09
1.710361818625308990e+09
1.710361820248723984e+09
1.710361821872128963e+09
1.710361823495057106e+09
1.710361825094644070e+09
1.710361826693811893e+09
1.710361828340414047e+09
1.710361829892353058e+09
1.710361831399485111e+09
1.710361832882972956e+09
1.710361834437118053e+09
1.710361836060234070e+09
1.710361837683722973e+09
1.710361839283385038e+09
1.710361840883786917e+09
1.710361842506642103e+09
1.710361844129174948e+09
1.710361845729336977e+09
1.710361847329211950e+09
1.710361848951792955e+09
1.710361850551469088e+09
1.710361852150969982e+09
1.710361853774020910e+09
1.710361855399699926e+09
1.710361856998042107e+09
1.710361858621269941e+09
1.710361860244308949e+09
1.710361861868062973e+09
1.710361863468683958e+09
1.710361865068388939e+09
1.710361866667967081e+09
1.710361868291443110e+09
1.710361869892038107e+09
1.710361871492439985e+09
1.710361873115241051e+09
1.710361874737957001e+09
1.710361876337577105e+09
1.710361877960994959e+09
1.710361879583628893e+09
1.710361881206465006e+09
1.710361882829302073e+09
1.710361884429240942e+09
1.710361886029855013e+09
1.710361887653004885e+09
1.710361889253426075e+09
1.710361890853755951e+09
1.710361892478488922e+09
1.710361894099575996e+09
1.710361895723185062e+09
1.710361897346554995e+09
1.710361898946490049e+09
1.710361900569694996e+09
1.710361902192941904e+09
1.710361903793526888e+09
1.710361905416768074e+09
1.710361907040364027e+09
1.710361908663897038e+09
1.710361910263972998e+09
1.710361911889339924e+09
1.710361913510796070e+09
1.710361915111641884e+09
1.710361916734862089e+09
1.710361918357990026e+09
1.710361919981659889e+09
1.710361921581850052e+09
1.710361923182188034e+09
1.710361924734771013e+09
1.710361926218784094e+09
1.710361927703381062e+09
1.710361929211983919e+09
1.710361930811923981e+09
1.710361932435451031e+09
1.710361934035820961e+09
1.710361935659281969e+09
1.710361937282399893e+09
1.710361938905880928e+09
1.710361940552278042e+09
1.710361942152455091e+09
1.710361943775790930e+09
1.710361945351391077e+09
1.710361946858724117e+09
1.710361948365804911e+09
1.710361949874223948e+09
1.710361951497256041e+09
1.710361953097696066e+09
1.710361954697813988e+09
1.710361956298059940e+09
1.710361957921566963e+09
1.710361959544545889e+09
1.710361961167948961e+09
1.710361962790817976e+09
1.710361964414263010e+09
1.710361966037705898e+09
1.710361967637634993e+09
1.710361969261203051e+09
1.710361970884254932e+09
1.710361972484492064e+09
1.710361974110351086e+09
1.710361975731659889e+09
1.710361977332046986e+09
1.710361978954811096e+09
1.710361980578389883e+09
1.710361982201886892e+09
1.710361983824517012e+09
1.710361985448750973e+09
1.710361987095412016e+09
1.710361988718352079e+09
1.710361990341303110e+09
1.710361991941452980e+09
1.710361993565557003e+09
1.710361995189173937e+09
1.710361996813225031e+09
1.710361998414915085e+09
1.710362000013535976e+09
1.710362001637504101e+09
1.710362003260745049e+09
1.710362004884596109e+09
1.710362006531502962e+09
1.710362008131700039e+09
1.710362009756161928e+09
1.710362011356899023e+09
1.710362012980278969e+09
1.710362014626733065e+09
1.710362016227217913e+09
1.710362017827864885e+09
1.710362019474731922e+09
1.710362021098273039e+09
1.710362022721409082e+09
1.710362024345006943e+09
1.710362025945647955e+09
1.710362027569288015e+09
1.710362029192924023e+09
1.710362030816519022e+09
1.710362032440087080e+09
1.710362034063585997e+09
1.710362035687773943e+09
1.710362037287938118e+09
1.710362038887334108e+09
1.710362040510730982e+09
1.710362042086847067e+09
1.710362043571583033e+09
1.710362045055937052e+09
1.710362046610816956e+09
1.710362048234956026e+09
1.710362049835315943e+09
1.710362051435389996e+09
1.710362052941819906e+09
1.710362054426162004e+09
1.710362055910382032e+09
1.710362057442153931e+09
1.710362059042026043e+09
1.710362060665524006e+09
1.710362062266351938e+09
1.710362063866734028e+09
1.710362065467037916e+09
1.710362067090061903e+09
1.710362068690241098e+09
1.710362070290232897e+09
1.710362071913880110e+09
1.710362073536812067e+09
1.710362075159919977e+09
1.710362076760032892e+09
1.710362078382468939e+09
1.710362080006098986e+09
1.710362081630301952e+09
1.710362083230722904e+09
1.710362084853641033e+09
1.710362086477411032e+09
1.710362088100703955e+09
1.710362089747636080e+09
1.710362091369960070e+09
1.710362092922911882e+09
1.710362094430459023e+09
1.710362095914715052e+09
1.710362097446839094e+09
1.710362099071010113e+09
1.710362100693738937e+09
1.710362102317305088e+09
1.710362103940412045e+09
1.710362105563643932e+09
1.710362107164156914e+09
1.710362108787487030e+09
1.710362110388117075e+09
1.710362112011631966e+09
1.710362113611656904e+09
1.710362115212054968e+09
1.710362116833966017e+09
1.710362118457391024e+09
1.710362120057326078e+09
1.710362121657061100e+09
1.710362123280472040e+09
1.710362124927443027e+09
1.710362126527398109e+09
1.710362128127782106e+09
1.710362129727900982e+09
1.710362131351541042e+09
1.710362132952842951e+09
1.710362134552407980e+09
1.710362136152543068e+09
1.710362137775938988e+09
1.710362139376380920e+09
1.710362140976281881e+09
1.710362142576268911e+09
1.710362144199646950e+09
1.710362145799957037e+09
1.710362147400624037e+09
1.710362149023744106e+09
1.710362150647178888e+09
1.710362152246726036e+09
1.710362153870142937e+09
1.710362155493289948e+09
1.710362157093142033e+09
1.710362158693675041e+09
1.710362160316401958e+09
1.710362161939846039e+09
1.710362163563312054e+09
1.710362165163003922e+09
1.710362166763310909e+09
1.710362168385920048e+09
1.710362170009641886e+09
1.710362171609762907e+09
1.710362173209482908e+09
1.710362174809978962e+09
1.710362176409485102e+09
1.710362178032614946e+09
1.710362179584414005e+09
1.710362181091480970e+09
1.710362182575304985e+09
1.710362184106447935e+09
1.710362185753006935e+09
1.710362187352386951e+09
1.710362188952802896e+09
1.710362190576178074e+09
1.710362192198834896e+09
1.710362193822040081e+09
1.710362195422704935e+09
1.710362197046462059e+09
1.710362198645536900e+09
1.710362200292191029e+09
1.710362201915246010e+09
1.710362203537828922e+09
1.710362205137448072e+09
1.710362206737102032e+09
1.710362208360559940e+09
1.710362209983954906e+09
1.710362211584539890e+09
1.710362213184004068e+09
1.710362214807368994e+09
1.710362216429894924e+09
1.710362218030261040e+09
1.710362219581895113e+09
1.710362221089482069e+09
1.710362222596693993e+09
1.710362224128950119e+09
1.710362225752161026e+09
1.710362227375339985e+09
1.710362228997919083e+09
1.710362230598248959e+09
1.710362232220760107e+09
1.710362233845108032e+09
1.710362235467825890e+09
1.710362237068928003e+09
1.710362238691063881e+09
1.710362240314726114e+09
1.710362241938143969e+09
1.710362243538039923e+09
1.710362245137753010e+09
1.710362246737895012e+09
1.710362248360521078e+09
1.710362249960771084e+09
1.710362251563325882e+09
1.710362253184679985e+09
1.710362254808598995e+09
1.710362256408818960e+09
1.710362258008975983e+09
1.710362259633038998e+09
1.710362261256028891e+09
1.710362262903321028e+09
1.710362264503163099e+09
1.710362266103281975e+09
1.710362267726692915e+09
1.710362269327683926e+09
1.710362270928226948e+09
1.710362272552105904e+09
1.710362274175661087e+09
1.710362275777458906e+09
1.710362277375942945e+09
1.710362278999806881e+09
1.710362280623027086e+09
1.710362282223670959e+09
1.710362283846951008e+09
1.710362285470249891e+09
1.710362287094620943e+09
1.710362288740956068e+09
1.710362290364526987e+09
1.710362291988147974e+09
1.710362293611741066e+09
1.710362295211996078e+09
1.710362296835351944e+09
1.710362298458846092e+09
1.710362300058876991e+09
1.710362301660032988e+09
1.710362303260243893e+09
1.710362304884083033e+09
1.710362306508152008e+09
1.710362308130975008e+09
1.710362309731230021e+09
1.710362311357141018e+09
1.710362312978717089e+09
1.710362314578511000e+09
1.710362316202421904e+09
1.710362317825923920e+09
1.710362319449538946e+09
1.710362321049906969e+09
1.710362322650363922e+09
1.710362324250089884e+09
1.710362325873735905e+09
1.710362327496865034e+09
1.710362329120296955e+09
1.710362330743657112e+09
1.710362332367353916e+09
1.710362333990689993e+09
1.710362335613431931e+09
1.710362337237008095e+09
1.710362338860729933e+09
1.710362340484875917e+09
1.710362342084471941e+09
1.710362343707664967e+09
1.710362345307939053e+09
1.710362346908796072e+09
1.710362348508831024e+09
1.710362350132293940e+09
1.710362351756256104e+09
1.710362353356838942e+09
1.710362354980690956e+09
1.710362356602458000e+09
1.710362358225904942e+09
1.710362359825922012e+09
1.710362361449347973e+09
1.710362363073995113e+09
1.710362364123279095e+09
