1.710365340826406956e+09
1.710365342333276033e+09
1.710365343817143917e+09
1.710365345395893097e+09
1.710365346994618893e+09
1.710365348594264030e+09
1.710365350194087982e+09
1.710365351817362070e+09
1.710365353440351963e+09
1.710365355062925100e+09
1.710365356662673950e+09
1.710365358285718918e+09
1.710365359909121990e+09
1.710365361531958103e+09
1.710365363155930996e+09
1.710365364778687000e+09
1.710365366378334045e+09
1.710365368001523018e+09
1.710365369624609947e+09
1.710365371247335911e+09
1.710365372847193956e+09
1.710365374447150946e+09
1.710365376070529938e+09
1.710365377693599939e+09
1.710365379317127943e+09
1.710365380963406086e+09
1.710365382586266994e+09
1.710365384186209917e+09
1.710365385809576988e+09
1.710365387432662964e+09
1.710365389055862904e+09
1.710365390678910017e+09
1.710365392278673887e+09
1.710365393878688097e+09
1.710365395502207041e+09
1.710365397125380039e+09
1.710365398725960016e+09
1.710365400326400995e+09
1.710365401926069021e+09
1.710365403550187111e+09
1.710365405150312901e+09
1.710365406750015974e+09
1.710365408373426914e+09
1.710365409996911049e+09
1.710365411621295929e+09
1.710365413243952036e+09
1.710365414866942883e+09
1.710365416490518093e+09
1.710365418112690926e+09
1.710365419736027002e+09
1.710365421359333992e+09
1.710365422982150078e+09
1.710365424582667112e+09
1.710365426206049919e+09
1.710365427828696012e+09
1.710365429451363087e+09
1.710365431051564932e+09
1.710365432673986912e+09
1.710365434297157049e+09
1.710365435920381069e+09
1.710365437519758940e+09
1.710365439120141983e+09
1.710365440765377045e+09
1.710365442388210058e+09
1.710365443988061905e+09
1.710365445587925911e+09
1.710365447211050987e+09
1.710365448834254026e+09
1.710365450434144020e+09
1.710365452033915043e+09
1.710365453657296896e+09
1.710365455302706003e+09
1.710365456926057100e+09
1.710365458548887014e+09
1.710365460171961069e+09
1.710365461772110939e+09
1.710365463372484922e+09
1.710365464995810032e+09
1.710365466618957043e+09
1.710365468241828918e+09
1.710365469888134956e+09
1.710365471488190889e+09
1.710365473110584021e+09
1.710365474733946085e+09
1.710365476356802940e+09
1.710365477979228020e+09
1.710365479602025032e+09
1.710365481224932909e+09
1.710365482847909927e+09
1.710365484470891953e+09
1.710365486094094038e+09
1.710365487717003107e+09
1.710365489316756964e+09
1.710365490916731119e+09
1.710365492517293930e+09
1.710365494139705896e+09
1.710365495762571096e+09
1.710365497363215923e+09
1.710365498963001966e+09
1.710365500585839033e+09
1.710365502185868025e+09
1.710365503785372972e+09
1.710365505408694029e+09
1.710365507031384945e+09
1.710365508631567001e+09
1.710365510254765987e+09
1.710365511877881050e+09
1.710365513478107929e+09
1.710365515078830004e+09
1.710365516677740097e+09
1.710365518301256895e+09
1.710365519924474955e+09
1.710365521546705008e+09
1.710365523169482946e+09
1.710365524769076109e+09
1.710365526392796993e+09
1.710365528015537977e+09
1.710365529637919903e+09
1.710365531237915039e+09
1.710365532861011982e+09
1.710365534484117031e+09
1.710365536083928108e+09
1.710365537708748102e+09
1.710365539329668045e+09
1.710365540975720882e+09
1.710365542599003077e+09
1.710365544199445963e+09
1.710365545822349072e+09
1.710365547468751907e+09
1.710365549092156887e+09
1.710365550715459108e+09
1.710365552338551998e+09
1.710365553961703062e+09
1.710365555561924934e+09
1.710365557185004950e+09
1.710365558808243036e+09
1.710365560408195019e+09
1.710365562008537054e+09
1.710365563608139992e+09
1.710365565238574982e+09
1.710365566831546068e+09
1.710365568454857111e+09
1.710365570077668905e+09
1.710365571701277018e+09
1.710365573323929071e+09
1.710365574946871042e+09
1.710365576594033957e+09
1.710365578217179060e+09
1.710365579840643883e+09
1.710365581464387894e+09
1.710365583088596106e+09
1.710365584710602045e+09
1.710365586357192993e+09
1.710365587982182026e+09
1.710365589603286982e+09
1.710365591226596117e+09
1.710365592826301098e+09
1.710365594449604988e+09
1.710365596074470043e+09
1.710365597696254969e+09
1.710365599296044111e+09
1.710365600918965101e+09
1.710365602542200089e+09
1.710365604165575027e+09
1.710365605765438080e+09
1.710365607365150928e+09
1.710365608965156078e+09
1.710365610588707924e+09
1.710365612211965084e+09
1.710365613812000036e+09
1.710365615435345888e+09
1.710365617035372019e+09
1.710365618634857893e+09
1.710365620258213043e+09
1.710365621858655930e+09
1.710365623481667995e+09
1.710365625107974052e+09
1.710365626705300093e+09
1.710365628305139065e+09
1.710365629928949118e+09
1.710365631529210091e+09
1.710365633129018068e+09
1.710365634775038958e+09
1.710365636398654938e+09
1.710365638022922039e+09
1.710365639645241976e+09
1.710365641268587112e+09
1.710365642892025948e+09
1.710365644538554907e+09
1.710365646185610056e+09
1.710365647809214115e+09
1.710365649432339907e+09
1.710365651032432079e+09
1.710365652584644079e+09
1.710365654091898918e+09
1.710365655600474119e+09
1.710365657130573034e+09
1.710365658776495934e+09
1.710365660399540901e+09
1.710365661999702930e+09
1.710365663599004984e+09
1.710365665198468924e+09
1.710365666821468115e+09
1.710365668444936037e+09
1.710365670068672895e+09
1.710365671690713882e+09
1.710365673313927889e+09
1.710365674913678885e+09
1.710365676536746025e+09
1.710365678136451006e+09
1.710365679736753941e+09
1.710365681337371111e+09
1.710365682960253954e+09
1.710365684583995104e+09
1.710365686206882000e+09
1.710365687830007076e+09
1.710365689453174114e+09
1.710365691076236010e+09
1.710365692675925016e+09
1.710365694298603058e+09
1.710365695921906948e+09
1.710365697543994904e+09
1.710365699143852949e+09
1.710365700766448975e+09
1.710365702389642000e+09
1.710365704012453079e+09
1.710365705612113953e+09
1.710365707235553980e+09
1.710365708858097076e+09
1.710365710481529951e+09
1.710365712081490040e+09
1.710365713704543114e+09
1.710365715305613995e+09
1.710365716927957058e+09
1.710365718550451040e+09
1.710365720173793077e+09
1.710365721843555927e+09
1.710365723466531992e+09
1.710365725089704990e+09
1.710365726712872982e+09
1.710365728335851908e+09
1.710365729936052084e+09
1.710365731536024094e+09
1.710365733158581972e+09
1.710365734781640053e+09
1.710365736404278994e+09
1.710365738028016090e+09
1.710365739651061058e+09
1.710365741273256063e+09
1.710365742896440983e+09
1.710365744519649029e+09
1.710365746120044947e+09
1.710365747742521048e+09
1.710365749365725040e+09
1.710365750965996027e+09
1.710365752565443993e+09
1.710365754188699961e+09
1.710365755812159061e+09
1.710365757434927940e+09
1.710365759035834074e+09
1.710365760634962082e+09
1.710365762258177996e+09
1.710365763857347012e+09
1.710365765457509041e+09
1.710365767080559015e+09
1.710365768704504967e+09
1.710365770303133965e+09
1.710365771949621916e+09
1.710365773548899889e+09
1.710365775172364950e+09
1.710365776795609951e+09
1.710365778442150116e+09
1.710365780064573050e+09
1.710365781688020945e+09
1.710365783310945988e+09
1.710365784933706999e+09
1.710365786556448936e+09
1.710365788179816961e+09
1.710365789826122999e+09
1.710365791449162006e+09
1.710365793072508097e+09
1.710365794718559027e+09
1.710365796341676950e+09
1.710365797942018986e+09
1.710365799565851927e+09
1.710365801188366890e+09
1.710365802788552999e+09
1.710365804411442995e+09
1.710365806034389019e+09
1.710365807634888887e+09
1.710365809257637024e+09
1.710365810881575108e+09
1.710365812481204987e+09
1.710365814104573011e+09
1.710365815727802038e+09
1.710365817374592066e+09
1.710365818997247934e+09
1.710365820644114971e+09
1.710365822243742943e+09
1.710365823866786003e+09
1.710365825489859104e+09
1.710365827089927912e+09
1.710365828690853119e+09
1.710365830312855959e+09
1.710365831936661959e+09
1.710365833536550999e+09
1.710365835136050940e+09
1.710365836736021996e+09
1.710365838335809946e+09
1.710365839958935022e+09
1.710365841558567047e+09
1.710365843158967018e+09
1.710365844781445026e+09
1.710365846404690981e+09
1.710365848028378010e+09
1.710365849627579927e+09
1.710365851251646996e+09
1.710365852874155045e+09
1.710365854497267008e+09
1.710365856121026039e+09
1.710365857743921995e+09
1.710365859366983891e+09
1.710365860967341900e+09
1.710365862590418100e+09
1.710365864214035034e+09
1.710365865813518047e+09
1.710365867436546087e+09
1.710365869036648035e+09
1.710365870637259960e+09
1.710365872261111021e+09
1.710365873860579014e+09
1.710365875460585117e+09
1.710365877060935974e+09
1.710365878684655905e+09
1.710365880284038067e+09
1.710365881906563997e+09
1.710365883507293940e+09
1.710365885107949972e+09
1.710365886730360985e+09
1.710365888353836060e+09
1.710365889976908922e+09
1.710365891600606918e+09
1.710365893200994968e+09
1.710365894801264048e+09
1.710365896400724888e+09
1.710365898024346113e+09
1.710365899624001026e+09
1.710365901247031927e+09
1.710365902870080948e+09
1.710365904493684053e+09
1.710365906117270947e+09
1.710365907717031002e+09
1.710365909316951990e+09
1.710365910939563990e+09
1.710365912539709091e+09
1.710365914140592098e+09
1.710365915787415981e+09
1.710365917409662962e+09
1.710365919009955883e+09
1.710365920633367062e+09
1.710365922256869078e+09
1.710365923881462097e+09
1.710365925481611013e+09
1.710365927082638979e+09
1.710365928706387043e+09
1.710365930307841063e+09
1.710365931908452034e+09
1.710365933508820057e+09
1.710365935132921934e+09
1.710365936733850956e+09
1.710365938336075068e+09
1.710365939936903954e+09
1.710365941537982941e+09
1.710365943162688971e+09
1.710365944763389111e+09
1.710365945399833918e+09
