1.710353067579827070e+09
1.710353069061499119e+09
1.710353070545726061e+09
1.710353072078057051e+09
1.710353073677926064e+09
1.710353075183650017e+09
1.710353076667643070e+09
1.710353078174949884e+09
1.710353079707041979e+09
1.710353081307224989e+09
1.710353082906964064e+09
1.710353084506892920e+09
1.710353086130492926e+09
1.710353087753283024e+09
1.710353089354051113e+09
1.710353090976492882e+09
1.710353092600753069e+09
1.710353094200479984e+09
1.710353095800589085e+09
1.710353097423043013e+09
1.710353099023402929e+09
1.710353100623872042e+09
1.710353102247436047e+09
1.710353103871989965e+09
1.710353105492937088e+09
1.710353107092658997e+09
1.710353108692873001e+09
1.710353110292751074e+09
1.710353111845443010e+09
1.710353113329361916e+09
1.710353114813411951e+09
1.710353116345716953e+09
1.710353117968003988e+09
1.710353119568257093e+09
1.710353121190521002e+09
1.710353122813515902e+09
1.710353124437055111e+09
1.710353126059879065e+09
1.710353127660094976e+09
1.710353129282887936e+09
1.710353130905761003e+09
1.710353132528812885e+09
1.710353134128776073e+09
1.710353135752685070e+09
1.710353137375049114e+09
1.710353138974760056e+09
1.710353140574594021e+09
1.710353142174674034e+09
1.710353143797925949e+09
1.710353145399753094e+09
1.710353146997821093e+09
1.710353148645584106e+09
1.710353150268285990e+09
1.710353151868557930e+09
1.710353153492120981e+09
1.710353155114788055e+09
1.710353156714751005e+09
1.710353158314667940e+09
1.710353159915039062e+09
1.710353161538297892e+09
1.710353163161237001e+09
1.710353164761281967e+09
1.710353166361435890e+09
1.710353167962229967e+09
1.710353169586078882e+09
1.710353171186796904e+09
1.710353172786886930e+09
1.710353174387535095e+09
1.710353176011567116e+09
1.710353177612415075e+09
1.710353179212611914e+09
1.710353180812724113e+09
1.710353182435653925e+09
1.710353184059418917e+09
1.710353185659497023e+09
1.710353187259819984e+09
1.710353188882857084e+09
1.710353190483388901e+09
1.710353192083775997e+09
1.710353193707503080e+09
1.710353195330939054e+09
1.710353196931032896e+09
1.710353198531677008e+09
1.710353200154503107e+09
1.710353201757194996e+09
1.710353203377794981e+09
1.710353204979295969e+09
1.710353206624618053e+09
1.710353208247493029e+09
1.710353209870873928e+09
1.710353211493989944e+09
1.710353213117304087e+09
1.710353214740271091e+09
1.710353216340576887e+09
1.710353217963222027e+09
1.710353219586234093e+09
1.710353221186348915e+09
1.710353222785939932e+09
1.710353224385462046e+09
1.710353226008676052e+09
1.710353227631963968e+09
1.710353229231856108e+09
1.710353230855618954e+09
1.710353232478656054e+09
1.710353234102547884e+09
1.710353235702246904e+09
1.710353237302257061e+09
1.710353238925403118e+09
1.710353240548882961e+09
1.710353242172138929e+09
1.710353243772542953e+09
1.710353245372739077e+09
1.710353246997638941e+09
1.710353248596441031e+09
1.710353250196794987e+09
1.710353251796919107e+09
1.710353253420058012e+09
1.710353255020147085e+09
1.710353256620440960e+09
1.710353258220274925e+09
1.710353259845000982e+09
1.710353261443941116e+09
1.710353263044210911e+09
1.710353264667601109e+09
1.710353266267924070e+09
1.710353267867844105e+09
1.710353269493643999e+09
1.710353271114676952e+09
1.710353272738099098e+09
1.710353274361231089e+09
1.710353276008312941e+09
1.710353277631433964e+09
1.710353279254421949e+09
1.710353280855634928e+09
1.710353282456259012e+09
1.710353284056734085e+09
1.710353285679986954e+09
1.710353287304136038e+09
1.710353288903630018e+09
1.710353290526571989e+09
1.710353292150147915e+09
1.710353293773709059e+09
1.710353295374551058e+09
1.710353296975184917e+09
1.710353298598546982e+09
1.710353300222502947e+09
1.710353301821846008e+09
1.710353303399303913e+09
1.710353305022964954e+09
1.710353306646797895e+09
1.710353308247236013e+09
1.710353309847748041e+09
1.710353311470705032e+09
1.710353313094351053e+09
1.710353314718208075e+09
1.710353316318773031e+09
1.710353317941883087e+09
1.710353319565172911e+09
1.710353321165718079e+09
1.710353322765932083e+09
1.710353324388915062e+09
1.710353326012475967e+09
1.710353327612848043e+09
1.710353329236330032e+09
1.710353330860074997e+09
1.710353332482703924e+09
1.710353333989581108e+09
1.710353335475235939e+09
1.710353336981121063e+09
1.710353338512737036e+09
1.710353340136518002e+09
1.710353341759819984e+09
1.710353343360106945e+09
1.710353344983989000e+09
1.710353346607486963e+09
1.710353348207349062e+09
1.710353349807301044e+09
1.710353351430979967e+09
1.710353353031477928e+09
1.710353354632002115e+09
1.710353356255825996e+09
1.710353357856251001e+09
1.710353359456325054e+09
1.710353361031918049e+09
1.710353362515994072e+09
1.710353364000439882e+09
1.710353365485096931e+09
1.710353367040055990e+09
1.710353368640866041e+09
1.710353370264504910e+09
1.710353371864897013e+09
1.710353373465243101e+09
1.710353375088737011e+09
1.710353376711761951e+09
1.710353378312314034e+09
1.710353379936285973e+09
1.710353381537223101e+09
1.710353383160612106e+09
1.710353384761003971e+09
1.710353386361398935e+09
1.710353387984519005e+09
1.710353389608058929e+09
1.710353391231631041e+09
1.710353392832901955e+09
1.710353394455821991e+09
1.710353396079619884e+09
1.710353397680066109e+09
1.710353399280133963e+09
1.710353400903781891e+09
1.710353402527008057e+09
1.710353404127648115e+09
1.710353405751343012e+09
1.710353407375303030e+09
1.710353408998306990e+09
1.710353410598896980e+09
1.710353412198695898e+09
1.710353413798764944e+09
1.710353415422461987e+09
1.710353417022242069e+09
1.710353418646547079e+09
1.710353420269380093e+09
1.710353421892290115e+09
1.710353423492911100e+09
1.710353425116076946e+09
1.710353426739521980e+09
1.710353428338336945e+09
1.710353429822638035e+09
1.710353431306852102e+09
1.710353432792295933e+09
1.710353434415857077e+09
1.710353436015779018e+09
1.710353437616416931e+09
1.710353439217406988e+09
1.710353440840734005e+09
1.710353442440129042e+09
1.710353444040414095e+09
1.710353445640808105e+09
1.710353447263874054e+09
1.710353448863472939e+09
1.710353450463785887e+09
1.710353452063688040e+09
1.710353453686744928e+09
1.710353455309933901e+09
1.710353456910787106e+09
1.710353458510128975e+09
1.710353460133275986e+09
1.710353461756787062e+09
1.710353463356950045e+09
1.710353464956970930e+09
1.710353466580260992e+09
1.710353468203805923e+09
1.710353469803673029e+09
1.710353471427494049e+09
1.710353473050234079e+09
1.710353474651041031e+09
1.710353476250706911e+09
1.710353477850569010e+09
1.710353479474818945e+09
1.710353481073968887e+09
1.710353482674360037e+09
1.710353484297501087e+09
1.710353485921132088e+09
1.710353487567675114e+09
1.710353489167284966e+09
1.710353490790854931e+09
1.710353492413172007e+09
1.710353494012782097e+09
1.710353495635837078e+09
1.710353497259412050e+09
1.710353498859177113e+09
1.710353500482352018e+09
1.710353502105587959e+09
1.710353503705069065e+09
1.710353505328761101e+09
1.710353506928590059e+09
1.710353508528409958e+09
1.710353510128757000e+09
1.710353511751792908e+09
1.710353513351759911e+09
1.710353514974834919e+09
1.710353516598505974e+09
1.710353518222507954e+09
1.710353519868899107e+09
1.710353521492069960e+09
1.710353523115062952e+09
1.710353524737370968e+09
1.710353526360810041e+09
1.710353527961158991e+09
1.710353529583950043e+09
1.710353531206676960e+09
1.710353532806731939e+09
1.710353534429959059e+09
1.710353536053133965e+09
1.710353537676667929e+09
1.710353539276608944e+09
1.710353540877110004e+09
1.710353542499789953e+09
1.710353544123372078e+09
1.710353545722959995e+09
1.710353547322431087e+09
1.710353548969032049e+09
1.710353550592351913e+09
1.710353552215147972e+09
1.710353553838176966e+09
1.710353555461741924e+09
1.710353557084742069e+09
1.710353558685236931e+09
1.710353560285197020e+09
1.710353561908493996e+09
1.710353563531719923e+09
1.710353565133110046e+09
1.710353566731615067e+09
1.710353568330785036e+09
1.710353569954144955e+09
1.710353571576905966e+09
1.710353573200179100e+09
1.710353574823210001e+09
1.710353576446731091e+09
1.710353578045753956e+09
1.710353579669553995e+09
1.710353581292757988e+09
1.710353582892525911e+09
1.710353584516946077e+09
1.710353586116044998e+09
1.710353587739573956e+09
1.710353589362391949e+09
1.710353590985768080e+09
1.710353592515533924e+09
1.710353593999236107e+09
1.710353595484646082e+09
1.710353596992057085e+09
1.710353598592027903e+09
1.710353600191976070e+09
1.710353601815448999e+09
1.710353603415569067e+09
1.710353605015758991e+09
1.710353606638705969e+09
1.710353608261998892e+09
1.710353609885555029e+09
1.710353611485529900e+09
1.710353613108370066e+09
1.710353614731868029e+09
1.710353616332024097e+09
1.710353617955229044e+09
1.710353619577946901e+09
1.710353621178100109e+09
1.710353622801175117e+09
1.710353624401148081e+09
1.710353626024503946e+09
1.710353627648051977e+09
1.710353629248105049e+09
1.710353630871784925e+09
1.710353632494791985e+09
1.710353634118484020e+09
1.710353635741254091e+09
1.710353637364835024e+09
1.710353638965265036e+09
1.710353640588537931e+09
1.710353642188262939e+09
1.710353643787908077e+09
1.710353645411212921e+09
1.710353647035243988e+09
1.710353648633575916e+09
1.710353650233048916e+09
1.710353651832707882e+09
1.710353653432630062e+09
1.710353655035142899e+09
1.710353656655705929e+09
1.710353658278738022e+09
1.710353659902107000e+09
1.710353661501233101e+09
1.710353663124389887e+09
1.710353664746838093e+09
1.710353666299529076e+09
1.710353667601521015e+09
