1.704316144176017046e+09
1.704316167090040922e+09
1.704316190045238972e+09
1.704316212955533981e+09
1.704316235912235975e+09
1.704316258832535028e+09
1.704316281733022928e+09
1.704316304681018114e+09
1.704316327501091957e+09
1.704316350170537949e+09
1.704316373103055954e+09
1.704316396035980940e+09
1.704316418931052923e+09
1.704316441910737038e+09
1.704316464458844900e+09
1.704316487374573946e+09
1.704316510325896978e+09
1.704316533261405945e+09
1.704316556195183992e+09
1.704316579103622913e+09
1.704316602033551931e+09
1.704316624972177982e+09
1.704316647904795885e+09
1.704316670825083017e+09
1.704316693720165014e+09
1.704316716615943909e+09
1.704316722542237997e+09
