1.709835456157226086e+09
1.709835457642241001e+09
1.709835459173999071e+09
1.709835460706934929e+09
1.709835462307797909e+09
1.709835463313592911e+09
1.709835469850197077e+09
1.709835471474512100e+09
1.709835472876017094e+09
1.709835506444941998e+09
1.709835507952843904e+09
1.709835509484499931e+09
1.709835511085722923e+09
1.709835512687144041e+09
1.709835514287987947e+09
1.709835515293715000e+09
1.709835561920114994e+09
1.709835563405062914e+09
1.709835564915186882e+09
1.709835566514672995e+09
1.709835568115879059e+09
1.709835569716427088e+09
1.709835571317075014e+09
1.709835572322462082e+09
1.709835578856045961e+09
1.709835580435143948e+09
1.709835582035693884e+09
1.709835583636230946e+09
1.709835585259653091e+09
1.709835586766625881e+09
1.709835588297686100e+09
1.709835589805768013e+09
1.709835591385119915e+09
1.709835592985119104e+09
1.709835594609651089e+09
1.709835596210088968e+09
1.709835597811817884e+09
1.709835599412301064e+09
1.709835601017584085e+09
1.709835602613750935e+09
1.709835604214688063e+09
1.709835605816076040e+09
1.709835607416848898e+09
1.709835608995127916e+09
1.709835610593852043e+09
1.709835612101984024e+09
1.709835613609931946e+09
1.709835614936079979e+09
1.709835644137196064e+09
1.709835645645391941e+09
1.709835646651218891e+09
1.709835657731635094e+09
1.709835659287297010e+09
1.709835660911916018e+09
1.709835662511858940e+09
1.709835664112322092e+09
1.709835665119776964e+09
1.709835866860807896e+09
1.709835868345587969e+09
1.709835869830358028e+09
1.709835871385968924e+09
1.709835872986696959e+09
1.709835874587928057e+09
1.709835876187884092e+09
1.709835877788671017e+09
1.709835879390141964e+09
1.709835880990643978e+09
1.709835882591645956e+09
1.709835884191710949e+09
1.709835885792527914e+09
1.709835887392857075e+09
1.709835888993051052e+09
1.709835890523391962e+09
1.709835892031388998e+09
1.709835893515965939e+09
1.709835895025408983e+09
1.709835896648585081e+09
1.709835898273492098e+09
1.709835899873095036e+09
1.709835901426271915e+09
1.709835902910870075e+09
1.709835904418658972e+09
1.709835905907038927e+09
1.709835907505809069e+09
1.709835909058541059e+09
1.709835910566978931e+09
1.709835912075004101e+09
1.709835913583837986e+09
1.709835915208390951e+09
1.709835916809413910e+09
1.709835917814152002e+09
1.709835925252336025e+09
1.709835926737165928e+09
1.709835928221939087e+09
1.709835929801695108e+09
1.709835931401159048e+09
1.709835933001408100e+09
1.709835934402307987e+09
1.709835957477566957e+09
1.709835958986208916e+09
1.709835960564987898e+09
1.709835962166182995e+09
1.709835963766067982e+09
1.709835964772456884e+09
1.709835972790539980e+09
1.709835974275531054e+09
1.709835975783466101e+09
1.709835977315912962e+09
1.709835977941098928e+09
1.709835992046525955e+09
1.709835993554632902e+09
1.709835995040807009e+09
1.709835996441243887e+09
1.709836005410300970e+09
1.709836006895123959e+09
1.709836007460942984e+09
1.709836013531519890e+09
1.709836015016407967e+09
1.709836016574139118e+09
1.709836018173223019e+09
1.709836019573829889e+09
1.709836027290677071e+09
1.709836028775304079e+09
1.709836030259942055e+09
1.709836031197294950e+09
1.709836078678603888e+09
1.709836080163494110e+09
1.709836081719381094e+09
1.709836082351552010e+09
1.709836098029612064e+09
1.709836099514549017e+09
1.709836101047121048e+09
1.709836102577631950e+09
1.709836103510274887e+09
1.709836139606597900e+09
1.709836141091702938e+09
1.709836142599416018e+09
1.709836144131768942e+09
1.709836145732498884e+09
1.709836147333105087e+09
1.709836148934752941e+09
1.709836150534131050e+09
1.709836151539547920e+09
1.709836158838963032e+09
1.709836160326183081e+09
1.709836161831609011e+09
1.709836163161390066e+09
1.709836233696141958e+09
1.709836235296881914e+09
1.709836236899605036e+09
1.709836238498874903e+09
1.709836240099356890e+09
1.709836241723257065e+09
1.709836242353641033e+09
1.709836250328210115e+09
1.709836251836009979e+09
1.709836253320579052e+09
1.709836254281322002e+09
1.709836536983808041e+09
1.709836538491480112e+09
1.709836539999196053e+09
1.709836540188344955e+09
1.709836559996895075e+09
1.709836561506158113e+09
1.709836563107137918e+09
1.709836564708458900e+09
1.709836566309324980e+09
1.709836567340058088e+09
1.709836586654947996e+09
1.709836588210593939e+09
1.709836589812803030e+09
1.709836591436892033e+09
1.709836592066157103e+09
1.709836640412909031e+09
1.709836641897650957e+09
1.709836643382342100e+09
1.709836644914612055e+09
1.709836646319360971e+09
1.709836669363876104e+09
1.709836670871742964e+09
1.709836672356446981e+09
1.709836673888864040e+09
1.709836675490194082e+09
1.709836677091675997e+09
1.709836678691306114e+09
1.709836680293370962e+09
1.709836681894191027e+09
1.709836683494453907e+09
1.709836685095505953e+09
1.709836686696487904e+09
1.709836688297147989e+09
1.709836689898202896e+09
1.709836691499010086e+09
1.709836693100544930e+09
1.709836694724740982e+09
1.709836696324322939e+09
1.709836696545312881e+09
1.709836703747431993e+09
1.709836705347862005e+09
1.709836706971620083e+09
1.709836708375370026e+09
1.709836714095952034e+09
1.709836715695903063e+09
1.709836717295974970e+09
1.709836718896393061e+09
1.709836720496802092e+09
1.709836720714512110e+09
1.709836731978764057e+09
1.709836733487308025e+09
1.709836735040576935e+09
1.709836736548331976e+09
1.709836738056328058e+09
1.709836739588670969e+09
1.709836741189188004e+09
1.709836742789813995e+09
1.709836744390242100e+09
1.709836745819946051e+09
1.709836753808046103e+09
1.709836755289980888e+09
1.709836756774419069e+09
1.709836758306520939e+09
1.709836759907150030e+09
1.709836761308505058e+09
1.709836773799266100e+09
1.709836775469748974e+09
1.709836777139245033e+09
1.709836778810405970e+09
1.709836780527304888e+09
1.709836782208084106e+09
1.709836784029946089e+09
1.709836785769128084e+09
1.709836786816196918e+09
1.709837116191489935e+09
1.709837117698863029e+09
1.709837119183479071e+09
1.709837120715153933e+09
1.709837122315655947e+09
1.709837123715720892e+09
1.709837145001033068e+09
1.709837146624154091e+09
1.709837148247201920e+09
1.709837149848366022e+09
1.709837151448180914e+09
1.709837153048625946e+09
1.709837154672215939e+09
1.709837155678697109e+09
1.709837280756772041e+09
1.709837282356342077e+09
1.709837283957493067e+09
1.709837285556984901e+09
1.709837287180516005e+09
1.709837288733426094e+09
1.709837289293909073e+09
1.709837319639856100e+09
1.709837321148005009e+09
1.709837322655339003e+09
1.709837323615133047e+09
1.709837331817064047e+09
1.709837333301261902e+09
1.709837334785198927e+09
1.709837336117238045e+09
1.709837353964418888e+09
1.709837355565067053e+09
1.709837357164653063e+09
1.709837358764060020e+09
1.709837360364423990e+09
1.709837361763375044e+09
1.709837370103034973e+09
1.709837371587150097e+09
1.709837373094454050e+09
1.709837374626072884e+09
1.709837376226394892e+09
1.709837377258665085e+09
1.709842064196692944e+09
1.709842065728307962e+09
1.709842067328007936e+09
1.709842068928093910e+09
1.709842070527290106e+09
1.709842071534559011e+09
1.709842077736614943e+09
1.709842079358930111e+09
1.709842080958380938e+09
1.709842082558003902e+09
1.709842083563080072e+09
1.709842090948542118e+09
1.709842092454720020e+09
1.709842093938291073e+09
1.709842094903220892e+09
1.709842108312760115e+09
1.709842109796328068e+09
1.709842111282196045e+09
1.709842112810497999e+09
1.709842114299042940e+09
1.709842115801414967e+09
1.709842117308442116e+09
1.709842118792614937e+09
1.709842120280678034e+09
1.709842120841454029e+09
1.709842140333127022e+09
1.709842141864346981e+09
1.709842143487699986e+09
1.709842145087167025e+09
1.709842145731704950e+09
1.709842240857486010e+09
1.709842242366313934e+09
1.709842243965939045e+09
1.709842245566056013e+09
1.709842246572905064e+09
1.709842274068262100e+09
1.709842275552524090e+09
1.709842277059559107e+09
1.709842278567682981e+09
1.709842279197921038e+09
1.709842296072525024e+09
1.709842297579921961e+09
1.709842299088644028e+09
1.709842300097819090e+09
1.709842304930851936e+09
1.709842306509771109e+09
1.709842308109950066e+09
1.709842309709397078e+09
1.709842310745682955e+09
1.709842324363603115e+09
1.709842325870651960e+09
1.709842327377839088e+09
1.709842328909560919e+09
1.709842330532207966e+09
1.709842332132771969e+09
1.709842333733045101e+09
1.709842335332638979e+09
1.709842335551311970e+09
1.709842460107979059e+09
1.709842461591991901e+09
1.709842463099385977e+09
1.709842464630990982e+09
1.709842466231064081e+09
1.709842467830725908e+09
1.709842468837088108e+09
1.709844729854298115e+09
1.709844731453906059e+09
1.709844733054069996e+09
1.709844734654063940e+09
1.709844736346035957e+09
1.709844737830457926e+09
1.709844739338113070e+09
1.709844740893059969e+09
1.709844742493369102e+09
1.709844744116895914e+09
1.709844745716912031e+09
1.709844747317368984e+09
1.709844748939745903e+09
1.709844750447237968e+09
1.709844751954261065e+09
1.709844753462671041e+09
1.709844755062900066e+09
1.709844756686055899e+09
1.709844758285880089e+09
1.709844759885538101e+09
1.709844761486026049e+09
1.709844763063004971e+09
1.709844764663734913e+09
1.709844766263159037e+09
1.709844767839793921e+09
1.709844769416867971e+09
1.709844771016813993e+09
1.709844772616910934e+09
1.709844774216583014e+09
1.709844775816855907e+09
1.709844777393121004e+09
1.709844778900942087e+09
1.709844780408292055e+09
1.709844781915782928e+09
1.709844783494223118e+09
1.709844785093961954e+09
1.709844786716845036e+09
1.709844788224571943e+09
1.709844789709316015e+09
1.709844791193366051e+09
1.709844792748318911e+09
1.709844794347873926e+09
1.709844795948139906e+09
1.709844797548326015e+09
1.709844799172168016e+09
1.709844800771524906e+09
1.709844802372939110e+09
1.709844803971906900e+09
1.709844805595045090e+09
1.709844807218055964e+09
1.709844808841377974e+09
1.709844810486277103e+09
1.709844811970180988e+09
1.709844813454257011e+09
1.709844814385700941e+09
