1.702575944896683931e+09
1.702576132484215975e+09
1.702576320459000111e+09
1.702576507986845016e+09
1.702576695977963924e+09
1.702576883910528898e+09
1.702577071851855993e+09
1.702577259827007055e+09
1.702577448165308952e+09
1.702577636215754032e+09
1.702577824498625040e+09
1.702578012458873034e+09
1.702578200856862068e+09
1.702578389285782099e+09
1.702578577273030996e+09
1.702578765003732920e+09
1.702578952700603008e+09
1.702579140682164907e+09
1.702579328791822910e+09
1.702579373368837118e+09
