8.932303175200186768e-03
7.583683761848873835e-03
8.971734047600926978e-03
7.336982925658547781e-03
8.361648495613781956e-03
7.839693961571556763e-03
9.687198545591626728e-03
6.305243127497111265e-03
8.425906552054029594e-03
6.006077401729012326e-03
6.731672959377927104e-03
1.091603478970549004e-02
5.103590238313683754e-03
5.924673243145276574e-03
7.738761747042815879e-03
8.669012194691011822e-03
6.880901839618146741e-03
8.848767875770907620e-03
6.977906167317858219e-03
7.098239856131926748e-03
7.197790815900387967e-03
8.075636474020044323e-03
9.629734075226078008e-03
9.233863754341712499e-03
9.123848656458493842e-03
5.213370097232303095e-03
8.236212877852908121e-03
6.677077183394858340e-03
7.687428375934684914e-03
7.191049234104853263e-03
9.750482397164516105e-03
7.775660023755826510e-03
7.589543979802890541e-03
6.398036819033417651e-03
7.936798165281479592e-03
7.193866892823481095e-03
1.000877434699750691e-02
6.896318828991868446e-03
8.169180260820212494e-03
6.183118946174811711e-03
6.449339882568333633e-03
1.011488533102031240e-02
8.046766206741679667e-03
6.207032925543387938e-03
1.000243353575690219e-02
8.542424207893738533e-03
7.916593636793620853e-03
6.274046960559174005e-03
7.979850664436800856e-03
7.682045196402770976e-03
5.953556864703766528e-03
7.307622716102842551e-03
8.452145799622067662e-03
8.237839284026368669e-03
6.695780587922285643e-03
9.015224973281199192e-03
5.545153811353274211e-03
8.432489912495590850e-03
7.077154190805894952e-03
6.583775300609060258e-03
7.315269805973807771e-03
8.223863093789290230e-03
8.013979941431494461e-03
8.160742181115501412e-03
7.012175519614400818e-03
8.089338700417775599e-03
7.787239002209577626e-03
5.434201652794739754e-03
7.775990049404784069e-03
6.629930000771853960e-03
7.507567093167849884e-03
7.603420976541241591e-03
7.861891151022192339e-03
5.532045549279350494e-03
9.429041388897505330e-03
1.003166301268107290e-02
5.779908171450625666e-03
1.069220088196769572e-02
7.419250806631152127e-03
7.476641420742998617e-03
7.042518612478738949e-03
8.306573545939244588e-03
6.658089109893290496e-03
6.387076091068354458e-03
7.968666909748253410e-03
6.403676131777800984e-03
9.570079638333272090e-03
6.597285027966501118e-03
6.379379226459145832e-03
8.256373009200942970e-03
6.463311873108014069e-03
6.689728125195082420e-03
8.389271864279410421e-03
7.344196846571434366e-03
7.227099085815990448e-03
8.464362655065327951e-03
7.816962805425639593e-03
6.905478678931511322e-03
1.065773414116812437e-02
7.377454621465785387e-03
7.493218710463570194e-03
9.795234671120509745e-03
9.366282223804390031e-03
7.096645987964017403e-03
1.276027726694670648e-02
7.856866870186086926e-03
8.995681921726750643e-03
6.968900375388553670e-03
9.105245172404630161e-03
1.273582600333879669e-02
7.233315563886066023e-03
7.559738179580173523e-03
7.764115436359222445e-03
7.629840565193889666e-03
8.786612378262432729e-03
7.762784472253306776e-03
9.466233139410199643e-03
6.846566968827565158e-03
6.930000559045604476e-03
7.697485188198055668e-03
8.677043382216970482e-03
6.498248502817935597e-03
9.365789922201023243e-03
9.278751309658012786e-03
8.692338766233364059e-03
7.651944949584880279e-03
6.226208320104813752e-03
7.535887450267532255e-03
7.400016549790323223e-03
7.401171384827958354e-03
5.649852011249153864e-03
7.399155476515323869e-03
6.813482640447598646e-03
5.672837287458430341e-03
7.292495515502890775e-03
6.083155349239305690e-03
7.557966699436983321e-03
8.070284186103168084e-03
8.782497035986868220e-03
6.369236583754897194e-03
7.980558538682487948e-03
8.088400401833201192e-03
7.454930624282631903e-03
6.653515202408480204e-03
6.424586158782018275e-03
6.262016718181996969e-03
6.272817036023546969e-03
7.301245517454287362e-03
6.095809817144990338e-03
7.357397442134805225e-03
8.366004853950618353e-03
5.088236525443068717e-03
9.158179360716663803e-03
8.039575729577126337e-03
9.834384530652105424e-03
9.290921000710527719e-03
8.949999208834973768e-03
7.520085033470835616e-03
1.010519574280038801e-02
5.951425247250413490e-03
6.425887704590399832e-03
1.090322377834007650e-02
1.189103181482928200e-02
7.385301205457311252e-03
7.615481060479702309e-03
6.726781507042587857e-03
9.255557736126492421e-03
8.997421268588377471e-03
7.423610229637496276e-03
8.375225424645429961e-03
7.879022857022913856e-03
1.079317307125241161e-02
8.397071121496171506e-03
9.978860889925431077e-03
6.602382038127063528e-03
7.125659192534326489e-03
8.432825871177513505e-03
1.070844907239077923e-02
8.919941947950389000e-03
6.590163788778650479e-03
6.472646093142805403e-03
8.475062859322526551e-03
6.288267699223760651e-03
9.203608035618562194e-03
6.872798325655454267e-03
8.187246560687642602e-03
7.747812620118570831e-03
8.500563607114505413e-03
8.416587477394312997e-03
6.720674695997403206e-03
9.012781397495559996e-03
9.256032393360110952e-03
6.205640006003171165e-03
7.213978403576242100e-03
6.644824508566429984e-03
7.387509867241165602e-03
7.240535226967741676e-03
6.108294101355194426e-03
8.057400869502772886e-03
9.272634183857104972e-03
5.727999582842625836e-03
8.690527394233775807e-03
8.400403348673916859e-03
7.791918367680516350e-03
6.877892321142395696e-03
8.888961167012947653e-03
9.489076193619612465e-03
8.430527481246346752e-03
1.029333301825438238e-02
8.414037210045523588e-03
5.664650122168327778e-03
7.143972306091545509e-03
8.903206308134497399e-03
7.462576275757125746e-03
7.953042295710257073e-03
7.674732679805545271e-03
7.572813554655098180e-03
8.712798302491902083e-03
6.639528413731269306e-03
7.724623096220133329e-03
6.940776997472747692e-03
8.818166252928078333e-03
5.693842735237293097e-03
8.241947555021148300e-03
8.850239000235403039e-03
6.876821983309387015e-03
1.164704355388322676e-02
6.030854327084153588e-03
7.211423119566491048e-03
1.223148416661634999e-02
6.551473045557599725e-03
6.017529035048128222e-03
1.173215269363390989e-02
7.667173397313228542e-03
8.392025160904004535e-03
8.939305856618028068e-03
6.186991362655681718e-03
7.333978991184481391e-03
1.000973282078701683e-02
9.043610190092232423e-03
1.106525477339166848e-02
7.397048856936261352e-03
7.736165012012641458e-03
8.121556178286743269e-03
8.734368528139399568e-03
7.520900835605900947e-03
7.321735492939273823e-03
7.647548158120640385e-03
7.162156526386337548e-03
8.296976551679411532e-03
7.799272974177250475e-03
9.272026338953298641e-03
8.996940584786587355e-03
8.513845121344528963e-03
7.439145752800906987e-03
6.943769838118919561e-03
5.901385920371833745e-03
8.053843217664573631e-03
9.699330606475176433e-03
7.510036716582336319e-03
7.506358520773926020e-03
7.270606252499762188e-03
5.913988370904351734e-03
8.735687047738548150e-03
8.982715292865177045e-03
7.882539396864599382e-03
8.336405418797670011e-03
8.734279569820204217e-03
1.004818642768863513e-02
7.973803119406068160e-03
8.626363636082759120e-03
1.073398094328133906e-02
6.274162936846863770e-03
6.910797801101896398e-03
7.218899420881017513e-03
9.287886897845307188e-03
8.290273513883271786e-03
8.170436488938720779e-03
7.139539389398027146e-03
6.153632149921958554e-03
7.358953172746920610e-03
5.311865610957979336e-03
6.508551020413252258e-03
7.191809165070098611e-03
7.726195373959062439e-03
8.919849404036719540e-03
8.769114938317690636e-03
1.065603995978198909e-02
6.482219139378251130e-03
1.150101516804593813e-02
8.018373570655403654e-03
8.488945725298329553e-03
1.210632738303695638e-02
9.997546316755775639e-03
8.187436952339359475e-03
6.873556707010724555e-03
7.150766788286961988e-03
6.841741044532720535e-03
7.551792468374885631e-03
7.820462614945154073e-03
7.518872407222735796e-03
7.924157486661297448e-03
1.065828911741247866e-02
5.708282952301692650e-03
1.130123444457139907e-02
9.081407995158550725e-03
6.054693719775322558e-03
1.129741368865409476e-02
1.115205380150844847e-02
7.535541981435411873e-03
7.911517404009558302e-03
8.283791975470560648e-03
7.300608325703629962e-03
6.515332804657053209e-03
7.453083141647869753e-03
9.514624027317510405e-03
6.599095172652004807e-03
7.703343750199940880e-03
7.064222400264732159e-03
9.753880465435528155e-03
9.078552105028262278e-03
7.808294021108084376e-03
7.855078561928768854e-03
6.426367722732200145e-03
7.085078099361355811e-03
6.287863814873801555e-03
8.084174638361578402e-03
8.687260227692297776e-03
6.196630692498046600e-03
8.380750201209078223e-03
5.449598188863353718e-03
8.695775042534811816e-03
8.883044683867013028e-03
6.910414733909408212e-03
7.509080449675758009e-03
7.770419727690575963e-03
6.837770948790378688e-03
6.204640095993019938e-03
9.355715653634022466e-03
9.227926148426624300e-03
7.275533929224751659e-03
8.019024252451958240e-03
7.507785863797400254e-03
8.298197832334293714e-03
9.458216501016849728e-03
6.396276291362005921e-03
6.915762836961241410e-03
6.284539482425133272e-03
9.462576156441639477e-03
6.999523152300016898e-03
6.910886493026438884e-03
8.591722973844632960e-03
8.733278271228406622e-03
5.793129627186266624e-03
8.187582784579743728e-03
8.310795927452808290e-03
7.819098784280687289e-03
6.985397735956368724e-03
8.955872015639493311e-03
6.265252435243179839e-03
9.713851426891710258e-03
6.123297434201795814e-03
6.305052514472183831e-03
9.034684452506472688e-03
6.641837022971642211e-03
6.421923778881176090e-03
9.306118376556175506e-03
9.173169282393291157e-03
5.898763327590050148e-03
7.804450016580023915e-03
7.935269064715566242e-03
6.270154422807262297e-03
7.202689831318287612e-03
8.312928596204751178e-03
8.827137013546444005e-03
9.422195965703563519e-03
6.628599675119756750e-03
5.593735833127519083e-03
8.616318711113896481e-03
5.868248139833140246e-03
5.617079735377906655e-03
6.678428614282344751e-03
7.098616132233897744e-03
7.239920482706876589e-03
1.016901416956934520e-02
8.877097493477120738e-03
7.466303985663435075e-03
7.554921699159154215e-03
9.458803791460067625e-03
6.809712078684875339e-03
7.677521344570516736e-03
7.762211743132870108e-03
5.809901657646132124e-03
7.836417339078072947e-03
8.344372979309127789e-03
9.067808374523408932e-03
5.854429815723939320e-03
6.932261251532832215e-03
9.112660842880714734e-03
8.129219094107621030e-03
7.664087258688473403e-03
1.269372038558819714e-02
9.665625618150569531e-03
7.162422439641106392e-03
5.901793154236732557e-03
9.674648210730382031e-03
7.266811831567542880e-03
7.253149712152745163e-03
5.562997779110365713e-03
9.984294895418703922e-03
8.428287202905055189e-03
7.831200971762165494e-03
7.112199198857858604e-03
5.918819443799844607e-03
6.165692662563985842e-03
7.015347788748814428e-03
6.651744412851792049e-03
6.461682400307689617e-03
9.038748111791389608e-03
5.778976398257119895e-03
6.268942369626443606e-03
9.819392932644579325e-03
