8.044342977307973597e-03
8.006412812867276171e-03
5.950678768640260859e-03
9.646621905025808824e-03
5.959289100207422647e-03
7.824195762570632443e-03
6.921546325516287311e-03
6.338172175239234138e-03
6.248264690464023531e-03
1.046694032001562434e-02
9.864621050483569215e-03
9.221518729559811597e-03
7.440921626598454193e-03
7.210850843604511319e-03
9.257698241307557238e-03
6.802179486041330658e-03
7.523770326451792619e-03
1.011920579089664075e-02
1.073068978921986119e-02
8.055180069445286653e-03
8.234545327078394983e-03
9.337667546823750359e-03
6.359205900079933048e-03
9.101631977869012111e-03
7.816290089321551934e-03
8.978152243298934479e-03
6.892802535733670057e-03
7.896310214053705451e-03
6.789216606976487996e-03
8.174241149398332740e-03
7.172262498096472483e-03
6.024793413532065871e-03
6.823425596200045212e-03
7.100060899882656290e-03
6.483596159668459334e-03
6.432625218131675891e-03
6.862916226419897743e-03
7.867991284057665805e-03
8.413973039312360597e-03
5.948799553787556017e-03
7.066047349051525310e-03
7.575367302833966622e-03
5.775958067214802608e-03
6.733639803665459299e-03
6.914406179813187454e-03
8.371285248133816456e-03
7.236082403687034773e-03
8.515413871931604498e-03
6.277759227405733944e-03
8.788464658302578419e-03
6.523311613273140991e-03
6.818137580481270846e-03
7.937904218492204331e-03
6.212743375138642977e-03
8.559320089854882685e-03
8.140574158511156705e-03
8.373862525755724692e-03
6.439925428685986004e-03
1.082209415438817844e-02
6.700158899705641047e-03
7.887392061704372528e-03
1.114751048253625684e-02
1.035860035954759908e-02
6.400096210167817261e-03
1.046247143262661952e-02
7.652699618960210996e-03
6.836595397634052419e-03
8.265275780208736905e-03
6.775444337662738306e-03
6.462506208487629744e-03
1.002601352748614186e-02
5.886265008659445457e-03
7.433306364312976255e-03
1.071151460782038441e-02
7.040258620048039581e-03
1.084860467778102355e-02
6.959023175354281388e-03
7.940750382030639654e-03
9.451532072383531796e-03
8.060314344996214603e-03
6.332853346752372742e-03
8.542306220846529810e-03
6.885271531524713232e-03
1.012064156092523128e-02
9.946847084441937797e-03
7.791282761114621050e-03
8.747006578732249502e-03
9.915067710137599397e-03
5.776198962872233951e-03
7.462193935303528848e-03
9.259703815191993106e-03
7.016038290487789687e-03
9.301097320572174199e-03
1.128426530680471003e-02
6.846060129394731207e-03
7.841786155382763843e-03
1.181439344804509177e-02
6.968181779041820144e-03
8.511723027402414224e-03
7.834721491859618359e-03
6.870068893135048566e-03
7.499831421565465901e-03
7.927699575487858613e-03
5.782681849356133622e-03
7.012650061792116175e-03
9.403685848938291361e-03
7.560233441383074592e-03
9.050953823536283041e-03
7.458174289715527316e-03
6.621245201793116500e-03
6.404814922186833834e-03
9.474865269174284274e-03
7.718824630980502220e-03
5.967442210708618841e-03
8.841441191599764063e-03
6.134833528493300464e-03
8.380200274279497527e-03
7.231160320987472211e-03
6.095972755442918140e-03
6.787893443246042005e-03
7.009514999578647827e-03
8.463847486509594800e-03
6.892192491204276149e-03
8.512102425128400054e-03
7.019872204513464241e-03
7.231173225689307114e-03
6.131438056994428613e-03
6.777179377823299052e-03
7.765521718028124860e-03
6.032942372574997235e-03
6.792824953405609059e-03
9.492533516725786338e-03
8.736477058769280546e-03
6.818846704014039709e-03
7.820942476785207667e-03
5.949353150083936705e-03
7.846009250874214774e-03
9.513495219658479191e-03
8.596707705691195023e-03
8.436237129310585753e-03
1.307651675547416743e-02
7.914569188605760988e-03
7.035604723350350094e-03
6.084316022850010282e-03
8.541510959127827929e-03
9.294389716134433127e-03
7.138986497486284749e-03
1.229242049113330425e-02
7.186218603556506282e-03
6.206095346436927770e-03
9.284543437542270780e-03
8.262027083881174488e-03
6.987853309439697423e-03
9.432975182156430258e-03
8.826973612631450888e-03
9.667707651562242738e-03
1.467388974526265093e-02
7.938824605153273553e-03
1.076887503291474972e-02
1.087022492636274471e-02
6.707487197068285993e-03
8.077708675439082553e-03
9.455840389718684486e-03
6.248963333008547560e-03
9.986675306299271082e-03
6.579664671640478302e-03
8.426990091297277552e-03
6.360732992577356262e-03
7.906488548824077908e-03
7.730420439876643790e-03
6.575817953890497267e-03
7.426662906445233650e-03
7.440445564969630499e-03
8.569407109250401500e-03
6.437416010450563650e-03
7.827640986601965348e-03
9.100435614914054172e-03
1.055556014545324349e-02
8.147724427418696208e-03
7.861973948631396925e-03
9.438648001029682419e-03
5.261862388374911187e-03
6.174982061590981314e-03
9.227151013964542473e-03
5.524154684430730711e-03
6.486497260729196836e-03
8.855814528936255953e-03
1.476194814689072987e-01
5.030430547614980936e-03
9.709827184865210681e-03
6.065045454221531726e-03
8.222844347050155961e-03
1.052122372892932284e-02
2.427245508128996962e-02
8.368186286739848559e-03
5.978701929285095383e-03
8.033069602286817962e-03
6.736577802910906701e-03
7.139387280715480018e-03
8.902274436593223331e-03
8.349061137504111899e-03
7.593670283688088926e-03
7.621191148476964480e-03
6.216973554195650946e-03
9.839589494304610412e-03
9.620201902430186233e-03
9.498539655662137718e-03
6.615296300855198069e-03
1.087578413288988084e-02
1.059690830562466310e-02
6.603016620291995466e-03
8.226424718291807520e-03
7.231109763878838977e-03
8.433529389551046307e-03
6.721866980892721166e-03
8.432620221457484341e-03
6.936712856797098807e-03
9.123735111847013426e-03
9.614470640711279131e-03
7.611600858312237740e-03
7.460484277040885757e-03
9.655192640499845810e-03
8.563714078831176010e-03
6.715878005355220386e-03
7.276878175605842880e-03
7.688617017691377030e-03
6.608084364044881226e-03
8.477888252909777586e-03
7.027374781880219717e-03
1.087717495769456588e-02
7.510728334654759135e-03
6.550359145554868895e-03
6.644860216745786946e-03
7.093735440071932338e-03
5.845255115146798935e-03
7.260081934090101968e-03
7.750926181055482235e-03
5.690335226968907568e-03
7.427753838633253600e-03
9.638135590793376825e-03
5.764295604605803799e-03
6.313290593228632931e-03
9.245418537845554591e-03
5.479567694524381874e-03
8.072076025638554725e-03
8.061624195378161439e-03
6.511787237975302442e-03
6.978690168147886307e-03
8.012020681571373898e-03
6.410538640915685454e-03
5.172238137349849385e-03
6.647567199406971029e-03
7.270283555198824195e-03
7.788426240521509163e-03
5.858838750935802149e-03
7.713623267383924210e-03
9.381975177138629149e-03
7.175067001880749279e-03
6.634512690542929657e-03
6.919174503333529527e-03
9.370496340631338100e-03
6.091229849885681884e-03
7.459462090835474596e-03
6.545893026287553408e-03
6.215116022243928617e-03
6.308452219234724108e-03
7.191320112104062322e-03
7.717778067203507307e-03
7.513310808872212740e-03
8.530502565419267533e-03
8.230342662115404037e-03
7.139524378190689226e-03
7.614955305881522876e-03
9.643343918898431705e-03
6.646813429245294370e-03
8.927547934717077263e-03
6.367536299273974555e-03
6.601414242269925368e-03
8.726201606359548779e-03
5.406135321218804440e-03
6.841890405695064993e-03
8.242205577917606843e-03
6.493320067729746632e-03
8.654732221845371984e-03
9.525467956179683310e-03
5.810391527347276777e-03
5.787571268847169388e-03
7.636833988548653515e-03
5.248645663321855476e-03
8.346603158969850486e-03
8.219869807209198229e-03
6.835063906832552355e-03
7.910051637466584268e-03
7.449150283514510348e-03
6.000525890424100381e-03
7.433050560480294194e-03
7.865364352046048252e-03
6.435295038963779850e-03
7.497430393148487963e-03
7.679733142771276791e-03
6.320245862518233428e-03
5.926002252630449205e-03
6.122660320967637272e-03
5.886698263463773471e-03
5.529530387676701020e-03
6.225904819488953246e-03
5.936342728574649230e-03
6.814441405806398108e-03
7.479714433294676335e-03
5.376847440509682254e-03
6.612796817413614872e-03
7.506610593903120625e-03
7.772931832504647101e-03
6.166354435120332753e-03
7.207750818571837664e-03
6.122088561564827981e-03
5.585248230926724046e-03
6.636217192652445890e-03
6.424058176797902558e-03
6.548374119758563344e-03
6.623948683113022907e-03
6.748232748754987541e-03
8.214577332544305277e-03
8.407021914252757466e-03
7.059201969767954499e-03
6.857018059363234261e-03
8.606304429110785484e-03
6.667661524383319827e-03
5.414980284817486229e-03
7.472376519926433695e-03
5.727546257411563445e-03
7.263576310383340444e-03
6.232570669997039396e-03
5.888417312119335542e-03
7.532431917794254680e-03
6.804010484002482283e-03
7.323473393122983434e-03
7.188271806166693714e-03
8.597908205594560066e-03
1.059589236735915783e-02
1.272130886350655680e-02
1.012474791700077210e-02
6.342990782204223875e-03
8.362127001095464446e-03
7.952194292378698612e-03
1.048412277674025915e-02
1.196851214733216789e-02
7.830184480917155507e-03
6.725839942162149462e-03
8.089774777376046444e-03
7.291612236976719764e-03
9.261021771943159925e-03
1.139528636796944411e-02
8.645166159886115767e-03
1.181686250313552372e-02
9.650149785896041180e-03
9.647939969657355619e-03
1.049523294244611785e-02
1.466963723911065588e-02
6.773636579201698302e-03
1.014890779534314419e-02
1.202284145066935192e-02
8.609262101862420746e-03
1.022139337726920422e-02
1.312315787464699360e-02
8.108930780827706616e-03
9.797719000549817009e-03
1.352815864978401325e-02
7.592066954662083506e-03
9.483663992103454760e-03
9.168041999224583322e-03
1.062755717296410586e-02
1.246004079538745590e-02
1.249092092372378233e-02
1.055092216238722597e-02
8.535940277528207554e-03
1.016780142363183856e-02
9.026014430985026052e-03
7.456769700162888849e-03
8.778897634452073259e-03
7.739189123715864427e-03
6.683401450891672362e-03
9.990760297880190571e-03
9.886070833386481627e-03
1.013651715920596899e-02
1.062651833710853005e-02
7.849843082810769104e-03
7.629923100599079674e-03
1.192994573985164605e-02
9.118341032936051749e-03
1.083064347930457090e-02
9.566250763324471440e-03
8.652321627787059460e-03
1.004623982243950907e-02
9.946147219363387498e-03
8.635141569760980407e-03
1.111877989133964843e-02
8.800155237543448930e-03
8.730843380309612212e-03
8.910802749511859480e-03
1.212303711135388935e-02
8.809478264497830682e-03
9.656569025600018896e-03
9.777757000813446300e-03
7.935940873960132397e-03
7.416254815909423953e-03
1.076465596858305375e-02
1.071447843923873690e-02
1.052036935727781834e-02
9.857667214434364875e-03
7.241486778465570755e-03
1.180336358298397954e-02
1.185761470536298226e-02
7.256762220829577649e-03
9.874081574699466665e-03
8.450322123285849973e-03
9.034357317455794095e-03
8.088724068612745954e-03
9.559932869062372565e-03
7.742621941784846168e-03
1.086828078554924644e-02
7.009675568230702876e-03
