1.711546898112816095e+09
1.711546899709937096e+09
1.711546901241976976e+09
1.711546902841725111e+09
1.711546904416343927e+09
1.711546905767946005e+09
1.711546911626092911e+09
1.711546913202452898e+09
1.711546914732925892e+09
1.711546916286309004e+09
1.711546917816432953e+09
1.711546919157316923e+09
1.711546982275675058e+09
1.711546983829282045e+09
1.711546985313173056e+09
1.711546986889797926e+09
1.711546988490101099e+09
1.711546990043200016e+09
1.711546991596564054e+09
1.711546993126876116e+09
1.711546994115211964e+09
1.711547015388606071e+09
1.711547017009577036e+09
1.711547018517288923e+09
1.711547020047956944e+09
1.711547021579435110e+09
1.711547023178888083e+09
1.711547024686212063e+09
1.711547026216655970e+09
1.711547027606726885e+09
1.711547120595079899e+09
1.711547122149343014e+09
1.711547123689883947e+09
1.711547125231782913e+09
1.711547126189939022e+09
1.711547227789938927e+09
1.711547229371670008e+09
1.711547230963686943e+09
1.711547232520004988e+09
1.711547234084227085e+09
1.711547235641745090e+09
1.711547237185923100e+09
1.711547238147373915e+09
1.711547273745318890e+09
1.711547275298301935e+09
1.711547276842719078e+09
1.711547278367336988e+09
1.711547279899383068e+09
1.711547280866260052e+09
1.711547304647465944e+09
1.711547306225970984e+09
1.711547307755426884e+09
1.711547309314301968e+09
1.711547310871089935e+09
1.711547312403795004e+09
1.711547313947077036e+09
1.711547315513458967e+09
1.711547317059848070e+09
1.711547318010076046e+09
1.711547339375767946e+09
1.711547340917366028e+09
1.711547342466568947e+09
1.711547344002772093e+09
1.711547344592394114e+09
1.711547354442584991e+09
1.711547355984683990e+09
1.711547357537589073e+09
1.711547358119790077e+09
1.711547365733633041e+09
1.711547367302485943e+09
1.711547368848961115e+09
1.711547369800101995e+09
1.711547411009797096e+09
1.711547412548541069e+09
1.711547414091382027e+09
1.711547415028599977e+09
1.711547424536225080e+09
1.711547426080893040e+09
1.711547427616347075e+09
1.711547428193110943e+09
1.711547436176820040e+09
1.711547437714349031e+09
1.711547439276119947e+09
1.711547440814944983e+09
1.711547441768280983e+09
1.711547532448977947e+09
1.711547534187848091e+09
1.711547535857379913e+09
1.711547537574038029e+09
1.711547539267093897e+09
1.711547539917604923e+09
1.711547569648745060e+09
1.711547571319706917e+09
1.711547573014189005e+09
1.711547574728873014e+09
1.711547576398468971e+09
1.711547578070027113e+09
1.711547579738552094e+09
1.711547581408444881e+09
1.711547583082103968e+09
1.711547584771332979e+09
1.711547586441324949e+09
1.711547587478194952e+09
1.711547594490132093e+09
1.711547596182286978e+09
1.711547597852402925e+09
1.711547599545563936e+09
1.711547601215754986e+09
1.711547602886619091e+09
1.711547604555459023e+09
1.711547606225272894e+09
1.711547606853029013e+09
1.711547631605751038e+09
1.711547633299032927e+09
1.711547635014563084e+09
1.711547636705984116e+09
1.711547638399000883e+09
1.711547640070657015e+09
1.711547641097090960e+09
1.711547652434835911e+09
1.711547654126615047e+09
1.711547655799150944e+09
1.711547657491240025e+09
1.711547659229970932e+09
1.711547660901940107e+09
1.711547661967658997e+09
1.711547699079998016e+09
1.711547700750144005e+09
1.711547702422301054e+09
1.711547704090888977e+09
1.711547705783385038e+09
1.711547707454449892e+09
1.711547708481997013e+09
1.711547813700472116e+09
1.711547815369055986e+09
1.711547817038727999e+09
1.711547818709654093e+09
1.711547820378453016e+09
1.711547822048190117e+09
1.711547823719439030e+09
1.711547825388652086e+09
1.711547827058232069e+09
1.711547828092364073e+09
1.711547877980824947e+09
1.711547880973494053e+09
1.711547883965488911e+09
1.711547886590656996e+09
1.711547893662230968e+09
1.711547897003271103e+09
1.711547900347322941e+09
1.711547901555480957e+09
1.711547912321186066e+09
1.711547915680718899e+09
1.711547919020934105e+09
1.711547921066390991e+09
1.711547928694459915e+09
1.711547932035451889e+09
1.711547935375493050e+09
1.711547938716495037e+09
1.711547942057482958e+09
1.711547945397723913e+09
1.711547946677087069e+09
1.711547995621546030e+09
1.711547998985924959e+09
1.711548002348664999e+09
1.711548005713040113e+09
1.711548006986154079e+09
1.711548140840540886e+09
1.711548144204540014e+09
1.711548147545614958e+09
1.711548150887284994e+09
1.711548154228523970e+09
1.711548155442970991e+09
1.711548180771745920e+09
1.711548184136347055e+09
1.711548187477847099e+09
1.711548190842441082e+09
1.711548192053075075e+09
1.711548245157135963e+09
1.711548248497442961e+09
1.711548251838979006e+09
1.711548255177954912e+09
1.711548258517838955e+09
1.711548261858886957e+09
1.711548263073760986e+09
1.711548327097120047e+09
1.711548328641402960e+09
1.711548330173830032e+09
1.711548331724062920e+09
1.711548333254373074e+09
1.711548334594847918e+09
1.711548346001338959e+09
1.711548347536578894e+09
1.711548349089330912e+09
1.711548350627013922e+09
1.711548351588610888e+09
1.711548385606291056e+09
1.711548387132394075e+09
1.711548388691104889e+09
1.711548389272327900e+09
1.711548401126255035e+09
1.711548402666181087e+09
1.711548404207350016e+09
1.711548405159405947e+09
1.711548442144337893e+09
1.711548443679261923e+09
1.711548445212929964e+09
1.711548446152426958e+09
1.711548621009779930e+09
1.711548636916145086e+09
1.711548646360919952e+09
1.711548667648746014e+09
1.711548683532048941e+09
1.711548699440896988e+09
1.711548715326570988e+09
1.711548729153042078e+09
1.711548745793426991e+09
1.711548758500864983e+09
1.711548771208559036e+09
1.711548775880573988e+09
1.711548795468375921e+09
1.711548808178383112e+09
1.711548812939018011e+09
1.711548847648581982e+09
1.711548860358174086e+09
1.711548865031986952e+09
1.711548934533396006e+09
1.711548947242705107e+09
1.711548955088507891e+09
1.711548980831034899e+09
1.711548981711785078e+09
1.711548982594511032e+09
1.711548983474606037e+09
1.711548984311083078e+09
1.711548985127609015e+09
1.711548985264169931e+09
1.711548995351306915e+09
1.711548996211658955e+09
1.711548997133354902e+09
1.711548997971502066e+09
1.711548998768666029e+09
1.711548999580979109e+09
1.711549000407567024e+09
1.711549001267298937e+09
1.711549002109229088e+09
1.711549002898022890e+09
1.711549003748385906e+09
1.711549003892062902e+09
1.711549010918917894e+09
1.711549011937761068e+09
1.711549012941792965e+09
1.711549013957998037e+09
1.711549014940413952e+09
1.711549015955960989e+09
1.711549016969882965e+09
1.711549017968614101e+09
1.711549018992727995e+09
1.711549019992593050e+09
1.711549020987612963e+09
1.711549022028811932e+09
1.711549023035187960e+09
1.711549024069843054e+09
1.711549024934560061e+09
1.711549053549469948e+09
1.711549054848381042e+09
1.711549056149630070e+09
1.711549057445960045e+09
1.711549058744920015e+09
1.711549060043441057e+09
1.711549061342654943e+09
1.711549062650444031e+09
1.711549063481627941e+09
1.711549076768351078e+09
1.711549078123246908e+09
1.711549079458564043e+09
1.711549080783412933e+09
1.711549082124778986e+09
1.711549083446537971e+09
1.711549084745549917e+09
1.711549085557157040e+09
1.711549091568387985e+09
1.711549092912955046e+09
1.711549094260751963e+09
1.711549095602587938e+09
1.711549096948266983e+09
1.711549098315481901e+09
1.711549099659665108e+09
1.711549101005362988e+09
1.711549102350908041e+09
1.711549103695626974e+09
1.711549105042468071e+09
1.711549106458971024e+09
1.711549107847445011e+09
1.711549109169651031e+09
1.711549110492743015e+09
1.711549111355510950e+09
1.711549130211289883e+09
1.711549131512763977e+09
1.711549132806839943e+09
1.711549134106384993e+09
1.711549135431152105e+09
1.711549136749751091e+09
1.711549138071815014e+09
1.711549139395739079e+09
1.711549140549061060e+09
1.711549147214920044e+09
1.711549148533124924e+09
1.711549149855205059e+09
1.711549151203270912e+09
1.711549152522814989e+09
1.711549153821840048e+09
1.711549155121393919e+09
1.711549156444658041e+09
1.711549157743120909e+09
1.711549159063867092e+09
1.711549160386535883e+09
1.711549161687604904e+09
1.711549163053551912e+09
1.711549164352845907e+09
1.711549165674504042e+09
1.711549167000346899e+09
1.711549168318859100e+09
1.711549169642043114e+09
1.711549170963313103e+09
1.711549172263067007e+09
1.711549173561119080e+09
1.711549174861646891e+09
1.711549176163418055e+09
1.711549177457952976e+09
1.711549178757004976e+09
1.711549180055989981e+09
1.711549181401530027e+09
1.711549182749020100e+09
1.711549184049031973e+09
1.711549185368220091e+09
1.711549186669845104e+09
1.711549188015665054e+09
1.711549189335145950e+09
1.711549190634572983e+09
1.711549191980118990e+09
1.711549193304920912e+09
1.711549194602395058e+09
1.711549195925280094e+09
1.711549197249332905e+09
1.711549198568382025e+09
1.711549199867100954e+09
1.711549201170161009e+09
1.711549202490813017e+09
1.711549203814006090e+09
1.711549205155143023e+09
1.711549206500454903e+09
1.711549207822644949e+09
1.711549209128029108e+09
1.711549210467045069e+09
1.711549211789361000e+09
1.711549213088340044e+09
1.711549214391376972e+09
1.711549215709520102e+09
1.711549217031759977e+09
1.711549218356878996e+09
1.711549219654308081e+09
1.711549221044712067e+09
1.711549222368341923e+09
1.711549223745405912e+09
1.711549225152307034e+09
1.711549226448872089e+09
1.711549227794095993e+09
1.711549229139482021e+09
1.711549230440485001e+09
1.711549231737703085e+09
1.711549233059626102e+09
1.711549234358745098e+09
1.711549235661856890e+09
1.711549237003304005e+09
1.711549238325397015e+09
1.711549239672594070e+09
1.711549240970968008e+09
1.711549242293914080e+09
1.711549243616652966e+09
1.711549244958656073e+09
1.711549246259962082e+09
1.711549247579266071e+09
1.711549248904192924e+09
1.711549250246634007e+09
1.711549251548713923e+09
1.711549252844693899e+09
1.711549254169083118e+09
1.711549255465409994e+09
1.711549256788584948e+09
1.711549258110770941e+09
1.711549259432554007e+09
1.711549260257780075e+09
1.711549266370254993e+09
1.711549267690428972e+09
1.711549269014741898e+09
1.711549270360431910e+09
1.711549271680181980e+09
1.711549273003401041e+09
1.711549274325637102e+09
1.711549275647588968e+09
1.711549276994105101e+09
1.711549277830246925e+09
1.711549286084172964e+09
1.711549287411452055e+09
1.711549288752408028e+09
1.711549290054183006e+09
1.711549291398205042e+09
1.711549292742590904e+09
1.711549294109369993e+09
1.711549295477391005e+09
1.711549296799340963e+09
1.711549298099651098e+09
1.711549299396684885e+09
1.711549300718148947e+09
1.711549301549447060e+09
1.711549323263868093e+09
1.711549324607357025e+09
1.711549325931200027e+09
1.711549327278002024e+09
1.711549328619597912e+09
1.711549329965050936e+09
1.711549331309103012e+09
1.711549332608189106e+09
1.711549333933398008e+09
1.711549335255440950e+09
1.711549336574400902e+09
1.711549337694787025e+09
1.711549344669128895e+09
1.711549345989979982e+09
1.711549347289810896e+09
1.711549348610615969e+09
1.711549349931459904e+09
1.711549351230190992e+09
1.711549352032504082e+09
1.711549360167769909e+09
1.711549361504707098e+09
1.711549362803396940e+09
1.711549364125221014e+09
1.711549365427319050e+09
1.711549366769301891e+09
1.711549368093252897e+09
1.711549369389936924e+09
1.711549370688918114e+09
1.711549372010649920e+09
1.711549373310689926e+09
1.711549374631355047e+09
1.711549375978588104e+09
1.711549377323219061e+09
1.711549378644715071e+09
1.711549379853806973e+09
