1.711549417564832926e+09
1.711549418864823103e+09
1.711549420162708044e+09
1.711549421465316057e+09
1.711549422806068897e+09
1.711549424128110886e+09
1.711549425426903963e+09
1.711549426727675915e+09
1.711549428094837904e+09
1.711549429439435005e+09
1.711549430741384029e+09
1.711549432064146996e+09
1.711549433382646084e+09
1.711549434704376936e+09
1.711549436029150009e+09
1.711549437396598101e+09
1.711549438693509102e+09
1.711549439992474079e+09
1.711549441292469978e+09
1.711549442615825891e+09
1.711549443935225964e+09
1.711549445260051966e+09
1.711549446602339029e+09
1.711549447948849916e+09
1.711549449246841908e+09
1.711549450545069933e+09
1.711549451844604015e+09
1.711549453166169882e+09
1.711549454464678049e+09
1.711549455765693903e+09
1.711549457085159063e+09
1.711549458453537941e+09
1.711549459775355101e+09
1.711549461074120998e+09
1.711549462375021935e+09
1.711549463696970940e+09
1.711549464994148970e+09
1.711549466314901114e+09
1.711549467636782885e+09
1.711549468984211922e+09
1.711549470326864958e+09
1.711549471648742914e+09
1.711549472972210884e+09
1.711549474319044113e+09
1.711549475660226107e+09
1.711549476984687090e+09
1.711549478280726910e+09
1.711549479602549076e+09
1.711549480901209116e+09
1.711549482200642109e+09
1.711549483498625994e+09
1.711549484800654888e+09
1.711549486119518042e+09
1.711549487464101076e+09
1.711549488809324980e+09
1.711549490132729053e+09
1.711549491453176022e+09
1.711549492821111917e+09
1.711549494120404959e+09
1.711549495442329884e+09
1.711549496743419886e+09
1.711549498086606979e+09
1.711549499388571024e+09
1.711549500709217072e+09
1.711549502007106066e+09
1.711549503308527946e+09
1.711549504605523109e+09
1.711549505913388014e+09
1.711549507228112936e+09
1.711549508549278975e+09
1.711549509871546030e+09
1.711549511194617033e+09
1.711549512516417027e+09
1.711549513815582037e+09
