1.710275927312948942e+09
1.710275928099140882e+09
1.710275928842159986e+09
1.710275929607536077e+09
1.710275930372900009e+09
1.710275931143894911e+09
1.710275931907511950e+09
1.710275932695094109e+09
1.710275933480376959e+09
1.710275934223054886e+09
1.710275934989284992e+09
1.710275935754504919e+09
1.710275936498869896e+09
1.710275937304163933e+09
1.710275938050863028e+09
1.710275938797276974e+09
1.710275939558326960e+09
1.710275940323779106e+09
1.710275941089937925e+09
1.710275941857115984e+09
1.710275942663717985e+09
1.710275943431938887e+09
1.710275944175333977e+09
1.710275944963879108e+09
1.710275945728729963e+09
1.710275946494950056e+09
1.710275947239459991e+09
1.710275947999238968e+09
1.710275948794908047e+09
1.710275949556602955e+09
1.710275950322746992e+09
1.710275951088265896e+09
1.710275951852916002e+09
1.710275952596503973e+09
1.710275953366003036e+09
1.710275954173522949e+09
1.710275954961357117e+09
1.710275955704143047e+09
1.710275956470679998e+09
1.710275957234983921e+09
1.710275957979007006e+09
1.710275958743844986e+09
1.710275959578383923e+09
1.710275960343611956e+09
1.710275961109210968e+09
1.710275961876024008e+09
1.710275962640202045e+09
1.710275963384816885e+09
1.710275964148618937e+09
1.710275964963114977e+09
1.710275965726475000e+09
1.710275966510461092e+09
1.710275967257616997e+09
1.710275968022773981e+09
1.710275968789501905e+09
1.710275969553282022e+09
1.710275970384756088e+09
1.710275971130433083e+09
1.710275971899177074e+09
1.710275972661777020e+09
1.710275973428318024e+09
1.710275974169691086e+09
1.710275974912507057e+09
1.710275975746284962e+09
1.710275976560383081e+09
1.710275977330018044e+09
1.710275978090873003e+09
1.710275978836601019e+09
1.710275979600956917e+09
1.710275980364418030e+09
1.710275981172631025e+09
1.710275981966902971e+09
1.710275982730266094e+09
1.710275983473001003e+09
1.710275984239391088e+09
1.710275984980748892e+09
1.710275985748327017e+09
1.710275986508500099e+09
1.710275987342880011e+09
1.710275988089310884e+09
1.710275988831675053e+09
1.710275989596782923e+09
1.710275990364655018e+09
1.710275991127923012e+09
1.710275991871490955e+09
1.710275992679222107e+09
1.710275993517230034e+09
1.710275994283776999e+09
1.710275995048659086e+09
1.710275995840429068e+09
1.710275996602144003e+09
1.710275997347507000e+09
1.710275998110227108e+09
1.710275998941472054e+09
1.710275999757661104e+09
1.710276000525305033e+09
1.710276001288959980e+09
1.710276002076884985e+09
1.710276002841964006e+09
1.710276003607050896e+09
1.710276004379242897e+09
1.710276005186223984e+09
1.710276005950506926e+09
1.710276006715610027e+09
1.710276007480870962e+09
1.710276008223016024e+09
1.710276008966950893e+09
1.710276009708651066e+09
1.710276010521702051e+09
1.710276011285561085e+09
1.710276012073501110e+09
1.710276012815896988e+09
1.710276013580586910e+09
1.710276014323543072e+09
1.710276015089420080e+09
1.710276015919503927e+09
1.710276016666886091e+09
1.710276017432599068e+09
1.710276018196916103e+09
1.710276018962805986e+09
1.710276019727801085e+09
1.710276020494894981e+09
1.710276021303155899e+09
1.710276022093576908e+09
1.710276022859357119e+09
1.710276023624094963e+09
1.710276024391067028e+09
1.710276025155004025e+09
1.710276025900791883e+09
1.710276026705784082e+09
1.710276027548535109e+09
1.710276028310960054e+09
1.710276029052050114e+09
1.710276029817882061e+09
1.710276030585309982e+09
1.710276031350481987e+09
1.710276032113765955e+09
1.710276032944936037e+09
1.710276033692063093e+09
1.710276034457715988e+09
1.710276035224646091e+09
1.710276035987761021e+09
1.710276036755820990e+09
1.710276037519253016e+09
1.710276038328408003e+09
1.710276039119822025e+09
1.710276039863470078e+09
1.710276040652793884e+09
1.710276041420821905e+09
1.710276042182637930e+09
1.710276042927119970e+09
1.710276043711349010e+09
1.710276044571835041e+09
1.710276045314325094e+09
1.710276046103868961e+09
1.710276046846741915e+09
1.710276047638381958e+09
1.710276048402599096e+09
1.710276049142246962e+09
1.710276049950717926e+09
1.710276050809350014e+09
1.710276051602633953e+09
1.710276052368443966e+09
1.710276053155771017e+09
1.710276053925370932e+09
1.710276054687722921e+09
1.710276055454559088e+09
1.710276056238028049e+09
1.710276057054167986e+09
1.710276057818022013e+09
1.710276058610378981e+09
1.710276059372410059e+09
1.710276060137867928e+09
1.710276060881419897e+09
1.710276061666343927e+09
1.710276062482194901e+09
1.710276063247621059e+09
1.710276064014058113e+09
1.710276064777534962e+09
1.710276065543407917e+09
1.710276066308794975e+09
1.710276067094935894e+09
1.710276067886837959e+09
1.710276068652853012e+09
1.710276069421348095e+09
1.710276070183579922e+09
1.710276070951081991e+09
1.710276071714999914e+09
1.710276072485284090e+09
1.710276073292459011e+09
1.710276074034856081e+09
1.710276074779526949e+09
1.710276075543108940e+09
1.710276076284770012e+09
1.710276077051999092e+09
1.710276077817135096e+09
1.710276078634516001e+09
1.710276079441673040e+09
1.710276080184446096e+09
1.710276080950123072e+09
1.710276081694312096e+09
1.710276082458190918e+09
1.710276083222548962e+09
1.710276083967345953e+09
1.710276084797199011e+09
1.710276085590362072e+09
1.710276086355762005e+09
1.710276087119962931e+09
1.710276087885777950e+09
1.710276088676294088e+09
1.710276089439295053e+09
1.710276090247558117e+09
1.710276091064445019e+09
1.710276091829058886e+09
1.710276092571616888e+09
1.710276093336025000e+09
1.710276094079045057e+09
1.710276094821105957e+09
1.710276095606570005e+09
1.710276096401123047e+09
1.710276097187153101e+09
1.710276097954804897e+09
1.710276098718136072e+09
1.710276099485944986e+09
1.710276100250366926e+09
1.710276101018608093e+09
1.710276101827141047e+09
1.710276102570574999e+09
1.710276103334393978e+09
1.710276104078536034e+09
1.710276104843179941e+09
1.710276105608901024e+09
1.710276106375314951e+09
1.710276107232312918e+09
1.710276108002902985e+09
1.710276108763362885e+09
1.710276109529762983e+09
1.710276110294523954e+09
1.710276111060276031e+09
1.710276111802352905e+09
1.710276112617180109e+09
1.710276113380397081e+09
1.710276114169023037e+09
1.710276114934562922e+09
1.710276115676342964e+09
1.710276116420150042e+09
1.710276117230488062e+09
1.710276118063061953e+09
1.710276118854284048e+09
1.710276119616787910e+09
1.710276120363550901e+09
1.710276121127584934e+09
1.710276121917427063e+09
1.710276122707250118e+09
1.710276123475583076e+09
1.710276124348426104e+09
1.710276125140996933e+09
1.710276125883459091e+09
1.710276126625400066e+09
1.710276127414292097e+09
1.710276128203013897e+09
1.710276128972115993e+09
1.710276129753741980e+09
1.710276130564987898e+09
1.710276131312093973e+09
1.710276132077469110e+09
1.710276132842586040e+09
1.710276133609726906e+09
1.710276134374722004e+09
1.710276135159574032e+09
1.710276136018048048e+09
1.710276136856554031e+09
1.710276137622390032e+09
1.710276138386992931e+09
1.710276139154318094e+09
1.710276139917431116e+09
1.710276140683659077e+09
1.710276141449069977e+09
1.710276142283502102e+09
1.710276143051095963e+09
1.710276143815460920e+09
1.710276144581528902e+09
1.710276145345803976e+09
1.710276146114250898e+09
1.710276146875871897e+09
1.710276147688930035e+09
1.710276148430093050e+09
1.710276149195772886e+09
1.710276149960887909e+09
1.710276150730837107e+09
1.710276151491837978e+09
1.710276152257186890e+09
1.710276153068259954e+09
1.710276153905683994e+09
1.710276154669351101e+09
1.710276155437361956e+09
1.710276156177664995e+09
1.710276156942559004e+09
1.710276157708667994e+09
1.710276158474931002e+09
1.710276159308758020e+09
1.710276160074476957e+09
1.710276160840106010e+09
1.710276161609473944e+09
1.710276162370426893e+09
1.710276163137768030e+09
1.710276163901684999e+09
1.710276164714236021e+09
1.710276165479499102e+09
1.710276166244227886e+09
1.710276167009589911e+09
1.710276167775609970e+09
1.710276168541418076e+09
1.710276169282484055e+09
1.710276170092735052e+09
1.710276170929409027e+09
1.710276171690979958e+09
1.710276172439866066e+09
1.710276173204931974e+09
1.710276173968213081e+09
1.710276174758289099e+09
1.710276175548228025e+09
1.710276176387670040e+09
1.710276177241725922e+09
1.710276178004481077e+09
1.710276178770904064e+09
1.710276179535819054e+09
1.710276180301311016e+09
1.710276181067722082e+09
1.710276181878355980e+09
1.710276182687160015e+09
1.710276183502753973e+09
1.710276184269495964e+09
1.710276185033201933e+09
1.710276185799201965e+09
1.710276186568968058e+09
1.710276187330013037e+09
1.710276188097398043e+09
1.710276188909215927e+09
1.710276189691987991e+09
1.710276190438950062e+09
1.710276191207098961e+09
1.710276191970604897e+09
1.710276192736215115e+09
1.710276193501301050e+09
1.710276194290869951e+09
1.710276195055411100e+09
1.710276195820657015e+09
1.710276196588452101e+09
1.710276197352205038e+09
1.710276198117475986e+09
1.710276198925651073e+09
1.710276199741671085e+09
1.710276200507054090e+09
1.710276201273915052e+09
1.710276202014043093e+09
1.710276202781672955e+09
1.710276203546053886e+09
1.710276204331017971e+09
1.710276205148381948e+09
1.710276205889313936e+09
1.710276206656563997e+09
1.710276207443367958e+09
1.710276208212131023e+09
1.710276208974399090e+09
1.710276209759248972e+09
1.710276210556674004e+09
1.710276211318851948e+09
1.710276212083147049e+09
1.710276212848522902e+09
1.710276213613629103e+09
1.710276214379919052e+09
1.710276215145154953e+09
1.710276215981245041e+09
1.710276216746947050e+09
1.710276217511451960e+09
1.710276218276905060e+09
1.710276219042083025e+09
1.710276219809425116e+09
1.710276220578068018e+09
1.710276221409358025e+09
1.710276222174299955e+09
1.710276222939153910e+09
1.710276223682666063e+09
1.710276224448102951e+09
1.710276225214104891e+09
1.710276225979000092e+09
1.710276226792309999e+09
1.710276227533189058e+09
1.710276228301636934e+09
1.710276229064462900e+09
1.710276229830981970e+09
1.710276230575753927e+09
1.710276231338455915e+09
1.710276232128659010e+09
1.710276232915786982e+09
1.710276233682632923e+09
1.710276234447484970e+09
1.710276235214739084e+09
1.710276235978513002e+09
1.710276236746799946e+09
1.710276237578502893e+09
1.710276238320839882e+09
1.710276239086424112e+09
1.710276239852046967e+09
1.710276240617772102e+09
1.710276241383074999e+09
1.710276242126813889e+09
1.710276242939305067e+09
1.710276243727283001e+09
1.710276244492785931e+09
1.710276245234352112e+09
1.710276245976713896e+09
1.710276246742096901e+09
1.710276247509272099e+09
1.710276248323298931e+09
1.710276249085591078e+09
1.710276249850403070e+09
1.710276250617115974e+09
1.710276251381716013e+09
1.710276252149447918e+09
1.710276252891978025e+09
1.710276253702949047e+09
1.710276254467187881e+09
1.710276255278537989e+09
1.710276256043947935e+09
1.710276256809523106e+09
1.710276257577980042e+09
1.710276258340095997e+09
1.710276259129307985e+09
1.710276259894366026e+09
1.710276260663392067e+09
1.710276261425903082e+09
1.710276262191292048e+09
1.710276262934672117e+09
1.710276263741677999e+09
1.710276264577429056e+09
1.710276265323106050e+09
1.710276266093266010e+09
1.710276266856694937e+09
1.710276267616455078e+09
1.710276268364563942e+09
1.710276269128350019e+09
1.710276269936988115e+09
1.710276270729752064e+09
1.710276271495882988e+09
1.710276272285269976e+09
1.710276273052077055e+09
1.710276273815664053e+09
1.710276274558811903e+09
1.710276275344899893e+09
1.710276276176886082e+09
1.710276276924319029e+09
1.710276277690541029e+09
1.710276278479617119e+09
1.710276279267210960e+09
1.710276280033344030e+09
1.710276280778096914e+09
1.710276281605895996e+09
1.710276282422455072e+09
1.710276283187271118e+09
1.710276283953596115e+09
1.710276284719391108e+09
1.710276285460971117e+09
1.710276286227229118e+09
1.710276286993616104e+09
1.710276287827433109e+09
1.710276288574270964e+09
1.710276289313899040e+09
1.710276290082298994e+09
1.710276290844562054e+09
1.710276291612349033e+09
1.710276292375226974e+09
1.710276293206368923e+09
1.710276293953109026e+09
1.710276294720010042e+09
1.710276295485064983e+09
1.710276296273348093e+09
1.710276297039777994e+09
1.710276297830319881e+09
1.710276298658864975e+09
1.710276299406722069e+09
1.710276300173185110e+09
1.710276300937325001e+09
1.710276301704411983e+09
1.710276302469511986e+09
1.710276303235395908e+09
1.710276304044316053e+09
1.710276304881447077e+09
1.710276305649120092e+09
1.710276306412628889e+09
1.710276307178786039e+09
1.710276307922550917e+09
1.710276308687930107e+09
1.710276309452399015e+09
1.710276310219130039e+09
1.710276310984796047e+09
1.710276311751538038e+09
1.710276312518205881e+09
1.710276313308407068e+09
1.710276314071753979e+09
1.710276314855616093e+09
1.710276315651611090e+09
1.710276316414127111e+09
1.710276317181643009e+09
1.710276317968327045e+09
1.710276318736227989e+09
1.710276319501035929e+09
1.710276320285373926e+09
1.710276321103262901e+09
1.710276321868227005e+09
1.710276322632935047e+09
1.710276323398055077e+09
1.710276324164057970e+09
1.710276324929563999e+09
1.710276325692097902e+09
1.710276326550956011e+09
1.710276327342513084e+09
1.710276328113060951e+09
1.710276328874700069e+09
1.710276329679567099e+09
1.710276330429038048e+09
1.710276331194953918e+09
1.710276332003650904e+09
1.710276332796185970e+09
1.710276333563252926e+09
1.710276334305587053e+09
1.710276335070168018e+09
1.710276335835366964e+09
1.710276336625783920e+09
1.710276337432257891e+09
1.710276338249228001e+09
1.710276339014249086e+09
1.710276339758203983e+09
1.710276340522633076e+09
1.710276341288198948e+09
1.710276342053713083e+09
1.710276342838052034e+09
1.710276343677309990e+09
1.710276344446973085e+09
1.710276345208188057e+09
1.710276345974471092e+09
1.710276346739905119e+09
1.710276347506417036e+09
1.710276348271028996e+09
1.710276349102926970e+09
1.710276349895241022e+09
1.710276350660866022e+09
1.710276351430140972e+09
1.710276352192081928e+09
1.710276352959116936e+09
1.710276353700186014e+09
1.710276354470680952e+09
1.710276355323256969e+09
1.710276356136657953e+09
1.710276356905899048e+09
1.710276357669538021e+09
1.710276358436358929e+09
1.710276359200685978e+09
1.710276359943263054e+09
1.710276360751188993e+09
1.710276361521302938e+09
1.710276362286695957e+09
1.710276363052599907e+09
1.710276363817806005e+09
1.710276364602490902e+09
1.710276365353452921e+09
1.710276366134884119e+09
1.710276366928350925e+09
1.710276367695060968e+09
1.710276368460560083e+09
1.710276369224647045e+09
1.710276369993658066e+09
1.710276370756655931e+09
1.710276371528933048e+09
1.710276372333767891e+09
1.710276373099934101e+09
1.710276373865058899e+09
1.710276374678042889e+09
1.710276375443867922e+09
1.710276376208226919e+09
1.710276376977646112e+09
1.710276377809360981e+09
1.710276378578133106e+09
1.710276379317095041e+09
1.710276380084744930e+09
1.710276380872958899e+09
1.710276381637249947e+09
1.710276382404524088e+09
1.710276383237616062e+09
1.710276384006885052e+09
1.710276384772234917e+09
1.710276385534622908e+09
1.710276386300770998e+09
1.710276387065440893e+09
1.710276387830935955e+09
1.710276388645260096e+09
1.710276389410876036e+09
1.710276390174751997e+09
1.710276390940663099e+09
1.710276391705308914e+09
1.710276392473393917e+09
1.710276393236598015e+09
1.710276394067156076e+09
1.710276394839354992e+09
1.710276395604353905e+09
1.710276396344899893e+09
1.710276397111272097e+09
1.710276397876708031e+09
1.710276398667625904e+09
1.710276399497173071e+09
1.710276400313241005e+09
1.710276401056780100e+09
1.710276401821677923e+09
1.710276402586484909e+09
1.710276403351888895e+09
1.710276404116466999e+09
1.710276404901573896e+09
1.710276405697397947e+09
1.710276406460668087e+09
1.710276407224811077e+09
1.710276407990786076e+09
1.710276408755949974e+09
1.710276409498450041e+09
1.710276410283451080e+09
1.710276411076637983e+09
1.710276411841087103e+09
1.710276412608397007e+09
1.710276413371953964e+09
1.710276414139390945e+09
1.710276414927620888e+09
1.710276415711746931e+09
1.710276416547179937e+09
1.710276417293764114e+09
1.710276418059775114e+09
1.710276418824523926e+09
1.710276419589579105e+09
1.710276420355833054e+09
1.710276421140420914e+09
1.710276422021435976e+09
1.710276422768155098e+09
1.710276423558927059e+09
1.710276424323524952e+09
1.710276425087558985e+09
1.710276425829303026e+09
1.710276426596558094e+09
1.710276427404979944e+09
1.710276428195518970e+09
1.710276428962496042e+09
1.710276429704324961e+09
1.710276430470055103e+09
1.710276431234874964e+09
1.710276431977241993e+09
1.710276432763186932e+09
1.710276433556281090e+09
1.710276434320307970e+09
1.710276435087223053e+09
1.710276435852144003e+09
1.710276436620951891e+09
1.710276437382883072e+09
1.710276438167865038e+09
1.710276438985496998e+09
1.710276439749370098e+09
1.710276440517652035e+09
1.710276441280489922e+09
1.710276442022851944e+09
1.710276442789669991e+09
1.710276443534799099e+09
1.710276444365211964e+09
1.710276445154653072e+09
1.710276445920219898e+09
1.710276446685029030e+09
1.710276447451044083e+09
1.710276448215490103e+09
1.710276448959825039e+09
1.710276449813437939e+09
1.710276450693486929e+09
1.710276451487462044e+09
1.710276452275382042e+09
1.710276453041369915e+09
1.710276453806305885e+09
1.710276454573633909e+09
1.710276455337604046e+09
1.710276456147445917e+09
1.710276456961709023e+09
1.710276457726511002e+09
1.710276458492470026e+09
1.710276459257738113e+09
1.710276460025568962e+09
1.710276460788736105e+09
1.710276461550687075e+09
1.710276462415700912e+09
1.710276463178627968e+09
1.710276463947416067e+09
1.710276464727880955e+09
1.710276465477910995e+09
1.710276466240361929e+09
1.710276467033634901e+09
1.710276467796545982e+09
1.710276468560380936e+09
1.710276469326636076e+09
1.710276470114459038e+09
1.710276470879210949e+09
1.710276471644867897e+09
1.710276472475802898e+09
1.710276473270745039e+09
1.710276474035547972e+09
1.710276474822983027e+09
1.710276475589921951e+09
1.710276476355331898e+09
1.710276477096740007e+09
1.710276477863112926e+09
1.710276478719953060e+09
1.710276479485466003e+09
1.710276480251004934e+09
1.710276481015902996e+09
1.710276481781156063e+09
1.710276482546792030e+09
1.710276483288698912e+09
1.710276484102680922e+09
1.710276484867388010e+09
1.710276485656047106e+09
1.710276486422290087e+09
1.710276487185729980e+09
1.710276487953620911e+09
1.710276488720648050e+09
1.710276489547313929e+09
1.710276490364187002e+09
1.710276491128431082e+09
1.710276491895255089e+09
1.710276492686872959e+09
1.710276493476428032e+09
1.710276494237448931e+09
1.710276495007725000e+09
1.710276495814738989e+09
1.710276496580699921e+09
1.710276497344743013e+09
1.710276498089051962e+09
1.710276498854756117e+09
1.710276499618136883e+09
1.710276500384923935e+09
1.710276501265466928e+09
1.710276502031301975e+09
1.710276502772910118e+09
1.710276503539428949e+09
1.710276504304611921e+09
1.710276505071387053e+09
1.710276505836566925e+09
1.710276506649153948e+09
1.710276507412643909e+09
1.710276508201581001e+09
1.710276508968281031e+09
1.710276509733109951e+09
1.710276510499851942e+09
1.710276511262813091e+09
1.710276512092818022e+09
1.710276512863545895e+09
1.710276513627888918e+09
1.710276514396719933e+09
1.710276515208297968e+09
1.710276515973643064e+09
1.710276516735893011e+09
1.710276517566466093e+09
1.710276518337016106e+09
1.710276519102510929e+09
1.710276519868829012e+09
1.710276520658201933e+09
1.710276521421977043e+09
1.710276522187683105e+09
1.710276523018225908e+09
1.710276523829312086e+09
1.710276524603678942e+09
1.710276525390393019e+09
1.710276526156193018e+09
1.710276526942992926e+09
1.710276527243114948e+09
