1.709933423875318050e+09
1.709933436515029907e+09
1.709933449154793978e+09
1.709933461791740894e+09
1.709933474454046965e+09
1.709933487093048096e+09
1.709933499753505945e+09
1.709933512416121006e+09
1.709933525060009956e+09
1.709933537722615004e+09
1.709933550390120029e+09
1.709933563052036047e+09
1.709933575713603020e+09
1.709933588377713919e+09
1.709933601039680958e+09
1.709933613679656982e+09
1.709933626320468903e+09
1.709933638659064054e+09
1.709933651320772886e+09
1.709933663984652996e+09
1.709933676648078918e+09
1.709933689290046930e+09
1.709933701950124025e+09
1.709933714612303019e+09
1.709933727252979040e+09
1.709933739914067984e+09
1.709933752578397989e+09
1.709933765214677095e+09
1.709933777875870943e+09
1.709933790537966013e+09
1.709933803197860003e+09
1.709933815863081932e+09
1.709933828521630049e+09
1.709933841183382034e+09
1.709933853846980095e+09
1.709933866482676983e+09
1.709933879142522097e+09
1.709933891480429888e+09
1.709933904139818907e+09
1.709933916801223040e+09
1.709933929437860966e+09
1.709933942098367929e+09
1.709933954739001036e+09
1.709933967377223015e+09
1.709933980038477898e+09
1.709933992679970980e+09
1.709934005337724924e+09
1.709934012412178993e+09
