1.710537074798713923e+09
1.710537076282522917e+09
1.710537077812861919e+09
1.710537079296917915e+09
1.710537080780922890e+09
1.710537082264961958e+09
1.710537083772571087e+09
1.710537085279959917e+09
1.710537086764035940e+09
1.710537088248442888e+09
1.710537089732500076e+09
1.710537091216883898e+09
1.710537092724735022e+09
1.710537094231187105e+09
1.710537095715293884e+09
1.710537097200818062e+09
1.710537098683367014e+09
1.710537100167434931e+09
1.710537101651643038e+09
1.710537103137845993e+09
1.710537104643186092e+09
1.710537106151268959e+09
1.710537107634826899e+09
1.710537109118858099e+09
1.710537110602922916e+09
1.710537112087069035e+09
1.710537113571654081e+09
1.710537115102847099e+09
1.710537116585227013e+09
1.710537118092248917e+09
1.710537119576011896e+09
1.710537121084705114e+09
1.710537122567193031e+09
1.710537124051758051e+09
1.710537125558105946e+09
1.710537127065428019e+09
1.710537128549299955e+09
1.710537130056452036e+09
1.710537131540432930e+09
1.710537133024471045e+09
1.710537134510279894e+09
1.710537136016223907e+09
1.710537137500602007e+09
1.710537138984801054e+09
1.710537140468777895e+09
1.710537141952814102e+09
1.710537143437155962e+09
1.710537144921755075e+09
1.710537146428556919e+09
1.710537147912527084e+09
1.710537149396903038e+09
1.710537150927464008e+09
1.710537152411669016e+09
1.710537153895956039e+09
1.710537155380841017e+09
1.710537156887551069e+09
1.710537158371753931e+09
1.710537159855966091e+09
1.710537161363729954e+09
1.710537162847469091e+09
1.710537164331540108e+09
1.710537165816231966e+09
1.710537167299859047e+09
1.710537168783900976e+09
1.710537170267777920e+09
1.710537171775088072e+09
1.710537173261070013e+09
1.710537174789645910e+09
1.710537176274209023e+09
1.710537177781069994e+09
1.710537179264759064e+09
1.710537180748778105e+09
1.710537182232702971e+09
1.710537183717042923e+09
1.710537185202744007e+09
1.710537186709114075e+09
1.710537188215786934e+09
1.710537189698565960e+09
1.710537191184504986e+09
1.710537192666100025e+09
1.710537194149938107e+09
1.710537195657140017e+09
1.710537197142488003e+09
1.710537198648085117e+09
1.710537200132086992e+09
1.710537201616225004e+09
1.710537203101413965e+09
1.710537204584395885e+09
1.710537206068186045e+09
1.710537207553277016e+09
1.710537209082247019e+09
1.710537210589437008e+09
1.710537212119779110e+09
1.710537213604046106e+09
1.710537215134226084e+09
1.710537216618407011e+09
1.710537218103050947e+09
1.710537219611351013e+09
1.710537221093269110e+09
1.710537222577003002e+09
1.710537224084062099e+09
1.710537225591047049e+09
1.710537227074800968e+09
1.710537228559422016e+09
1.710537230065973997e+09
1.710537231573462963e+09
1.710537233057384968e+09
1.710537234541341066e+09
1.710537236025266886e+09
1.710537237509337902e+09
1.710537239017812967e+09
1.710537240523778915e+09
1.710537242030884981e+09
1.710537243537966967e+09
1.710537245045198917e+09
1.710537246529143095e+09
1.710537248013204098e+09
1.710537249497908115e+09
1.710537251004723072e+09
1.710537252511826038e+09
1.710537253995666981e+09
1.710537255479763985e+09
1.710537256963599920e+09
1.710537258470668077e+09
1.710537259979116917e+09
1.710537261484843016e+09
1.710537262991641998e+09
1.710537264475712061e+09
1.710537265984636068e+09
1.710537267466645956e+09
1.710537268950314999e+09
1.710537270435400009e+09
1.710537271964682102e+09
1.710537273448703051e+09
1.710537274932568073e+09
1.710537276416281939e+09
1.710537277923352003e+09
1.710537279407526016e+09
1.710537280893131018e+09
1.710537282398672104e+09
1.710537283882589102e+09
1.710537285366776943e+09
1.710537286851286888e+09
1.710537288359045982e+09
1.710537289841792107e+09
1.710537291326539040e+09
1.710537292832482100e+09
1.710537294315960884e+09
1.710537295799781084e+09
1.710537297283596992e+09
1.710537298767718077e+09
1.710537300251116037e+09
1.710537301735591888e+09
1.710537303242197037e+09
1.710537304749489069e+09
1.710537306233244896e+09
1.710537307717209101e+09
1.710537309200772047e+09
1.710537310684649944e+09
1.710537312170084000e+09
1.710537313698999882e+09
1.710537315182790995e+09
1.710537316666685104e+09
1.710537318150563002e+09
1.710537319634574890e+09
1.710537321118617058e+09
1.710537322602648020e+09
1.710537324086641073e+09
1.710537325570620060e+09
1.710537327054454088e+09
1.710537328538559914e+09
1.710537330022514105e+09
1.710537331506336927e+09
1.710537332990163088e+09
1.710537334473851919e+09
1.710537335957690954e+09
1.710537337441617012e+09
1.710537338925570965e+09
1.710537340409732103e+09
1.710537341893657923e+09
1.710537343377733946e+09
1.710537344861627102e+09
1.710537346345654011e+09
1.710537347832848072e+09
1.710537349313412905e+09
1.710537350797267914e+09
1.710537352281481981e+09
1.710537353764996052e+09
1.710537355248738050e+09
1.710537356732712030e+09
1.710537358216917992e+09
1.710537359700423956e+09
1.710537361184199095e+09
1.710537362667762041e+09
1.710537364151536942e+09
1.710537365635262966e+09
1.710537367118812084e+09
1.710537368602638006e+09
1.710537370086613894e+09
1.710537371570552111e+09
1.710537373100805998e+09
1.710537374584880114e+09
1.710537376068977118e+09
1.710537377553107023e+09
1.710537379037007093e+09
1.710537380520757914e+09
1.710537382004779100e+09
1.710537383488995075e+09
1.710537384973129034e+09
1.710537386457108974e+09
1.710537387941106081e+09
1.710537389425246000e+09
1.710537390909194946e+09
1.710537392392959118e+09
1.710537393876823902e+09
1.710537395360402107e+09
1.710537396844110012e+09
1.710537398328273058e+09
1.710537399812050104e+09
1.710537401296471119e+09
1.710537402779998064e+09
1.710537404264292002e+09
1.710537405748074055e+09
1.710537407233572006e+09
1.710537408716667891e+09
1.710537410201266050e+09
1.710537411685846090e+09
1.710537413170649052e+09
1.710537414655421019e+09
1.710537416140208960e+09
1.710537417625325918e+09
1.710537419109961033e+09
1.710537420594788074e+09
1.710537422079672098e+09
1.710537423564646006e+09
1.710537425049658060e+09
1.710537426537636995e+09
1.710537428019129038e+09
1.710537429503887892e+09
1.710537430988826036e+09
1.710537432473814011e+09
1.710537433958722115e+09
1.710537435443945885e+09
1.710537436928666115e+09
1.710537438413535118e+09
1.710537439898499012e+09
1.710537441383218050e+09
1.710537442867839098e+09
1.710537444352305889e+09
1.710537445837078094e+09
1.710537447321863890e+09
1.710537448806689978e+09
1.710537450291702986e+09
1.710537451776423931e+09
1.710537453261046886e+09
1.710537454745723009e+09
1.710537456253714085e+09
1.710537457738272905e+09
1.710537459223010063e+09
1.710537460707842112e+09
1.710537462195082903e+09
1.710537463677259922e+09
1.710537465161926985e+09
1.710537466646650076e+09
1.710537468132280111e+09
1.710537469615959883e+09
1.710537471100572109e+09
1.710537472585354090e+09
1.710537474070385933e+09
1.710537475554970980e+09
1.710537477132720947e+09
1.710537478617320061e+09
1.710537480101999998e+09
1.710537481586498976e+09
1.710537483094517946e+09
1.710537484578690052e+09
1.710537486062653065e+09
1.710537487546430111e+09
1.710537489030445099e+09
1.710537490515474081e+09
1.710537491998671055e+09
1.710537493482762098e+09
1.710537494966680050e+09
1.710537496450701952e+09
1.710537497934708118e+09
1.710537499418785095e+09
1.710537500906065941e+09
1.710537502388689041e+09
1.710537503873545885e+09
1.710537505358350992e+09
1.710537506843447924e+09
1.710537508328392029e+09
1.710537509812828064e+09
1.710537511297435999e+09
1.710537512782082081e+09
1.710537514266887903e+09
1.710537515751013041e+09
1.710537517235905886e+09
1.710537518720530033e+09
1.710537520204932928e+09
1.710537521689254999e+09
1.710537523173922062e+09
1.710537524658601999e+09
1.710537526143039942e+09
1.710537527650882959e+09
1.710537529135617971e+09
1.710537530620368004e+09
1.710537532104863882e+09
1.710537533589153051e+09
1.710537535073921919e+09
1.710537536557924032e+09
1.710537538041687965e+09
1.710537539525352955e+09
1.710537541010240078e+09
1.710537542493371010e+09
1.710537543977169037e+09
1.710537545461476088e+09
1.710537546945616961e+09
1.710537548429533005e+09
1.710537549913716078e+09
1.710537551397676945e+09
1.710537552881676912e+09
1.710537554365703106e+09
1.710537555849793911e+09
1.710537557333717108e+09
1.710537558817611933e+09
1.710537560301666975e+09
1.710537561785821915e+09
1.710537563270108938e+09
1.710537564754215956e+09
1.710537566238352060e+09
1.710537567722570896e+09
1.710537569206592083e+09
1.710537570690589905e+09
1.710537572174774885e+09
1.710537573658675909e+09
1.710537575142647982e+09
1.710537576626624107e+09
1.710537578110375881e+09
1.710537579594199896e+09
1.710537581101224899e+09
1.710537582584964037e+09
1.710537584068739891e+09
1.710537585552542925e+09
1.710537587036166906e+09
1.710537588519990921e+09
1.710537590003901958e+09
1.710537591487401962e+09
1.710537592971360922e+09
1.710537594455360889e+09
1.710537595939198971e+09
1.710537597422986984e+09
1.710537598906853914e+09
1.710537600390532970e+09
1.710537601874461889e+09
1.710537603358509064e+09
1.710537604842253923e+09
1.710537606326176882e+09
1.710537607809923887e+09
1.710537609293772936e+09
1.710537610777894974e+09
1.710537612261825085e+09
1.710537613745682955e+09
1.710537615229428053e+09
1.710537616713288069e+09
1.710537618197220087e+09
1.710537619681134939e+09
1.710537621165179014e+09
1.710537622649079084e+09
1.710537624133203030e+09
1.710537625617337942e+09
1.710537627101222992e+09
1.710537628585320950e+09
1.710537630069506884e+09
1.710537631553106070e+09
1.710537633036922932e+09
1.710537634520919085e+09
1.710537636004906893e+09
1.710537637488759041e+09
1.710537638973100901e+09
1.710537640457303047e+09
1.710537641941505909e+09
1.710537643425777912e+09
1.710537644910193920e+09
1.710537646394434929e+09
1.710537647878897905e+09
1.710537649363374949e+09
1.710537650847742081e+09
1.710537652332263947e+09
1.710537653816781998e+09
1.710537655301012039e+09
1.710537656785136938e+09
1.710537658269371033e+09
1.710537659776983976e+09
1.710537661261254072e+09
1.710537662745661020e+09
1.710537664252984047e+09
1.710537665760642052e+09
1.710537667290950060e+09
1.710537668775235891e+09
1.710537670305768967e+09
1.710537671813066959e+09
1.710537673297285080e+09
1.710537673858201027e+09
