1.710777093675654888e+09
1.710777096665565014e+09
1.710777099682334900e+09
1.710777102695235968e+09
1.710777105665035009e+09
1.710777108635478020e+09
1.710777111606327057e+09
1.710777114576860905e+09
1.710777117546401978e+09
1.710777120515144110e+09
1.710777123484461069e+09
1.710777126453876019e+09
1.710777129423259020e+09
1.710777132391688108e+09
1.710777135383600950e+09
1.710777138352421045e+09
1.710777141321069002e+09
1.710777144313122988e+09
1.710777147282763958e+09
1.710777150251604080e+09
1.710777153223009109e+09
1.710777156213946104e+09
1.710777159182760000e+09
1.710777162152450085e+09
1.710777165120045900e+09
1.710777168088938951e+09
1.710777171057363987e+09
1.710777174028517962e+09
1.710777176995965004e+09
1.710777179963942051e+09
1.710777182932708025e+09
1.710777185901350975e+09
1.710777188870418072e+09
1.710777191839123011e+09
1.710777194807591915e+09
1.710777197776401997e+09
1.710777200744049072e+09
1.710777203712819099e+09
1.710777206680445910e+09
1.710777209648644924e+09
1.710777212616738081e+09
1.710777215585504055e+09
1.710777218576693058e+09
1.710777221544646025e+09
1.710777224512810946e+09
1.710777227481225014e+09
1.710777230449250937e+09
1.710777233417206049e+09
1.710777236385335922e+09
1.710777239353724957e+09
1.710777242322361946e+09
1.710777245289944887e+09
1.710777248259325027e+09
1.710777251319889069e+09
1.710777254311825991e+09
1.710777257280817986e+09
1.710777260250047922e+09
1.710777263219156027e+09
1.710777266188280106e+09
1.710777269158030033e+09
1.710777272126071930e+09
1.710777275094670057e+09
1.710777278086968899e+09
1.710777281055509090e+09
1.710777284025834084e+09
1.710777286993248940e+09
1.710777289962212086e+09
1.710777292931318998e+09
1.710777295900743961e+09
1.710777298869848967e+09
1.710777301838887930e+09
1.710777304808048010e+09
1.710777307777031898e+09
1.710777310746301889e+09
1.710777313715802908e+09
1.710777316708204031e+09
1.710777319677784920e+09
1.710777322647244930e+09
1.710777325616602898e+09
1.710777328585807085e+09
1.710777331555252075e+09
1.710777334524487019e+09
1.710777337493567944e+09
1.710777340462227106e+09
1.710777343431335926e+09
1.710777346400665045e+09
1.710777349370304108e+09
1.710777352339400053e+09
1.710777355308928013e+09
1.710777358278470039e+09
1.710777361247457981e+09
1.710777364216633081e+09
1.710777367186279058e+09
1.710777370155725002e+09
1.710777373126538992e+09
1.710777376142357111e+09
1.710777379111021996e+09
1.710777382081526995e+09
1.710777385049318075e+09
1.710777388018533945e+09
1.710777390987494946e+09
1.710777393958173037e+09
1.710777396926029921e+09
1.710777399894879103e+09
1.710777402863962889e+09
1.710777405832706928e+09
1.710777408801765919e+09
1.710777411770584106e+09
1.710777414763477087e+09
1.710777417755177975e+09
1.710777420770756006e+09
1.710777423763098001e+09
1.710777426755558968e+09
1.710777429724733114e+09
1.710777432693948030e+09
1.710777435662854910e+09
1.710777438631468058e+09
1.710777441600574970e+09
1.710777444569436073e+09
1.710777447537982941e+09
1.710777450507149935e+09
1.710777453476577997e+09
1.710777456446043968e+09
1.710777459415575981e+09
1.710777462386137962e+09
1.710777465355206013e+09
1.710777468325017929e+09
1.710777471293612957e+09
1.710777474262527943e+09
1.710777477231956005e+09
1.710777480200959921e+09
1.710777483172008991e+09
1.710777486138808012e+09
1.710777489107933044e+09
1.710777492076637983e+09
1.710777495045733929e+09
1.710777498038353920e+09
1.710777501008172989e+09
1.710777503976316929e+09
1.710777506945360899e+09
1.710777509914369106e+09
1.710777512883546114e+09
1.710777515852912903e+09
1.710777518822122097e+09
1.710777521791388035e+09
1.710777524760355949e+09
1.710777527729152918e+09
1.710777530698043108e+09
1.710777533666882992e+09
1.710777536635492086e+09
1.710777539604520082e+09
1.710777542573285103e+09
1.710777545544951916e+09
1.710777548510719061e+09
1.710777551502975941e+09
1.710777554472068071e+09
1.710777557464260101e+09
1.710777560433693886e+09
1.710777563425432920e+09
1.710777566394958019e+09
1.710777569386384964e+09
1.710777572356165886e+09
1.710777575325316906e+09
1.710777578294116974e+09
1.710777581262590885e+09
1.710777584231450081e+09
1.710777587223751068e+09
1.710777590239072084e+09
1.710777593208862066e+09
1.710777596177539110e+09
1.710777599146631002e+09
1.710777602115957975e+09
1.710777605085057020e+09
1.710777608056385994e+09
1.710777611023237944e+09
1.710777614017153025e+09
1.710777617007725954e+09
1.710777619980676889e+09
1.710777622948774099e+09
1.710777625942183018e+09
1.710777628912226915e+09
1.710777631906056881e+09
1.710777634876194000e+09
1.710777637847104073e+09
1.710777640840437889e+09
1.710777643833836079e+09
1.710777646827873945e+09
1.710777649821387053e+09
1.710777652838666916e+09
1.710777655809246063e+09
1.710777658779542923e+09
1.710777661773785114e+09
1.710777664767462015e+09
1.710777667738238096e+09
1.710777670731264114e+09
1.710777673701422930e+09
1.710777676695146084e+09
1.710777679668287992e+09
1.710777682637586117e+09
1.710777685632483006e+09
1.710777688692652941e+09
1.710777691663207054e+09
1.710777694656663895e+09
1.710777697650656939e+09
1.710777700643994093e+09
1.710777703614063025e+09
1.710777706609880924e+09
1.710777709623191118e+09
1.710777712594278097e+09
1.710777715562726974e+09
1.710777718556309938e+09
1.710777721526524067e+09
1.710777724496942997e+09
1.710777727466954947e+09
1.710777730460670948e+09
1.710777733431288958e+09
1.710777736401530981e+09
1.710777739372446060e+09
1.710777742366214991e+09
1.710777745336630106e+09
1.710777748306916952e+09
1.710777751277909994e+09
1.710777754272613049e+09
1.710777757289834976e+09
1.710777760260049105e+09
1.710777763229229927e+09
1.710777766220788002e+09
1.710777769189496040e+09
1.710777772181466103e+09
1.710777775150165081e+09
1.710777778120042086e+09
1.710777781110074997e+09
1.710777784101385117e+09
1.710777787070123911e+09
1.710777790038353920e+09
1.710777793008857965e+09
1.710777795974798918e+09
1.710777798943001986e+09
1.710777801910526037e+09
1.710777804878845930e+09
1.710777807847173929e+09
1.710777810815458059e+09
1.710777813784324884e+09
1.710777816753171921e+09
1.710777819723583937e+09
1.710777822713932037e+09
1.710777825682216883e+09
1.710777828674467087e+09
1.710777831643168926e+09
1.710777834612422943e+09
1.710777837604253054e+09
1.710777840572714090e+09
1.710777843564976931e+09
1.710777846533798933e+09
1.710777849502515078e+09
1.710777852471390009e+09
1.710777855462851048e+09
1.710777858431588888e+09
1.710777861401058912e+09
1.710777864415136099e+09
1.710777867383394957e+09
1.710777870351979971e+09
1.710777873343780994e+09
1.710777876335603952e+09
1.710777879304402113e+09
1.710777882272619963e+09
1.710777885264727116e+09
1.710777888256273031e+09
1.710777891248148918e+09
1.710777894217226028e+09
1.710777897209209919e+09
1.710777900178298950e+09
1.710777903147059917e+09
1.710777906139285088e+09
1.710777909131167889e+09
1.710777912123125076e+09
1.710777915138128996e+09
1.710777918130059958e+09
1.710777921099328041e+09
1.710777924091137886e+09
1.710777927084131002e+09
1.710777930052047968e+09
1.710777933020445108e+09
1.710777935989587069e+09
1.710777938957098007e+09
1.710777941925261974e+09
1.710777944940323114e+09
1.710777947908904076e+09
1.710777950878431082e+09
1.710777953846092939e+09
1.710777956814702988e+09
1.710777959782938957e+09
1.710777962751782894e+09
1.710777965743596077e+09
1.710777968734647036e+09
1.710777971727171898e+09
1.710777974718677044e+09
1.710777977708883047e+09
1.710777980677048922e+09
1.710777983645132065e+09
1.710777986636465073e+09
1.710777989628303051e+09
1.710777992596997023e+09
1.710777995565517902e+09
1.710777998580375910e+09
1.710778001572887897e+09
1.710778004587507963e+09
1.710778007579052925e+09
1.710778010570770025e+09
1.710778013539679050e+09
1.710778016508843899e+09
1.710778019500293970e+09
1.710778022470285892e+09
1.710778025437197924e+09
1.710778028431830883e+09
1.710778031421892881e+09
1.710778034412689924e+09
1.710778037404861927e+09
1.710778040372062922e+09
1.710778043340085030e+09
1.710778046308533907e+09
1.710778049276984930e+09
1.710778052245045900e+09
1.710778055237148046e+09
1.710778058229558945e+09
1.710778061197926044e+09
1.710778064190622091e+09
1.710778067158634901e+09
1.710778070127469063e+09
1.710778073096915007e+09
1.710778076064105034e+09
1.710778079032746077e+09
1.710778082000984907e+09
1.710778084970004082e+09
1.710778087937927961e+09
1.710778090908243895e+09
1.710778093899441004e+09
1.710778096889904022e+09
1.710778099882227898e+09
1.710778102873749971e+09
1.710778105865259886e+09
1.710778108833564997e+09
1.710778111825691938e+09
1.710778114794761896e+09
1.710778117787352085e+09
1.710778120757977962e+09
1.710778123747942924e+09
1.710778126765314102e+09
1.710778129800767899e+09
1.710778132792031050e+09
1.710778135762279034e+09
1.710778138777371883e+09
1.710778141745481014e+09
1.710778144715790033e+09
1.710778147685767889e+09
1.710778150657104969e+09
1.710778153648482084e+09
1.710778156641431093e+09
1.710778159657959938e+09
1.710778162651165962e+09
1.710778165644465923e+09
1.710778168660348892e+09
1.710778171653666973e+09
1.710778174647031069e+09
1.710778177616828918e+09
1.710778180610605001e+09
1.710778183625117064e+09
1.710778186617172956e+09
1.710778189586021900e+09
1.710778192554862022e+09
1.710778195523799896e+09
1.710778198515923023e+09
1.710778201507621050e+09
1.710778204476047039e+09
1.710778207444458961e+09
1.710778210414911985e+09
1.710778213406446934e+09
1.710778216375720978e+09
1.710778219344829082e+09
1.710778222314133883e+09
1.710778225306428909e+09
1.710778228321191072e+09
1.710778231313534021e+09
1.710778234305464029e+09
1.710778237275135994e+09
1.710778240243463993e+09
1.710778243235198975e+09
1.710778246227180958e+09
1.710778249196813107e+09
1.710778252166238070e+09
1.710778255156738043e+09
1.710778258133912086e+09
1.710778261117888927e+09
1.710778264088179111e+09
1.710778267079339981e+09
1.710778270072966099e+09
1.710778273063869953e+09
1.710778276034216881e+09
1.710778279002023935e+09
1.710778281972368956e+09
1.710778284939688921e+09
1.710778287933563948e+09
1.710778290923186064e+09
1.710778293891361952e+09
1.710778296860304117e+09
1.710778299828926086e+09
1.710778302798449039e+09
1.710778305769889116e+09
1.710778308782479048e+09
1.710778311775816917e+09
1.710778314743104935e+09
1.710778317735115051e+09
1.710778320749993086e+09
1.710778323742130995e+09
1.710778326710432053e+09
1.710778329679124117e+09
1.710778332671044111e+09
1.710778335640204906e+09
1.710778338632405996e+09
1.710778341601170063e+09
1.710778344570221901e+09
1.710778347561958075e+09
1.710778350530509949e+09
1.710778353499057055e+09
1.710778356467978954e+09
1.710778359460508108e+09
1.710778362453072071e+09
1.710778365467139959e+09
1.710778368458970070e+09
1.710778371427361965e+09
1.710778374396037102e+09
1.710778377363913059e+09
1.710778380332292080e+09
1.710778383300801992e+09
1.710778386269495010e+09
1.710778389261497974e+09
1.710778392277295113e+09
1.710778395268954992e+09
1.710778398260457993e+09
1.710778401230876923e+09
1.710778404244844913e+09
1.710778407214257956e+09
1.710778410205881119e+09
1.710778413198342085e+09
1.710778416190735102e+09
1.710778419205873966e+09
1.710778422244054079e+09
1.710778425212768078e+09
1.710778428181564093e+09
1.710778431175458908e+09
1.710778434142119884e+09
1.710778437112936020e+09
1.710778440079258919e+09
1.710778443117270947e+09
1.710778446109373093e+09
1.710778449080538988e+09
1.710778452069443941e+09
1.710778455084008932e+09
1.710778458076087952e+09
1.710778461067900896e+09
1.710778464037949085e+09
1.710778467028229952e+09
1.710778469996727943e+09
1.710778472965279102e+09
1.710778475934376001e+09
1.710778478904948950e+09
1.710778481940661907e+09
1.710778484932842016e+09
1.710778487948071003e+09
1.710778490939311981e+09
1.710778493931840897e+09
1.710778496922619104e+09
1.710778499915215969e+09
1.710778502906630039e+09
1.710778505875288010e+09
1.710778508867198944e+09
1.710778511859843016e+09
1.710778514827868938e+09
1.710778517819910049e+09
1.710778520813292027e+09
1.710778523804052114e+09
1.710778526796360016e+09
1.710778529764753103e+09
1.710778532780231953e+09
1.710778535748945951e+09
1.710778538716769934e+09
1.710778541685468912e+09
1.710778544654078007e+09
1.710778547622832060e+09
1.710778550615046978e+09
1.710778553584161997e+09
1.710778556576536894e+09
1.710778559568407059e+09
1.710778562559926033e+09
1.710778565527940989e+09
1.710778568519272089e+09
1.710778571487704992e+09
1.710778574502397060e+09
1.710778577493787050e+09
1.710778580509013891e+09
1.710778583478204012e+09
1.710778586446434021e+09
1.710778589461509943e+09
1.710778592453233004e+09
1.710778595468246937e+09
1.710778598459453106e+09
1.710778601450571060e+09
1.710778604442019939e+09
1.710778607456161022e+09
1.710778610423976898e+09
1.710778613415277958e+09
1.710778616383430004e+09
1.710778619351675034e+09
1.710778622343401909e+09
1.710778625311594009e+09
1.710778628326421022e+09
1.710778631318192005e+09
1.710778634286242008e+09
1.710778637254538059e+09
1.710778640225223064e+09
1.710778643238936901e+09
1.710778646207554102e+09
1.710778649222491980e+09
1.710778652235929966e+09
1.710778655204605103e+09
1.710778658221410036e+09
1.710778661235927105e+09
1.710778664249541998e+09
1.710778667241261959e+09
1.710778670233788967e+09
1.710778673203092098e+09
1.710778676173626900e+09
1.710778679164302111e+09
1.710778682133167982e+09
1.710778685124949932e+09
1.710778688095876932e+09
1.710778691108742952e+09
1.710778694078885078e+09
1.710778697047173023e+09
1.710778700038366079e+09
1.710778703007055044e+09
1.710778705975826025e+09
1.710778708991173983e+09
1.710778711983110905e+09
1.710778714951772928e+09
1.710778717967972040e+09
1.710778720936461926e+09
1.710778723926671028e+09
1.710778726894988060e+09
1.710778729909894943e+09
1.710778732879420996e+09
1.710778735917292118e+09
1.710778738909421921e+09
1.710778741900902987e+09
1.710778744870434999e+09
1.710778747839101076e+09
1.710778750832482100e+09
1.710778753824186087e+09
1.710778756839198112e+09
1.710778759807625055e+09
1.710778762777111053e+09
1.710778765745125055e+09
1.710778768760415077e+09
1.710778771730632067e+09
1.710778774748900890e+09
1.710778777759813070e+09
1.710778780728908062e+09
1.710778783698698997e+09
1.710778786715934992e+09
1.710778789683963060e+09
1.710778792656141043e+09
1.710778795622628927e+09
1.710778798592056036e+09
1.710778801584932089e+09
1.710778804555210114e+09
1.710778807547960043e+09
1.710778810518538952e+09
1.710778813511360884e+09
1.710778816502844095e+09
1.710778819494748116e+09
1.710778822486747026e+09
1.710778825456198931e+09
1.710778828448170900e+09
1.710778831439373016e+09
1.710778834407974005e+09
1.710778837401442051e+09
1.710778840391510963e+09
1.710778843359611034e+09
1.710778846328094006e+09
1.710778849296679974e+09
1.710778852265738964e+09
1.710778855234968901e+09
1.710778858203476906e+09
1.710778861195473909e+09
1.710778864163774967e+09
1.710778867155857086e+09
1.710778870124495029e+09
1.710778873093525887e+09
1.710778876062091112e+09
1.710778879030754089e+09
1.710778882022404909e+09
1.710778884991189003e+09
1.710778887959688902e+09
1.710778890928630114e+09
1.710778893920018911e+09
1.710778896911842108e+09
1.710778899881022930e+09
1.710778902895808935e+09
1.710778905863951921e+09
1.710778908855601072e+09
1.710778911824209929e+09
1.710778914793045998e+09
1.710778917762177944e+09
1.710778920754540920e+09
1.710778923746182919e+09
1.710778926738363028e+09
1.710778929706815958e+09
1.710778932675365925e+09
1.710778935643858910e+09
1.710778938612426043e+09
1.710778941581240892e+09
1.710778944550246954e+09
1.710778947542453051e+09
1.710778950534554005e+09
1.710778953503643990e+09
1.710778956495619059e+09
1.710778959464493036e+09
1.710778962432974100e+09
1.710778965424639940e+09
1.710778968416923046e+09
1.710778971384457111e+09
1.710778974352952003e+09
1.710778977344680071e+09
1.710778980382467031e+09
1.710778983351201057e+09
1.710778986342902899e+09
1.710778989310345888e+09
1.710778992278389931e+09
1.710778995246790886e+09
1.710778998238933086e+09
1.710779001207132101e+09
1.710779004175193071e+09
1.710779007148998976e+09
1.710779010111059904e+09
1.710779013078824043e+09
1.710779016069828033e+09
1.710779019041511059e+09
1.710779022030143976e+09
1.710779024998442888e+09
1.710779027967173100e+09
1.710779030938821077e+09
1.710779033905041933e+09
1.710779036896326065e+09
1.710779039887819052e+09
1.710779042879648924e+09
1.710779045847884893e+09
1.710779048839345932e+09
1.710779051807713985e+09
1.710779054822160006e+09
1.710779057790118933e+09
1.710779060758069038e+09
1.710779063726161957e+09
1.710779066717536926e+09
1.710779069686099052e+09
1.710779072654500961e+09
1.710779075646382093e+09
1.710779078638091087e+09
1.710779081606465101e+09
1.710779084574585915e+09
1.710779087542920113e+09
1.710779090535362005e+09
1.710779093550297976e+09
1.710779096519757032e+09
1.710779099487829924e+09
1.710779102456916094e+09
1.710779105425302029e+09
1.710779108417521000e+09
1.710779111386281013e+09
1.710779114378209114e+09
1.710779117347251892e+09
1.710779120315876007e+09
1.710779123284399033e+09
1.710779126253087044e+09
1.710779129221920967e+09
1.710779132190551996e+09
1.710779135159074068e+09
1.710779138127196074e+09
1.710779141095592022e+09
1.710779144066601038e+09
1.710779147032243967e+09
1.710779150000293970e+09
1.710779152968592882e+09
1.710779155937151909e+09
1.710779158905827045e+09
1.710779161943957090e+09
1.710779164912815094e+09
1.710779167881151915e+09
1.710779170849206924e+09
1.710779173817034006e+09
1.710779176808075905e+09
1.710779179776016951e+09
1.710779182743859053e+09
1.710779185711848974e+09
1.710779188680043936e+09
1.710779191648317099e+09
1.710779194616503954e+09
1.710779197584402084e+09
1.710779200552529097e+09
1.710779203520634890e+09
1.710779206488593102e+09
1.710779209456609011e+09
1.710779212424757957e+09
1.710779215393086910e+09
1.710779218361313105e+09
1.710779221353096962e+09
1.710779224344587088e+09
1.710779227313003063e+09
1.710779230281233072e+09
1.710779233251683950e+09
1.710779236217762947e+09
1.710779239185965061e+09
1.710779242153966904e+09
1.710779245122118950e+09
1.710779248090101957e+09
1.710779251061407089e+09
1.710779254025381088e+09
1.710779256996330023e+09
1.710779259961113930e+09
1.710779262929008007e+09
1.710779265897145987e+09
1.710779268864978075e+09
1.710779271833127022e+09
1.710779274802355051e+09
1.710779277768574953e+09
1.710779280736654997e+09
1.710779283704792023e+09
1.710779286696690083e+09
1.710779289665150881e+09
1.710779292679435015e+09
1.710779295647058964e+09
1.710779298614500046e+09
1.710779301582408905e+09
1.710779304551171064e+09
1.710779307520134926e+09
1.710779310489034891e+09
1.710779313456919909e+09
1.710779316425228119e+09
1.710779319393248081e+09
1.710779322361321926e+09
1.710779325329546928e+09
1.710779328298012972e+09
1.710779331265707970e+09
1.710779334233530998e+09
1.710779337201216936e+09
1.710779340169136047e+09
1.710779343137015104e+09
1.710779346105288029e+09
1.710779349073095083e+09
1.710779352041227102e+09
1.710779355009579897e+09
1.710779357978616953e+09
1.710779360970690966e+09
1.710779363985485077e+09
1.710779367046736956e+09
1.710779370039896011e+09
1.710779373030246973e+09
1.710779376022423029e+09
1.710779379014209032e+09
1.710779381982837915e+09
1.710779384953188896e+09
1.710779387966900110e+09
1.710779390935061932e+09
1.710779393926671028e+09
1.710779396895226955e+09
1.710779399863368034e+09
1.710779402831733942e+09
1.710779405823565960e+09
1.710779408791805983e+09
1.710779411783421993e+09
1.710779414751872063e+09
1.710779417720422983e+09
1.710779420689310074e+09
1.710779423681339979e+09
1.710779426673834085e+09
1.710779429642992973e+09
1.710779432634962082e+09
1.710779435626672983e+09
1.710779438618827105e+09
1.710779441586954117e+09
1.710779444557089090e+09
1.710779447525348902e+09
1.710779450492175102e+09
1.710779453459914923e+09
1.710779456427634954e+09
1.710779459419218063e+09
1.710779462386763096e+09
1.710779465400669098e+09
1.710779468391587019e+09
1.710779471359153032e+09
1.710779474327378988e+09
1.710779477296622992e+09
1.710779480265727043e+09
1.710779483235018969e+09
1.710779486203943968e+09
1.710779489196280003e+09
1.710779492165266991e+09
1.710779495157409906e+09
1.710779498126522064e+09
1.710779501096138000e+09
1.710779504064635992e+09
1.710779507034902096e+09
1.710779510003096104e+09
1.710779512973788023e+09
1.710779515941469908e+09
1.710779518910444021e+09
1.710779521879622936e+09
1.710779524849174976e+09
1.710779527818732023e+09
1.710779530788157940e+09
1.710779533757042885e+09
1.710779536726166010e+09
1.710779539695609093e+09
1.710779542664438009e+09
1.710779545632553101e+09
1.710779548647595882e+09
1.710779551616034985e+09
1.710779554630773067e+09
1.710779557598789930e+09
1.710779560567045927e+09
1.710779563534909964e+09
1.710779566503335953e+09
1.710779569518564939e+09
1.710779572486741066e+09
1.710779575454282999e+09
1.710779578444737911e+09
1.710779581412615061e+09
1.710779584403701067e+09
1.710779587417568922e+09
1.710779590385706902e+09
1.710779593377140045e+09
1.710779596344620943e+09
1.710779599359173059e+09
1.710779602326940060e+09
1.710779605294871092e+09
1.710779608286139011e+09
1.710779611254196882e+09
1.710779614245616913e+09
1.710779617237068892e+09
1.710779620205560923e+09
1.710779623196996927e+09
1.710779626166352987e+09
1.710779629156526089e+09
1.710779632124589920e+09
1.710779635092366934e+09
1.710779638085740089e+09
1.710779641075100899e+09
1.710779644089927912e+09
1.710779647058768988e+09
1.710779650026953936e+09
1.710779652995852947e+09
1.710779655963588953e+09
1.710779658933726072e+09
1.710779661924395084e+09
1.710779664892761946e+09
1.710779667861020088e+09
1.710779670829370975e+09
1.710779673820331097e+09
1.710779676811440945e+09
1.710779679779252052e+09
1.710779682770402908e+09
1.710779685738328934e+09
1.710779688707088947e+09
1.710779691674060106e+09
1.710779694642710924e+09
1.710779697610004902e+09
1.710779700602085114e+09
1.710779703593633890e+09
1.710779706629235983e+09
1.710779709597012043e+09
1.710779712588285923e+09
1.710779715556212902e+09
1.710779718546665907e+09
1.710779721514416933e+09
1.710779724482048988e+09
1.710779727449632883e+09
1.710779730417273998e+09
1.710779733407919884e+09
1.710779736398428917e+09
1.710779739365518093e+09
1.710779742356671095e+09
1.710779745324362040e+09
1.710779748291862011e+09
1.710779751259675026e+09
1.710779754227258921e+09
1.710779757195033073e+09
1.710779760186007023e+09
1.710779763177098989e+09
1.710779766168483973e+09
1.710779769135942936e+09
1.710779772105051994e+09
1.710779775095335960e+09
1.710779778086380005e+09
1.710779781054579973e+09
1.710779784046874046e+09
1.710779787013025045e+09
1.710779789981081009e+09
1.710779792972014904e+09
1.710779795963071108e+09
1.710779798930556059e+09
1.710779801898535967e+09
1.710779804866492987e+09
1.710779807834625959e+09
1.710779810803172112e+09
1.710779813794370890e+09
1.710779816785851002e+09
1.710779819754278898e+09
1.710779822745825052e+09
1.710779825714030981e+09
1.710779828683509111e+09
1.710779831673523903e+09
1.710779834641824961e+09
1.710779837633141994e+09
1.710779840624197960e+09
1.710779843592227936e+09
1.710779846560564995e+09
1.710779849552421093e+09
1.710779852544363976e+09
1.710779855512028933e+09
1.710779858479602098e+09
1.710779861447254896e+09
1.710779864415792942e+09
1.710779867383722067e+09
1.710779870374927998e+09
1.710779873342677116e+09
1.710779876311109066e+09
1.710779879279453993e+09
1.710779882293803930e+09
1.710779885262037039e+09
1.710779888229945898e+09
1.710779891197515011e+09
1.710779894188604116e+09
1.710779897180300951e+09
1.710779900147445917e+09
1.710779903114800930e+09
1.710779906106350899e+09
1.710779909097764015e+09
1.710779912090516090e+09
1.710779915057190895e+09
1.710779918071957111e+09
1.710779921063560963e+09
1.710779924056898117e+09
1.710779927024420023e+09
1.710779929994177103e+09
1.710779932961375952e+09
1.710779935929470062e+09
1.710779938920860052e+09
1.710779941912241936e+09
1.710779944903455973e+09
1.710779947871877909e+09
1.710779950839958906e+09
1.710779953807630062e+09
1.710779956775204897e+09
1.710779959742759943e+09
1.710779962733170033e+09
1.710779965700537920e+09
1.710779968691847086e+09
1.710779971683249950e+09
1.710779974651113033e+09
1.710779977618812084e+09
1.710779980586467981e+09
1.710779983554476023e+09
1.710779986544106007e+09
1.710779989535196066e+09
1.710779992526236057e+09
1.710779995517256021e+09
1.710779998508009911e+09
1.710780001498411894e+09
1.710780004465961933e+09
1.710780007433378935e+09
1.710780010423861980e+09
1.710780013414658070e+09
1.710780016405311108e+09
1.710780019396431923e+09
1.710780022365145922e+09
1.710780025355154991e+09
1.710780028346164942e+09
1.710780031360491991e+09
1.710780034328279972e+09
1.710780037295542955e+09
1.710780040262944937e+09
1.710780043230730057e+09
1.710780046198832989e+09
1.710780049189460993e+09
1.710780052157269955e+09
1.710780055124726057e+09
1.710780058092649937e+09
1.710780061085930109e+09
1.710780064051350117e+09
1.710780067020277977e+09
1.710780069986785889e+09
1.710780072978494883e+09
1.710780075945432901e+09
1.710780078913846016e+09
1.710780081881172895e+09
1.710780084871742010e+09
1.710780087862668991e+09
1.710780090853148937e+09
1.710780093843935013e+09
1.710780096811382055e+09
1.710780099778312922e+09
1.710780102745754957e+09
1.710780105713372946e+09
1.710780108704637051e+09
1.710780111695841074e+09
1.710780114733289957e+09
1.710780117723323107e+09
1.710780120690830946e+09
1.710780123659118891e+09
1.710780126627561092e+09
1.710780129617057085e+09
1.710780132584599972e+09
1.710780135575310946e+09
1.710780138566704035e+09
1.710780141557382107e+09
1.710780144548413038e+09
1.710780147516159058e+09
1.710780150483599901e+09
1.710780153474240065e+09
1.710780156441982031e+09
1.710780159409923077e+09
1.710780162401014090e+09
1.710780165369014978e+09
1.710780168360143900e+09
1.710780171327647924e+09
1.710780174318455935e+09
1.710780177332257986e+09
1.710780180322865009e+09
1.710780183290282965e+09
1.710780186280930996e+09
1.710780189248327971e+09
1.710780192216037989e+09
1.710780195206888914e+09
1.710780198197822094e+09
1.710780201166131020e+09
1.710780204135781050e+09
1.710780207124691010e+09
1.710780210092704058e+09
1.710780213106631994e+09
1.710780216097574949e+09
1.710780219065638065e+09
1.710780222035048008e+09
1.710780225024794102e+09
1.710780228015645981e+09
1.710780230983458042e+09
1.710780233952846050e+09
1.710780236942277908e+09
1.710780239933254957e+09
1.710780242924416065e+09
1.710780245892246008e+09
1.710780248859879017e+09
1.710780251826984882e+09
1.710780254794704914e+09
1.710780257785732031e+09
1.710780260800055027e+09
1.710780263768160105e+09
1.710780266736059904e+09
1.710780269727528095e+09
1.710780272695580006e+09
1.710780275663306952e+09
1.710780278654386044e+09
1.710780281622246027e+09
1.710780284613210917e+09
1.710780287603888988e+09
1.710780290571465969e+09
1.710780293539973974e+09
1.710780296507461071e+09
1.710780299498095036e+09
1.710780302465080976e+09
1.710780305432748079e+09
1.710780308400108099e+09
1.710780311367270947e+09
1.710780314335114956e+09
1.710780317302720070e+09
1.710780320270773888e+09
1.710780323238868952e+09
1.710780326206624985e+09
1.710780329197627068e+09
1.710780332165448904e+09
1.710780335133757114e+09
1.710780338101458073e+09
1.710780341071033001e+09
1.710780344037456989e+09
1.710780347006230116e+09
1.710780349973053932e+09
1.710780352942708969e+09
1.710780355908490896e+09
1.710780358876264095e+09
1.710780361866734982e+09
1.710780364834235907e+09
1.710780367802099943e+09
1.710780370770539045e+09
1.710780373738953114e+09
1.710780376707705021e+09
1.710780379675982952e+09
1.710780382644428015e+09
1.710780385611840963e+09
1.710780388579405069e+09
1.710780391547039986e+09
1.710780394514982939e+09
1.710780397482954025e+09
1.710780400450905085e+09
1.710780403442090988e+09
1.710780406409452915e+09
1.710780409376979113e+09
1.710780412344707966e+09
1.710780415312583923e+09
1.710780418280257940e+09
1.710780421248435020e+09
1.710780424216324091e+09
1.710780427184319019e+09
1.710780430175514936e+09
1.710780433143522024e+09
1.710780436111893892e+09
1.710780439080251932e+09
1.710780442049395084e+09
1.710780445015484095e+09
1.710780447984476089e+09
1.710780450998172045e+09
1.710780453966567039e+09
1.710780456934789896e+09
1.710780459904197931e+09
1.710780462870975971e+09
1.710780465838893890e+09
1.710780468806755066e+09
1.710780471774480104e+09
1.710780474742316008e+09
1.710780477733329058e+09
1.710780480701265097e+09
1.710780483669456959e+09
1.710780486636852980e+09
1.710780489627815008e+09
1.710780492595530033e+09
1.710780495563354015e+09
1.710780498554335117e+09
1.710780501522692919e+09
1.710780504490536928e+09
1.710780507458278894e+09
1.710780510426170111e+09
1.710780513394220114e+09
1.710780516361525059e+09
1.710780519329498053e+09
1.710780522320586920e+09
1.710780525288850069e+09
1.710780528256876945e+09
1.710780531247889996e+09
1.710780534216017008e+09
1.710780537183438063e+09
1.710780540150927067e+09
1.710780543118747950e+09
1.710780546086549044e+09
1.710780549054469109e+09
1.710780552022284985e+09
1.710780554990040064e+09
1.710780557957194090e+09
1.710780560924453020e+09
1.710780563892224073e+09
1.710780566859684944e+09
1.710780569827346087e+09
1.710780572818090916e+09
1.710780575810055971e+09
1.710780578778599024e+09
1.710780581747639894e+09
1.710780584716485023e+09
1.710780587685906887e+09
1.710780590654928923e+09
1.710780593647877932e+09
1.710780596616991997e+09
1.710780599584783077e+09
1.710780602553067923e+09
1.710780605521426916e+09
1.710780608490097046e+09
1.710780611458405018e+09
1.710780614426863909e+09
1.710780617395498991e+09
1.710780620364057064e+09
1.710780623332886934e+09
1.710780626301430941e+09
1.710780629269825935e+09
1.710780632238198996e+09
1.710780635206980944e+09
1.710780638175179005e+09
1.710780641143877983e+09
1.710780644112240076e+09
1.710780647104063034e+09
1.710780650095989943e+09
1.710780653064619064e+09
1.710780656056807041e+09
1.710780659027482033e+09
1.710780661994260073e+09
1.710780664987390995e+09
1.710780667954818010e+09
1.710780670924276114e+09
1.710780673892035961e+09
1.710780676860599041e+09
1.710780679828704119e+09
1.710780682796643019e+09
1.710780685764178991e+09
1.710780688732054949e+09
1.710780691700192928e+09
1.710780694667857885e+09
1.710780697635684967e+09
1.710780700603568077e+09
1.710780703571213961e+09
1.710780706539110899e+09
1.710780709507061005e+09
1.710780712474658966e+09
1.710780715442285061e+09
1.710780718409832954e+09
1.710780721377983093e+09
1.710780724346036911e+09
1.710780727314210892e+09
1.710780730282397985e+09
1.710780733250526905e+09
1.710780736219065905e+09
1.710780739187541962e+09
1.710780742155816078e+09
1.710780745124481916e+09
1.710780748092694998e+09
1.710780751060658932e+09
1.710780754028840065e+09
1.710780757020778894e+09
1.710780760012516975e+09
1.710780763002737999e+09
1.710780765972155094e+09
1.710780768962110996e+09
1.710780771930212021e+09
1.710780774897939920e+09
1.710780777866873026e+09
1.710780780834100008e+09
1.710780783802340031e+09
1.710780786770271063e+09
1.710780789738396883e+09
1.710780792706269979e+09
1.710780795674810886e+09
1.710780798643376112e+09
1.710780801634673119e+09
1.710780804602989912e+09
1.710780807571047068e+09
1.710780810539103031e+09
1.710780813507281065e+09
1.710780816475285053e+09
1.710780819443324089e+09
1.710780822410893917e+09
1.710780825378638983e+09
1.710780828346910954e+09
1.710780831314830065e+09
1.710780834283143997e+09
1.710780837275774002e+09
1.710780840289879084e+09
1.710780843257750034e+09
1.710780846226366997e+09
1.710780849194917917e+09
1.710780852163108110e+09
1.710780855131236076e+09
1.710780858099695921e+09
1.710780861068489075e+09
1.710780864037180901e+09
1.710780867006844044e+09
1.710780869997864008e+09
1.710780872990075111e+09
1.710780875958071947e+09
1.710780878928291082e+09
1.710780881895205021e+09
1.710780884864357948e+09
1.710780887832561970e+09
1.710780890824279070e+09
1.710780893815802097e+09
1.710780896784121037e+09
1.710780899752346039e+09
1.710780902721229076e+09
1.710780905689289093e+09
1.710780908657602072e+09
1.710780911626374006e+09
1.710780914595036030e+09
1.710780917563780069e+09
1.710780920555300951e+09
1.710780923523464918e+09
1.710780926492454052e+09
1.710780929460843086e+09
1.710780932429475069e+09
1.710780935397800922e+09
1.710780938366075039e+09
1.710780941333956003e+09
1.710780944302195072e+09
1.710780947270102024e+09
1.710780950238667965e+09
1.710780953207465887e+09
1.710780956176306963e+09
1.710780959145627975e+09
1.710780962137144089e+09
1.710780965105321884e+09
1.710780968074071884e+09
1.710780971042587042e+09
1.710780974012015104e+09
1.710780976979340076e+09
1.710780979949573994e+09
1.710780982916708946e+09
1.710780985885842085e+09
1.710780988854545116e+09
1.710780991823442936e+09
1.710780994791804075e+09
1.710780997760557890e+09
1.710781000729954004e+09
1.710781003698715925e+09
1.710781006691261053e+09
1.710781009682799101e+09
1.710781012674496889e+09
1.710781015642784119e+09
1.710781018611206055e+09
1.710781021579346895e+09
1.710781024548129082e+09
1.710781027517231941e+09
1.710781030485039949e+09
1.710781033453583956e+09
1.710781036422569990e+09
1.710781039390604019e+09
1.710781042358983040e+09
1.710781045350430965e+09
1.710781048318449020e+09
1.710781051286731005e+09
1.710781054254931927e+09
1.710781057223011017e+09
1.710781060190917969e+09
1.710781063182102919e+09
1.710781066173319101e+09
1.710781069140611887e+09
1.710781072108689070e+09
1.710781075077583075e+09
1.710781078068000078e+09
1.710781081036266088e+09
1.710781084004674911e+09
1.710781086972836018e+09
1.710781089941107035e+09
1.710781092908782005e+09
1.710781095877017975e+09
1.710781098845181942e+09
1.710781101813806057e+09
1.710781104782001019e+09
1.710781107750710011e+09
1.710781110718904972e+09
1.710781113686374903e+09
1.710781116654311895e+09
1.710781119622304916e+09
1.710781122589999914e+09
1.710781125557749987e+09
1.710781128525729895e+09
1.710781131516664028e+09
1.710781134484848976e+09
1.710781137453089952e+09
1.710781140421823025e+09
1.710781143390126944e+09
1.710781146358874083e+09
1.710781149328521013e+09
1.710781152297741890e+09
1.710781155290621042e+09
1.710781158260467052e+09
1.710781161230178118e+09
1.710781164198645115e+09
1.710781167170918941e+09
1.710781170134954929e+09
1.710781173103126049e+09
1.710781176071439028e+09
1.710781179040050030e+09
1.710781182008451939e+09
1.710781184976505995e+09
1.710781187944463968e+09
1.710781190912419081e+09
1.710781193926477909e+09
1.710781196894792080e+09
1.710781199863568068e+09
1.710781202831912994e+09
1.710781205800440073e+09
1.710781208768980026e+09
1.710781211737385035e+09
1.710781214705859900e+09
1.710781217673912048e+09
1.710781220642146111e+09
1.710781223610822916e+09
1.710781226580657005e+09
1.710781229548245907e+09
1.710781232516860008e+09
1.710781235485136986e+09
1.710781238453773022e+09
1.710781241422158957e+09
1.710781244390409946e+09
1.710781247359057903e+09
1.710781250327728987e+09
1.710781253296458006e+09
1.710781256264961004e+09
1.710781259234150887e+09
1.710781262202689886e+09
1.710781265171462059e+09
1.710781268163611889e+09
1.710781271132671118e+09
1.710781274101792097e+09
1.710781277071748018e+09
1.710781280041953087e+09
1.710781283011871099e+09
1.710781286004678965e+09
1.710781289000633955e+09
1.710781291967489004e+09
1.710781294964724064e+09
1.710781297931037903e+09
1.710781300900789976e+09
1.710781303870819092e+09
1.710781306840559006e+09
1.710781309810452938e+09
1.710781312780574083e+09
1.710781315773513079e+09
1.710781318743316889e+09
1.710781321713197947e+09
1.710781324682959080e+09
1.710781327652686119e+09
1.710781330622622967e+09
1.710781333592097044e+09
1.710781336561857939e+09
1.710781339531677961e+09
1.710781342501121998e+09
1.710781345470767021e+09
1.710781348440664053e+09
1.710781351410583973e+09
1.710781354380445957e+09
1.710781357350187063e+09
1.710781360319417953e+09
1.710781363288166046e+09
1.710781366257224083e+09
1.710781369226912022e+09
1.710781372196830034e+09
1.710781375166594028e+09
1.710781378136516094e+09
1.710781381106394053e+09
1.710781384079582930e+09
1.710781387047245026e+09
1.710781390019237995e+09
1.710781392986293077e+09
1.710781395959578037e+09
1.710781398927422047e+09
1.710781401896992922e+09
1.710781404867516041e+09
1.710781407838064909e+09
1.710781410807550907e+09
1.710781413777122021e+09
1.710781416746634960e+09
1.710781419715146065e+09
1.710781422683305025e+09
1.710781425651638031e+09
1.710781428620156050e+09
1.710781431588661909e+09
1.710781434580473900e+09
1.710781437548866034e+09
1.710781440517970085e+09
1.710781443486155987e+09
1.710781446454307079e+09
1.710781449422568083e+09
1.710781452391144991e+09
1.710781455359918118e+09
1.710781458328380108e+09
1.710781461297264099e+09
1.710781464266084909e+09
1.710781467234293938e+09
1.710781470201987028e+09
1.710781473193063974e+09
1.710781476160669088e+09
1.710781479128624916e+09
1.710781482096522093e+09
1.710781485064152002e+09
1.710781488032248020e+09
1.710781491000518084e+09
1.710781493968596935e+09
1.710781496936667919e+09
1.710781499904443979e+09
1.710781502872021914e+09
1.710781505862436056e+09
1.710781508830370903e+09
1.710781511797873974e+09
1.710781514765491962e+09
1.710781517733885050e+09
1.710781520702318907e+09
1.710781523670581102e+09
1.710781526638776064e+09
1.710781529607028008e+09
1.710781532574955940e+09
1.710781535542834997e+09
1.710781538533839941e+09
1.710781541525289059e+09
1.710781544493290901e+09
1.710781547461818933e+09
1.710781550431543112e+09
1.710781553398849964e+09
1.710781556367218971e+09
1.710781559336024046e+09
1.710781562304522991e+09
1.710781565272835970e+09
1.710781568264467955e+09
1.710781571233253002e+09
1.710781574202325106e+09
1.710781577171005011e+09
1.710781580139843941e+09
1.710781583108252048e+09
1.710781586076802969e+09
1.710781589048851967e+09
1.710781592013262987e+09
1.710781594984164953e+09
1.710781597949736118e+09
1.710781600920592070e+09
1.710781603885780096e+09
1.710781606853929043e+09
1.710781609822295904e+09
1.710781612791212082e+09
1.710781615783133984e+09
1.710781618752140999e+09
1.710781621720582008e+09
1.710781624688884020e+09
1.710781627657831907e+09
1.710781630627922058e+09
1.710781633594836950e+09
1.710781636563008070e+09
1.710781639531409025e+09
1.710781642499845982e+09
1.710781645468225956e+09
1.710781648436494112e+09
1.710781651405380964e+09
1.710781654374346018e+09
1.710781657343075991e+09
1.710781660311516047e+09
1.710781663303647995e+09
1.710781666272737980e+09
1.710781669241835117e+09
1.710781672210432053e+09
1.710781675179178953e+09
1.710781678147425890e+09
1.710781681115894079e+09
1.710781684084141016e+09
1.710781687052311897e+09
1.710781690020467997e+09
1.710781692988889933e+09
1.710781695957757950e+09
1.710781698950123072e+09
1.710781701940644979e+09
1.710781704908987045e+09
1.710781707877639055e+09
1.710781710846038103e+09
1.710781713814291954e+09
1.710781716782505035e+09
1.710781719751195908e+09
1.710781722720136881e+09
1.710781725688663960e+09
1.710781728656789064e+09
1.710781731625456095e+09
1.710781734594110012e+09
1.710781737585853100e+09
1.710781740577303886e+09
1.710781743545739889e+09
1.710781746514569998e+09
1.710781749483540058e+09
1.710781752452487946e+09
1.710781755421005964e+09
1.710781758389338970e+09
1.710781761358079910e+09
1.710781764326514006e+09
1.710781767295506001e+09
1.710781770264235973e+09
1.710781773232917070e+09
1.710781776201251984e+09
1.710781779169363022e+09
1.710781782138267040e+09
1.710781785106729031e+09
1.710781788098498106e+09
1.710781791069849014e+09
1.710781794034318924e+09
1.710781797002772093e+09
1.710781799971177101e+09
1.710781802939311981e+09
1.710781805907638073e+09
1.710781808876173973e+09
1.710781811844639063e+09
1.710781814813014030e+09
1.710781817781727076e+09
1.710781820750221014e+09
1.710781823719058037e+09
1.710781826710504055e+09
1.710781829702095985e+09
1.710781832670552969e+09
1.710781835638612986e+09
1.710781838630012989e+09
1.710781841598216057e+09
1.710781844566309929e+09
1.710781847534513950e+09
1.710781850503089905e+09
1.710781853471446037e+09
1.710781856439846992e+09
1.710781859408226013e+09
1.710781862376823902e+09
1.710781865346225023e+09
1.710781868314096928e+09
1.710781871282406092e+09
1.710781874250991106e+09
1.710781877220000029e+09
1.710781880188772917e+09
1.710781883157821894e+09
1.710781886128381014e+09
1.710781889095781088e+09
1.710781892065128088e+09
1.710781895034265041e+09
1.710781898004587889e+09
1.710781900971930981e+09
1.710781903941291094e+09
1.710781906910494089e+09
1.710781909879722118e+09
1.710781912848661900e+09
1.710781915817245960e+09
1.710781918785499096e+09
1.710781921754089117e+09
1.710781924722289085e+09
1.710781927691005945e+09
1.710781930659657001e+09
1.710781933628144979e+09
1.710781936619934082e+09
1.710781939588452101e+09
1.710781942557121038e+09
1.710781945525561094e+09
1.710781948494060993e+09
1.710781951461744070e+09
1.710781954429269075e+09
1.710781957397378922e+09
1.710781960365422964e+09
1.710781963356735945e+09
1.710781966325294018e+09
1.710781969293847084e+09
1.710781972262228966e+09
1.710781975232034922e+09
1.710781978198240042e+09
1.710781981166129112e+09
1.710781984134414911e+09
1.710781987102612972e+09
1.710781990070741892e+09
1.710781993040757895e+09
1.710781996008284092e+09
1.710781998978873014e+09
1.710782001945786953e+09
1.710782004914659977e+09
1.710782007883374929e+09
1.710782010852273941e+09
1.710782013823400974e+09
1.710782016812956095e+09
1.710782019781758070e+09
1.710782022750205040e+09
1.710782025718766928e+09
1.710782028687038898e+09
1.710782031654997110e+09
1.710782034623054028e+09
1.710782037591701984e+09
1.710782040560199022e+09
1.710782043575051069e+09
1.710782046543634892e+09
1.710782049512166977e+09
1.710782052480546951e+09
1.710782055449048996e+09
1.710782058417805910e+09
1.710782061386368036e+09
1.710782064355478048e+09
1.710782067324727058e+09
1.710782070293199062e+09
1.710782073261950016e+09
1.710782076230952024e+09
1.710782079200067043e+09
1.710782082168881893e+09
1.710782085137722969e+09
1.710782088107806921e+09
1.710782091074033976e+09
1.710782094042227983e+09
1.710782097033339024e+09
1.710782100001887083e+09
1.710782102970400095e+09
1.710782105939837933e+09
1.710782108954735041e+09
1.710782111948504925e+09
1.710782114916982889e+09
1.710782117886337996e+09
1.710782120854790926e+09
1.710782123823391914e+09
1.710782126792391062e+09
1.710782129760729074e+09
1.710782132729461908e+09
1.710782135698118925e+09
1.710782138667017937e+09
1.710782141635329008e+09
1.710782144603699923e+09
1.710782147595458031e+09
1.710782150563792944e+09
1.710782153532108068e+09
1.710782156503206015e+09
1.710782159469085932e+09
1.710782162437932968e+09
1.710782165406611919e+09
1.710782168375457048e+09
1.710782171366872072e+09
1.710782174336107016e+09
1.710782177327558041e+09
1.710782180296253920e+09
1.710782183265626907e+09
1.710782186234627008e+09
1.710782189203022957e+09
1.710782192171788931e+09
1.710782195164077044e+09
1.710782198134764910e+09
1.710782201124775887e+09
1.710782204094055891e+09
1.710782207061996937e+09
1.710782210030220985e+09
1.710782212998615026e+09
1.710782215967474937e+09
1.710782218935867071e+09
1.710782221904459953e+09
1.710782224873166084e+09
1.710782227842309952e+09
1.710782230811028957e+09
1.710782233780200958e+09
1.710782236748662949e+09
1.710782239740797997e+09
1.710782242709898949e+09
1.710782245678420067e+09
1.710782248647289991e+09
1.710782251616266966e+09
1.710782254585270882e+09
1.710782257554615021e+09
1.710782260523735046e+09
1.710782263493048906e+09
1.710782266462183952e+09
1.710782269431566954e+09
1.710782272400984049e+09
1.710782275370059013e+09
1.710782278338309050e+09
1.710782281306715012e+09
1.710782284275649071e+09
1.710782287244716883e+09
1.710782290214046001e+09
1.710782293184984922e+09
1.710782296152012110e+09
1.710782299121365070e+09
1.710782302090621948e+09
1.710782305059364080e+09
1.710782308051623106e+09
1.710782311020196915e+09
1.710782313988701105e+09
1.710782316958262920e+09
1.710782319926096916e+09
1.710782322895339012e+09
1.710782325863524914e+09
1.710782328831789017e+09
1.710782331800853014e+09
1.710782334770020008e+09
1.710782337738634109e+09
1.710782340707065105e+09
1.710782343698838949e+09
1.710782346666785002e+09
1.710782349658107042e+09
1.710782352626487970e+09
1.710782355594302893e+09
1.710782358562597036e+09
1.710782361530098915e+09
1.710782364497915983e+09
1.710782367465634108e+09
1.710782370434057951e+09
1.710782373402201891e+09
1.710782376370461941e+09
1.710782379338757992e+09
1.710782382306587934e+09
1.710782385274358034e+09
1.710782388242558002e+09
1.710782391210700989e+09
1.710782394179440022e+09
1.710782397171004057e+09
1.710782400140784979e+09
1.710782403107820988e+09
1.710782406077224970e+09
1.710782409044855118e+09
1.710782412013369083e+09
1.710782415005182028e+09
1.710782417974134922e+09
1.710782420942591906e+09
1.710782423912797928e+09
1.710782426879374981e+09
1.710782429848275900e+09
1.710782432816905975e+09
1.710782435785600901e+09
1.710782438754277945e+09
1.710782441723431110e+09
1.710782444692171097e+09
1.710782447661062956e+09
1.710782450629805088e+09
1.710782453622066975e+09
1.710782456613143921e+09
1.710782459605292082e+09
1.710782462573824883e+09
1.710782465565733910e+09
1.710782468534395933e+09
1.710782471502502918e+09
1.710782474470916033e+09
1.710782477439368010e+09
1.710782480407779932e+09
1.710782483445815086e+09
1.710782486437166929e+09
1.710782489428658962e+09
1.710782491311733961e+09
