1.710776016562912941e+09
1.710776018254861116e+09
1.710776019854171038e+09
1.710776021428069115e+09
1.710776022453890085e+09
1.710776086902148008e+09
1.710776088478995085e+09
1.710776090054400921e+09
1.710776091633630991e+09
1.710776092639264107e+09
1.710776099587368011e+09
1.710776101160913944e+09
1.710776102806535006e+09
1.710776103367162943e+09
1.710776108908952951e+09
1.710776110436728001e+09
1.710776112035629988e+09
1.710776113021447897e+09
1.710776118922429085e+09
1.710776120521938086e+09
1.710776122191019058e+09
1.710776122796542883e+09
1.710776146441107035e+09
1.710776148040883064e+09
1.710776149663386106e+09
1.710776151240264893e+09
1.710776152194567919e+09
1.710776258761804104e+09
1.710776260315612078e+09
1.710776261869755983e+09
1.710776263400481939e+09
1.710776264390837908e+09
1.710776283740334988e+09
1.710776285270919085e+09
1.710776286824810982e+09
1.710776288378765106e+09
1.710776289932627916e+09
1.710776290520483971e+09
1.710776552059777021e+09
1.710776553681803942e+09
1.710776555255660057e+09
1.710776556887640953e+09
1.710776558502273083e+09
1.710776560055247068e+09
1.710776561657366991e+09
1.710776562227495909e+09
1.710776574692255974e+09
1.710776576340116024e+09
1.710776577960308075e+09
1.710776579514316082e+09
1.710776581045130014e+09
1.710776582421035051e+09
1.710776591411688089e+09
1.710776592966018915e+09
1.710776594359988928e+09
1.710776601105633974e+09
1.710776602638163090e+09
1.710776604143663883e+09
1.710776605650805950e+09
1.710776607204534054e+09
1.710776608135221958e+09
1.710776685933710098e+09
1.710776687465190887e+09
1.710776688994354010e+09
1.710776690501586914e+09
1.710776691875375986e+09
1.710776701609108925e+09
1.710776703163492918e+09
1.710776704739432096e+09
1.710776706297348976e+09
1.710776707917243004e+09
1.710776708948093891e+09
1.710776717010226965e+09
1.710776718565851927e+09
1.710776720072355986e+09
1.710776721581424952e+09
1.710776723090668917e+09
1.710776723701571941e+09
1.710776848028019905e+09
1.710776849604104996e+09
1.710776851110678911e+09
1.710776852664228916e+09
1.710776854194917917e+09
1.710776855571680069e+09
1.710776864422867060e+09
1.710776865931659937e+09
1.710776867436796904e+09
1.710776868967329979e+09
1.710776870498639107e+09
1.710776872005018950e+09
1.710776872596342087e+09
1.710776876527611017e+09
1.710776878057023048e+09
1.710776879565258980e+09
1.710776881102685928e+09
1.710776881304949999e+09
1.710776888423705101e+09
1.710776889978188038e+09
1.710776891509996891e+09
1.710776893062450886e+09
1.710776894427650928e+09
1.710776905839920044e+09
1.710776907417049885e+09
1.710776908971529961e+09
1.710776910478787899e+09
1.710776912069272995e+09
1.710776913071840048e+09
1.710776921309777975e+09
1.710776922863194942e+09
1.710776924349148989e+09
1.710776924968305111e+09
1.710776935875088930e+09
1.710776937390026093e+09
1.710776939028034925e+09
1.710776940676867008e+09
1.710776941698776960e+09
1.710776952529216051e+09
1.710776954057949066e+09
1.710776955567440987e+09
1.710776957096893072e+09
1.710776958426191092e+09
1.710776984627522945e+09
1.710776986158677101e+09
1.710776987666500092e+09
1.710776989174175024e+09
1.710776990682439089e+09
1.710776991666815996e+09
1.710777025986933947e+09
1.710777026868985891e+09
1.710777027819648027e+09
1.710777028761532068e+09
1.710777029719347000e+09
1.710777030586611986e+09
1.710777031528934956e+09
1.710777032435085058e+09
1.710777032615825891e+09
1.710777057206896067e+09
1.710777060175550938e+09
1.710777063145055056e+09
1.710777066162930965e+09
1.710777067280075073e+09
1.710782567146385908e+09
1.710782570139328957e+09
1.710782573129127026e+09
1.710782576098473072e+09
1.710782577239341021e+09
1.710782604185823917e+09
1.710782607177109957e+09
1.710782610170135021e+09
1.710782613162400007e+09
1.710782614308351994e+09
1.710782621746464968e+09
1.710782624735951900e+09
1.710782627729511976e+09
1.710782628869272947e+09
1.710782640695156097e+09
1.710782643710846901e+09
1.710782646681602001e+09
1.710782647799576998e+09
1.710786856595719099e+09
1.710786859612696886e+09
1.710786861499864101e+09
1.710788093056344986e+09
1.710788096050606966e+09
1.710788099042565107e+09
1.710788100901037931e+09
1.710788122418251991e+09
1.710788123971765041e+09
1.710788125459903002e+09
1.710788127010488987e+09
1.710788127967097044e+09
1.710788170311364889e+09
1.710788171822740078e+09
1.710788173371021986e+09
1.710788174855622053e+09
1.710788175416929960e+09
1.710788182903660059e+09
1.710788184434936047e+09
1.710788185987313032e+09
1.710788187330781937e+09
1.710788193663475990e+09
1.710788195170793056e+09
1.710788196678416967e+09
1.710788198209151030e+09
1.710788199563729048e+09
1.710788268494370937e+09
1.710788270020278931e+09
1.710788271510587931e+09
1.710788273035732985e+09
1.710788273992593050e+09
1.710788281897780895e+09
1.710788283451761007e+09
1.710788284984568119e+09
1.710788286491211891e+09
1.710788287975975990e+09
1.710788289482939959e+09
1.710788290413784981e+09
1.710788337038944960e+09
1.710788338568869114e+09
1.710788340077513933e+09
1.710788341378864050e+09
1.710788346873429060e+09
1.710788348425911903e+09
1.710788349934787989e+09
1.710788351442502975e+09
1.710788352401074886e+09
1.710788379784672022e+09
1.710788381337421894e+09
1.710788382868819952e+09
1.710788384375827074e+09
1.710788385862929106e+09
1.710788387208772898e+09
1.710788406062361956e+09
1.710788407594249010e+09
1.710788409123990059e+09
1.710788410654172897e+09
1.710788412161556005e+09
1.710788413092231989e+09
1.710788506694591999e+09
1.710788508225553989e+09
1.710788509778934956e+09
1.710788511285334110e+09
1.710788512247920036e+09
1.710788519427103043e+09
1.710788520911983967e+09
1.710788522420321941e+09
1.710788523973527908e+09
1.710788525324322939e+09
1.710788532001132965e+09
1.710788533530498028e+09
1.710788535058856964e+09
1.710788536566559076e+09
1.710788537532677889e+09
1.710788545704601049e+09
1.710788547212246895e+09
1.710788548722300053e+09
1.710788549296447992e+09
1.710788555609982967e+09
1.710788557099077940e+09
1.710788558607455015e+09
1.710788560109414101e+09
1.710788560682672977e+09
1.710788570686465979e+09
1.710788572196363926e+09
1.710788573724390984e+09
1.710788575255598068e+09
1.710788576739224911e+09
1.710788578270581961e+09
1.710788579778860092e+09
1.710788581262043953e+09
1.710788582748794079e+09
1.710788584302838087e+09
1.710788585830969095e+09
1.710788587314325094e+09
1.710788588821588993e+09
1.710788590352310896e+09
1.710788591860176086e+09
1.710788593368557930e+09
1.710788594898467064e+09
1.710788595473622084e+09
1.710788602667491913e+09
1.710788604175359011e+09
1.710788605684084892e+09
1.710788606646248102e+09
1.710788612828217983e+09
1.710788614381720066e+09
1.710788615911994934e+09
1.710788616853568077e+09
1.710788623680629015e+09
1.710788625210933924e+09
1.710788626718498945e+09
1.710788628225294113e+09
1.710788629757203102e+09
1.710788630717024088e+09
1.710788705725588083e+09
1.710788707234306097e+09
1.710788708763755083e+09
1.710788710293432951e+09
1.710788711628912926e+09
1.710788731518589973e+09
1.710788733026638031e+09
1.710788734513338089e+09
1.710788736066479921e+09
1.710788737573893070e+09
1.710788739105129004e+09
1.710788740083254099e+09
1.710788841639380932e+09
1.710788843172907114e+09
1.710788844676443100e+09
1.710788846207039118e+09
1.710788847714934111e+09
1.710788849245326042e+09
1.710788850732021093e+09
1.710788852283662081e+09
1.710788853839031935e+09
1.710788855193113089e+09
1.710788914009947062e+09
1.710788915540833950e+09
1.710788917050098896e+09
1.710788918580084085e+09
1.710788919560067892e+09
1.710788943495920897e+09
1.710788945032152891e+09
1.710788946580904961e+09
1.710788948066890001e+09
1.710788949596961975e+09
1.710788951127998114e+09
1.710788952658534050e+09
1.710788952849906921e+09
1.710788962100383043e+09
1.710788963631918907e+09
1.710788965163346052e+09
1.710788966671426058e+09
1.710788968183757067e+09
1.710788969690071106e+09
1.710788971244263887e+09
1.710788971872370958e+09
1.710789010690073967e+09
1.710789012243542910e+09
1.710789013761194944e+09
1.710789015075962067e+09
1.710789025717295885e+09
1.710789027248290062e+09
1.710789028778100967e+09
1.710789030331423998e+09
1.710789031275747061e+09
1.710789066485770941e+09
1.710789068015856028e+09
1.710789069523396969e+09
1.710789071078687906e+09
1.710789072008333921e+09
1.710789092852755070e+09
1.710789094407001019e+09
1.710789095896727085e+09
1.710789097401803017e+09
1.710789098952164888e+09
1.710789099883395910e+09
1.710789146033082008e+09
1.710789147630378008e+09
1.710789149138214111e+09
1.710789150096117973e+09
1.710789159250394106e+09
1.710789160804009914e+09
1.710789162334851027e+09
1.710789163317367077e+09
1.710789169091562033e+09
1.710789170638902903e+09
1.710789172170804977e+09
1.710789173724672079e+09
1.710789175323190928e+09
1.710789176853912115e+09
1.710789178384701014e+09
1.710789179915623903e+09
1.710789181422748089e+09
1.710789182952831984e+09
1.710789184510494947e+09
1.710789186040545940e+09
1.710789187075747013e+09
1.710789219526098967e+09
1.710789221080210924e+09
1.710789222440831900e+09
1.710789246779361963e+09
1.710789249748603106e+09
1.710789252717144012e+09
1.710789255708364964e+09
1.710789257591676950e+09
1.710789270344235897e+09
1.710789273313563108e+09
1.710789276306582928e+09
1.710789278931339025e+09
1.710789289504277945e+09
1.710789292471291065e+09
1.710789293588699102e+09
1.710789316032972097e+09
1.710789316875829935e+09
1.710789317704359055e+09
1.710789318575299978e+09
1.710789319441143990e+09
1.710789320236785889e+09
1.710789320963910103e+09
1.710789326771097898e+09
1.710789327627140999e+09
1.710789328485466957e+09
1.710789329366046906e+09
1.710789330202910900e+09
1.710789330321134090e+09
1.710789335326486111e+09
1.710789336211750031e+09
1.710789337074238062e+09
1.710789337886118889e+09
1.710789338761554003e+09
1.710789339599334955e+09
1.710789340143599033e+09
1.710789350083995104e+09
1.710789350984672070e+09
1.710789351841959953e+09
1.710789352662538052e+09
1.710789353532860041e+09
1.710789354375194073e+09
1.710789355234244108e+09
1.710789356062326908e+09
1.710789356920710087e+09
1.710789357077826023e+09
1.710789384243164062e+09
1.710789390179982901e+09
1.710789396116560936e+09
1.710789396862761021e+09
1.710789421278426886e+09
1.710789422810364008e+09
1.710789424339560032e+09
1.710789425871056080e+09
1.710789426800894976e+09
1.710789444239080906e+09
1.710789445745891094e+09
1.710789447300384998e+09
1.710789448786559105e+09
1.710789450315520048e+09
1.710789451695267916e+09
1.710789461473891020e+09
1.710789463003154993e+09
1.710789464556132078e+09
1.710789466063867092e+09
1.710789467004460096e+09
1.710789492483140945e+09
1.710789494038151979e+09
1.710789495544349909e+09
1.710789497122087002e+09
1.710789498608552933e+09
1.710789500137898922e+09
1.710789501171036959e+09
1.710789602797203064e+09
1.710789604328248978e+09
1.710789605858741999e+09
1.710789607389720917e+09
1.710789608920857906e+09
1.710789609498800993e+09
1.710789617897867918e+09
1.710789619406106949e+09
1.710789620935925961e+09
1.710789621919641018e+09
1.710789627546866894e+09
1.710789629076946974e+09
1.710789630410640001e+09
1.710789638360265017e+09
1.710789639865758896e+09
1.710789641377302885e+09
1.710789642880829096e+09
1.710789643886003017e+09
1.710789650233346939e+09
1.710789651739191055e+09
1.710789653271259069e+09
1.710789654204577923e+09
1.710789671779491901e+09
1.710789673332195044e+09
1.710789674840603113e+09
1.710789676347075939e+09
1.710789677838490009e+09
1.710789679363452911e+09
1.710789680871172905e+09
1.710789681851573944e+09
1.710789701510451078e+09
1.710789702350032091e+09
1.710789703213082075e+09
1.710789704048504114e+09
1.710789704898577929e+09
1.710789705736987114e+09
1.710789706488275051e+09
1.710789730151396036e+09
1.710789733121413946e+09
1.710789736088838100e+09
1.710789739058048964e+09
1.710789739433964014e+09
1.710789746849909067e+09
1.710789749818372011e+09
1.710789752787930965e+09
1.710789755388756037e+09
1.710789763040262938e+09
1.710789766009119987e+09
1.710789768976661921e+09
1.710789771946544886e+09
1.710789773095328093e+09
1.710789787876416922e+09
1.710789790845164061e+09
1.710789793814152002e+09
1.710789795673388958e+09
1.710789822227262020e+09
1.710789823757570982e+09
1.710789825242532969e+09
1.710789826212596893e+09
1.710789831835002899e+09
1.710789833383100033e+09
1.710789834867993116e+09
1.710789835852735043e+09
1.710789930463500023e+09
1.710789931991679907e+09
1.710789933521918058e+09
1.710789935030244112e+09
1.710789936538479090e+09
1.710789937537831068e+09
1.710789946971730947e+09
1.710789948480709076e+09
1.710789950009630919e+09
1.710789951518141031e+09
1.710789953049094915e+09
1.710789954026220083e+09
1.710789970464421034e+09
1.710789971971688986e+09
1.710789973501566887e+09
1.710789974887964010e+09
1.710789980716245890e+09
1.710789982224517107e+09
1.710789983752878904e+09
1.710789984730505943e+09
1.710789991197494030e+09
1.710789992751257896e+09
1.710789994282030106e+09
1.710789995254178047e+09
1.710790001847501993e+09
1.710790003376266956e+09
1.710790004973680973e+09
1.710790006527988911e+09
1.710790007105453014e+09
1.710790015874782085e+09
1.710790017382113934e+09
1.710790018890250921e+09
1.710790019495242119e+09
1.710790054776177883e+09
1.710790056285567999e+09
1.710790057881728888e+09
1.710790059365741968e+09
1.710790059577055931e+09
1.710790081842118979e+09
1.710790083350637913e+09
1.710790084903847933e+09
1.710790086416657925e+09
1.710790087925695896e+09
1.710790089518554926e+09
1.710790091002007961e+09
1.710790091948158026e+09
1.710790099746695995e+09
1.710790101253453016e+09
1.710790102760967970e+09
1.710790104115176916e+09
1.710790110901355028e+09
1.710790112432137012e+09
1.710790113941216946e+09
1.710790114934407949e+09
1.710790121826457024e+09
1.710790123380341053e+09
1.710790124887676001e+09
1.710790125093139887e+09
1.710790152861926079e+09
1.710790154415440083e+09
1.710790155969477892e+09
1.710790156933866024e+09
1.710790163113636971e+09
1.710790164598357916e+09
1.710790166105865002e+09
1.710790167487720966e+09
1.710790173342593908e+09
1.710790174849791050e+09
1.710790176401108027e+09
1.710790177931530952e+09
1.710790178920150995e+09
1.710790271567370892e+09
1.710790273099762917e+09
1.710790274629549980e+09
1.710790276181027889e+09
1.710790276786108971e+09
1.710790355184133053e+09
1.710790356691826105e+09
1.710790358039563894e+09
1.710790364158225060e+09
1.710790365711963892e+09
1.710790367242724895e+09
1.710790368603944063e+09
1.710790375940500021e+09
1.710790377469239950e+09
1.710790378977778912e+09
1.710790379945513010e+09
1.710790385748085976e+09
1.710790387301861048e+09
1.710790388832346916e+09
1.710790390386326075e+09
1.710790391744055986e+09
1.710792108891805887e+09
1.710792110419972897e+09
1.710792111950614929e+09
1.710792113482544899e+09
1.710792114104327917e+09
1.710792131289361954e+09
1.710792132796654940e+09
1.710792134280664921e+09
1.710792135811049938e+09
1.710792137318669081e+09
1.710792138871407986e+09
1.710792140199722052e+09
1.710792234620202065e+09
1.710792236125528097e+09
1.710792237657490015e+09
1.710792239163747072e+09
1.710792240693128109e+09
1.710792242224504948e+09
1.710792243733160019e+09
1.710792245286748886e+09
1.710792246838270903e+09
1.710792248368478060e+09
1.710792249922399044e+09
1.710792251223119020e+09
1.710792269515311956e+09
1.710792270998780012e+09
1.710792272528888941e+09
1.710792273102581978e+09
1.710792281594396114e+09
1.710792283147706985e+09
1.710792284683856010e+09
1.710792285642038107e+09
1.710792292283376932e+09
1.710792293814785004e+09
1.710792295320475101e+09
1.710792296284053087e+09
1.710792311321105003e+09
1.710792312872334957e+09
1.710792314473478079e+09
1.710792315418380976e+09
1.710792322958758116e+09
1.710792324488506079e+09
1.710792326043138027e+09
1.710792327549220085e+09
1.710792328504105091e+09
1.710792351894048929e+09
1.710792353423597097e+09
1.710792354953576088e+09
1.710792356437429905e+09
1.710792357968234062e+09
1.710792358564629078e+09
1.710792374733330965e+09
1.710792376239444017e+09
1.710792377724476099e+09
1.710792379254169941e+09
1.710792380241229057e+09
1.710792387367227077e+09
1.710792388874226093e+09
1.710792390404158115e+09
1.710792391912074089e+09
1.710792392470837116e+09
1.710792399265543938e+09
1.710792400770936012e+09
1.710792402321429968e+09
1.710792403851804018e+09
1.710792404832721949e+09
1.710792411455095053e+09
1.710792413031394005e+09
1.710792414515558004e+09
1.710792416000416040e+09
1.710792417508189917e+09
1.710792418530781984e+09
1.710792425691540956e+09
1.710792427247427940e+09
1.710792428797466993e+09
1.710792429740433931e+09
1.710792438976466894e+09
1.710792440506972075e+09
1.710792442037534952e+09
1.710792443591840982e+09
1.710792445144922972e+09
1.710792446745872021e+09
1.710792448254000902e+09
1.710792449761699915e+09
1.710792451359015942e+09
1.710792452328815937e+09
1.710792458478658915e+09
1.710792459984322071e+09
1.710792461514682055e+09
1.710792463092633009e+09
1.710792464622325897e+09
1.710792466175350904e+09
1.710792467707360983e+09
1.710792469214099884e+09
1.710792470768841028e+09
1.710792471744796038e+09
1.710792496318660975e+09
1.710792499287374973e+09
1.710792501889347076e+09
1.710792510347430944e+09
1.710792513314704895e+09
1.710792516281963110e+09
1.710792518149080992e+09
1.710792532486754894e+09
1.710792535454037905e+09
1.710792538421253920e+09
1.710792541412353039e+09
1.710792542527589083e+09
1.710792550521116972e+09
1.710792553512576103e+09
1.710792556479727030e+09
1.710792557596539974e+09
1.710792567632379055e+09
1.710792570623526096e+09
1.710792573591876030e+09
1.710792574730890989e+09
1.710792598121444941e+09
1.710792599627744913e+09
1.710792601158452034e+09
1.710792602112148046e+09
1.710792612611170053e+09
1.710792614164201975e+09
1.710792615513134956e+09
1.710792622232330084e+09
1.710792623739394903e+09
1.710792625269468069e+09
1.710792626801105976e+09
1.710792628329921007e+09
1.710792629882714987e+09
1.710792630837886095e+09
1.710792640848882914e+09
1.710792642401793957e+09
1.710792643955774069e+09
1.710792645487202883e+09
1.710792646474479914e+09
1.710792653512475014e+09
1.710792655037230015e+09
1.710792656545612097e+09
1.710792658078013897e+09
1.710792659603965998e+09
1.710792661091423035e+09
1.710792662713494062e+09
1.710792664196527958e+09
1.710792665682116032e+09
1.710792667278954983e+09
1.710792668784795046e+09
1.710792670363147020e+09
1.710792671335505962e+09
1.710792681468486071e+09
1.710792682952359915e+09
1.710792684528641939e+09
1.710792686036902905e+09
1.710792687589206934e+09
1.710792689097457886e+09
1.710792690672199965e+09
1.710792692177990913e+09
1.710792693528872013e+09
1.710792703817871094e+09
1.710792705325587034e+09
1.710792706808948994e+09
1.710792707384182930e+09
1.710792713141077995e+09
1.710792714646639109e+09
1.710792716176539898e+09
1.710792717706671000e+09
1.710792719236057997e+09
1.710792720205894947e+09
1.710792727211873055e+09
1.710792728741530895e+09
1.710792730294730902e+09
1.710792731248797894e+09
1.710792750028692007e+09
1.710792751558502913e+09
1.710792753089229107e+09
1.710792754623877048e+09
1.710792755651592970e+09
1.710792763710115910e+09
1.710792765262895107e+09
1.710792766770565987e+09
1.710792767747447014e+09
1.710792775260543108e+09
1.710792776815069914e+09
1.710792778321501970e+09
1.710792779807620049e+09
1.710792780736498117e+09
1.710792818627609968e+09
1.710792820158994913e+09
1.710792821688796997e+09
1.710792823033725977e+09
1.710793525054636002e+09
1.710793526560156107e+09
1.710793528091316938e+09
1.710793528696432114e+09
1.710793536555759907e+09
1.710793538086251974e+09
1.710793539639858007e+09
1.710793541193618059e+09
1.710793541412199020e+09
1.710793561716955900e+09
1.710793563224225998e+09
1.710793564707834005e+09
1.710793566192073107e+09
1.710793566399926901e+09
1.710793572221020937e+09
1.710793573704838037e+09
1.710793574636118889e+09
1.710793581240801096e+09
1.710793582726353884e+09
1.710793583714896917e+09
1.710793591678617954e+09
1.710793593162517071e+09
1.710793594694729090e+09
1.710793595647897005e+09
1.710793631293621063e+09
1.710793632801006079e+09
1.710793633776405096e+09
1.710793647222990036e+09
1.710793648776437998e+09
1.710793650329618931e+09
1.710793651860276937e+09
1.710793653414169073e+09
1.710793654945589066e+09
1.710793656476578951e+09
1.710793658007518053e+09
1.710793658599085093e+09
1.710793666192586899e+09
1.710793667700244904e+09
1.710793669254777908e+09
1.710793670247595072e+09
1.710793675193967104e+09
1.710793676676711082e+09
1.710793678182620049e+09
1.710793679178081036e+09
1.710793688758620024e+09
1.710793690312419891e+09
1.710793691843930960e+09
1.710793693350764990e+09
1.710793693937273979e+09
1.710793701491527081e+09
1.710793702998354912e+09
1.710793704576148033e+09
1.710793705948908091e+09
1.710793712832091093e+09
1.710793714363169909e+09
1.710793715940188885e+09
1.710793717426294088e+09
1.710793718432599068e+09
1.710793748870210886e+09
1.710793750400996923e+09
1.710793751908406973e+09
1.710793752864783049e+09
1.710793760443308115e+09
1.710793761953572035e+09
1.710793763459913015e+09
1.710793764806332111e+09
1.710793789045571089e+09
1.710793790601011992e+09
1.710793792107619047e+09
1.710793793639055967e+09
1.710793794617453098e+09
1.710793808323331118e+09
1.710793809830679893e+09
1.710793811406284094e+09
1.710793812914649963e+09
1.710793814445043087e+09
1.710793815976136923e+09
1.710793817280685902e+09
1.710793840428658009e+09
1.710793841981271029e+09
1.710793843536494017e+09
1.710793845067368984e+09
1.710793845669118881e+09
1.710793855019784927e+09
1.710793856548572063e+09
1.710793858102289915e+09
1.710793859633002996e+09
1.710793861141132116e+09
1.710793862623956919e+09
1.710793862823720932e+09
1.710793885817790031e+09
1.710793888778069019e+09
1.710793891746329069e+09
1.710793894715888977e+09
1.710793897706758022e+09
1.710793900673204899e+09
1.710793901789829969e+09
1.710793914377625942e+09
1.710793917368583918e+09
1.710793920336538076e+09
1.710793921454929113e+09
1.710793981205151081e+09
1.710793984174269915e+09
1.710793987163832903e+09
1.710793988282465935e+09
1.710794000634397984e+09
1.710794003603082895e+09
1.710794006592650890e+09
1.710794009560873985e+09
1.710794012160124063e+09
1.710794022686177015e+09
1.710794025652833939e+09
1.710794028643940926e+09
1.710794029018456936e+09
