9.522501090766433487e-03
5.107217731686797789e-03
5.770027248099446858e-03
5.894593770118031033e-03
7.427752567507019815e-03
6.190688410862993547e-03
6.836887051745470581e-03
7.188501146430249789e-03
6.416764028642002980e-03
8.157720197377893792e-03
6.713359775017233022e-03
8.731934783901520308e-03
7.235868377954353912e-03
7.198298959284254138e-03
9.985726940210161787e-03
8.419375762933717713e-03
6.375994090401420136e-03
7.194706481255318947e-03
5.783989640410163065e-03
6.594639187994741532e-03
6.541981368643571930e-03
6.263472752428440697e-03
8.108844005896067089e-03
6.697539474976470231e-03
6.915369266132400175e-03
7.168580908816340677e-03
6.982649652632796390e-03
5.565332172881891186e-03
7.622055840739014841e-03
7.185719616104561600e-03
9.258587905623819406e-03
5.022972542714916958e-03
7.638184732080943729e-03
9.573811768485689794e-03
6.287823181109573195e-03
5.996254199085772514e-03
8.626520959439472683e-03
8.204409425206213302e-03
6.978750954641428118e-03
5.894359190704544227e-03
5.828284680872109977e-03
5.395216457488020978e-03
9.912203536688705269e-03
5.420895236203955928e-03
5.818073084632579585e-03
8.199807698432228648e-03
7.157156407906272583e-03
6.680511675112858067e-03
8.692547181059780137e-03
7.398487112729256084e-03
6.045332737482107983e-03
6.433796507281984087e-03
5.579991476381985366e-03
7.293579673766975059e-03
6.850039268387266879e-03
6.078654768803344946e-03
8.418907641909206124e-03
7.814297444621318492e-03
4.801576784312950631e-03
7.666628693400612954e-03
7.201697151669189320e-03
7.665181526879306755e-03
7.459646786713086501e-03
8.534993194033614963e-03
7.591767389965913861e-03
6.135112878703837848e-03
6.373373884668269082e-03
5.811118202387144036e-03
5.773655401131851626e-03
5.854459514847301302e-03
6.428742725646348008e-03
6.570867150488393649e-03
5.993551691024430993e-03
6.162672819282064181e-03
5.969923640257182584e-03
7.020987427460572382e-03
8.509989771900868666e-03
7.611115161365999450e-03
8.151066915213018432e-03
6.982554571432359955e-03
6.565480637805075521e-03
5.428255939141359183e-03
6.441176204194751231e-03
7.010172119908579871e-03
8.215578422010370516e-03
6.362310281135543158e-03
9.949269415845800671e-03
6.816701584895277707e-03
6.194721484042730632e-03
7.090740411635248347e-03
5.778873721720783306e-03
6.393143480074040853e-03
5.826649505603856243e-03
6.207861585603713372e-03
8.181875027630743091e-03
6.209196424698323544e-03
6.278973875084322039e-03
7.676187202131567675e-03
7.139110505931160408e-03
6.214340093870358156e-03
7.018002519934334049e-03
7.630581045434957875e-03
5.076375228953568935e-03
5.941740954106582845e-03
6.897121449271564377e-03
6.494753688169712866e-03
6.629350260499170845e-03
5.188744598548416034e-03
7.980677217442966667e-03
1.076251913169043797e-02
7.213439698593692752e-03
5.935472698742449114e-03
8.755632862777640302e-03
6.049091336927199178e-03
9.185810920658300446e-03
5.755000063348524042e-03
6.678113215019026300e-03
6.575875697164335065e-03
6.634644158575541892e-03
9.308885022843519860e-03
5.794216210302341116e-03
1.094433001533261923e-02
6.514642853631101745e-03
7.113901818036054425e-03
1.131047101348295336e-02
5.942083443643240113e-03
7.594254230579182419e-03
1.063889618505151936e-02
5.687419815379156536e-03
5.783438861806534242e-03
7.500222630637111074e-03
6.223511817413715855e-03
1.096781832076075200e-02
7.145976465460825329e-03
7.328284151740550693e-03
9.594937071173049656e-03
6.947373753083617778e-03
9.715646354578973479e-03
7.065040491577437472e-03
7.410333300762862382e-03
1.147779254130894960e-02
7.940433191226401247e-03
7.931780114538480517e-03
7.661989893338918590e-03
8.135885000165729228e-03
6.402898481467263377e-03
7.025173410803740859e-03
5.515528466648299440e-03
6.776672138931661392e-03
7.265527784650181557e-03
5.934172366634673720e-03
6.217886170079399942e-03
9.464109145583364871e-03
6.855621814557258560e-03
6.251129967369028866e-03
1.220593896566142013e-02
8.375974577197985160e-03
1.021224063071495686e-02
5.964453031324525208e-03
8.185872248202460608e-03
7.281923390994100853e-03
7.389569420332637098e-03
7.334969163036781335e-03
6.435908694847248916e-03
8.090115627177903515e-03
1.581158671609764893e-02
7.446586947773337073e-03
6.676568073162830741e-03
7.376781209464000622e-03
6.436894926541017817e-03
8.818117244033125621e-03
7.276342665550073266e-03
7.684142248993801848e-03
9.001685428771024483e-03
6.840992057700821284e-03
5.911264902570799624e-03
9.137231236961671638e-03
1.012249848323771260e-02
7.700897521676089430e-03
6.474267803254983057e-03
8.292565799079300998e-03
7.643523361843194454e-03
8.617196609439683325e-03
9.652745785378719426e-03
6.260303178548888396e-03
8.922805213967151955e-03
6.606462137967466890e-03
7.786974868713813884e-03
7.302226125611663635e-03
6.125880348376419073e-03
5.663771488843898257e-03
7.417914164173112883e-03
1.064520349398680177e-02
8.198762883568492740e-03
8.279962710030338430e-03
9.736196309805366170e-03
6.855811611106483842e-03
6.309169217318925764e-03
6.770127962996087302e-03
8.814544740730524339e-03
7.360285420759411952e-03
7.080916427799519366e-03
6.747340804332731604e-03
6.151446728034801366e-03
6.647096854550613339e-03
7.567788166363189489e-03
7.816833305410676377e-03
6.954886784305800394e-03
7.307014739203572182e-03
4.960741903949625504e-03
7.205193359963741467e-03
4.868921503293340176e-03
8.381258174877620135e-03
9.231886075247152171e-03
5.951244280380261174e-03
7.235431397050667152e-03
6.633554663577652735e-03
8.852262061579985533e-03
7.557633847416055095e-03
6.700016482436692636e-03
7.396833376638782889e-03
6.960503598363680482e-03
6.913816947614103217e-03
6.358083201161691088e-03
1.012586430750281319e-02
6.961139441283847006e-03
7.068330255068019929e-03
9.252214568091729832e-03
5.558181584969992296e-03
6.987873509838405349e-03
7.245032226088293260e-03
7.071773189128870499e-03
7.931216563407851236e-03
6.116099114063957773e-03
8.497466391832563318e-03
7.864008199486583958e-03
6.870812321489075392e-03
8.840611705161963499e-03
6.588039506650038291e-03
7.804041870993887534e-03
6.981740773881078312e-03
8.177369252104988231e-03
6.393377835151315726e-03
8.250474791320591347e-03
6.914045848859871023e-03
6.879655301354813644e-03
6.655328186368992573e-03
1.073350064890937934e-02
5.710684013366476922e-03
1.152876949877553944e-02
6.585326821862475498e-03
7.132485770965489406e-03
6.337380160576019592e-03
7.320271064474495777e-03
8.671385645703674760e-03
6.309223096757164001e-03
1.077236929297093609e-02
6.602582781817680976e-03
6.091390697780434474e-03
8.056874838695594204e-03
6.809145741592409831e-03
8.192602973055511384e-03
7.642396174454324335e-03
8.590552618743281868e-03
7.262210877585077370e-03
7.166557090989272155e-03
8.713167335890057916e-03
6.165741822874896451e-03
6.987914471577273343e-03
8.717864744314698933e-03
6.472487074497289272e-03
5.473205717863527386e-03
7.130304381883743881e-03
1.043558932410643125e-02
8.126588631024089446e-03
9.517886880094455354e-03
6.492287265641754485e-03
6.300031366622188544e-03
7.846339931856505939e-03
6.703239986084633811e-03
7.042821390793517662e-03
8.516995017977908519e-03
1.015050914628781546e-02
6.468951136450950927e-03
1.021854971828405761e-02
6.418490690836162367e-03
5.934137145011233842e-03
7.490103488552773449e-03
6.594912380063155943e-03
5.809719553285323454e-03
8.652305454001966989e-03
6.145613876510973468e-03
5.646280652572258432e-03
9.678057614277897971e-03
6.938855813462692888e-03
6.545172576043284396e-03
1.057878336234310997e-02
6.743489527243789507e-03
7.728902159463320320e-03
6.845980098770599112e-03
6.377944309905413806e-03
6.906020075993438666e-03
8.969040143437308210e-03
8.719022913923771614e-03
1.019121626974307110e-02
7.879207750842460306e-03
7.286131400672481682e-03
6.584997223817272427e-03
7.961393729009662301e-03
5.924140686042660663e-03
8.599922152016187260e-03
6.796517859922125010e-03
8.968377697806766830e-03
7.252442956046126384e-03
7.567729521936426840e-03
6.014556717605827954e-03
9.828299490750305387e-03
1.070661049568625948e-02
6.658003071156437525e-03
9.838678630565412392e-03
7.250540551075742961e-03
7.310098298961819827e-03
7.425101602304800576e-03
9.248494961049343738e-03
7.148754968513405111e-03
1.085309572984744127e-02
9.256830471121387308e-03
8.266156774464381712e-03
6.616645656727434578e-03
7.522349374840997874e-03
7.100791515222619303e-03
6.680513548595659254e-03
8.843993696005770025e-03
6.925921725277833264e-03
8.831948664913269464e-03
6.149521212421371098e-03
6.825473921045109409e-03
8.136180380828505684e-03
8.211006753888508772e-03
9.963479969546407480e-03
6.103429754455031060e-03
6.427765108900309991e-03
6.674935233264913358e-03
8.212161700992558211e-03
6.418940759038090776e-03
1.106282378954854921e-02
7.057288141470050187e-03
7.799286863526384839e-03
7.405874676112804422e-03
4.974957892958340420e-03
5.838577126976027959e-03
6.048759499115003574e-03
7.321562009081938535e-03
6.047121527593047295e-03
7.439523547504854790e-03
7.015977518943300288e-03
6.577803175299015877e-03
8.133767735347428862e-03
6.720122000544063307e-03
1.014059586721286453e-02
8.561078026345004047e-03
8.157780255447477299e-03
7.828383986735146238e-03
5.100257433745587592e-03
5.830427177231803024e-03
8.272213828222858834e-03
8.102331172959581496e-03
5.339467089494251070e-03
7.014427857847967303e-03
9.791886864670916110e-03
9.510425270652900567e-03
8.565627146487909613e-03
8.014142279228491164e-03
6.920447807829598931e-03
5.697072058379625860e-03
8.048623523564753593e-03
8.477278534363469689e-03
8.212748981134374016e-03
7.273369015639867888e-03
7.930922043519299247e-03
6.312141846511333532e-03
7.577396123668756790e-03
7.032388367938921178e-03
8.326292229706400497e-03
5.240910072252092863e-03
8.621071599178312117e-03
5.863674900031676934e-03
5.895981982090262204e-03
9.077312375590293816e-03
8.705792865935056690e-03
6.048541158897804797e-03
8.431658025274336304e-03
6.319209036777354710e-03
4.463872540434609196e-03
7.767320185675489173e-03
5.879831349964180325e-03
5.967272324123449462e-03
7.766364509378893659e-03
7.762438803896210861e-03
5.128527581771452973e-03
7.090160334143609348e-03
5.822708028323801861e-03
5.722266864984936266e-03
7.177999757692504236e-03
6.493401475102232069e-03
6.343493063917060408e-03
5.784727070286275856e-03
5.911764057423219733e-03
5.943921484939696485e-03
7.891617192987466362e-03
5.863209563857793225e-03
5.546717487524009498e-03
6.521173582693355272e-03
5.898536201359865644e-03
5.502624681380189481e-03
8.171869507518639969e-03
6.365524086116825485e-03
4.953692321828526493e-03
6.956129644964750142e-03
6.730020009830394931e-03
5.769816624831193390e-03
6.992949615962037492e-03
