7.408849480671031960e-03
8.143319830267023093e-03
9.589008661171108741e-03
5.870358257468245508e-03
8.920390613752823133e-03
8.333335418399468592e-03
7.443452961178621645e-03
8.249284062443216353e-03
7.056927172042019684e-03
7.270218049174824969e-03
8.385093275298677665e-03
8.413445717970436874e-03
9.357936580783605962e-03
7.041720906088806860e-03
8.428648425289080384e-03
8.039784601945000261e-03
7.523780232649058750e-03
1.025242583907827465e-02
9.798122928947850321e-03
8.991477990300986503e-03
6.526210194716014316e-03
8.268358758619287138e-03
7.005761706293420557e-03
5.532270535561553161e-03
1.089666961191052691e-02
8.325524788057699771e-03
8.587822955106376097e-03
8.066855802605360157e-03
9.519174967782670013e-03
6.343850965159734956e-03
8.344628306324160250e-03
8.169802180119098770e-03
7.573705483066608436e-03
8.750425713711590739e-03
6.080953909842756744e-03
8.729832296036216244e-03
8.091210464886281969e-03
7.853871680734330132e-03
9.844000036987474167e-03
5.890414972301315916e-03
6.698605936611887711e-03
6.933296598096719103e-03
8.030581336292046471e-03
8.021237285594335145e-03
9.612667567089640958e-03
8.997505395005666456e-03
7.921618556529286259e-03
1.268829022311397485e-02
8.272925820214993564e-03
8.965280988048177080e-03
8.639534725793018496e-03
8.048379996919308860e-03
1.091861404126014817e-02
8.161541003431872429e-03
8.488241108579527849e-03
9.278074223466947074e-03
5.868275766968202543e-03
7.685342977870698866e-03
7.583349062814221352e-03
9.155650304006942436e-03
9.420741185105779500e-03
7.327177816643540807e-03
7.823077797180331625e-03
7.876588231873808688e-03
1.044586228320675513e-02
6.195847231849551696e-03
1.107466258409959582e-02
6.877904730418995041e-03
9.600002999243404875e-03
7.438027411189217925e-03
9.647022278914153814e-03
1.148170407059970373e-02
8.465440307023345407e-03
7.511864714424606321e-03
1.379941877417856060e-02
7.907727704764637086e-03
6.590614480435741385e-03
9.829000032874705625e-03
6.254417715409193654e-03
1.040989792314699937e-02
9.929729269603530459e-03
7.349017957749446814e-03
7.416178742254677693e-03
9.987130471829272146e-03
9.473132829917792902e-03
7.872453033447593396e-03
1.184833193548836400e-02
9.095223411804739116e-03
7.686831764212105796e-03
1.290305429051881274e-02
8.664893247257226747e-03
1.004860239183155354e-02
8.875311603589041906e-03
5.531161464579176061e-03
9.290820029467581134e-03
6.859533991229615872e-03
1.005208697469083153e-02
7.733898171909086260e-03
1.016288488050358547e-02
7.097418495980937179e-03
1.203985731935684929e-02
6.143581128096584944e-03
7.678114402649587056e-03
5.944268895660430319e-03
1.287038210772968247e-02
7.740846350030004125e-03
8.908326978803685070e-03
7.914271156424991516e-03
7.541956773718406018e-03
6.545495767647645236e-03
7.724691816602104188e-03
9.217150887386853578e-03
6.080869402552233766e-03
1.080858289672948468e-02
5.683241579664786991e-03
6.113915033288030466e-03
9.098805431903569940e-03
8.685153869620329883e-03
6.921636075257228508e-03
1.000437041954897743e-02
7.319246055695173905e-03
9.888284576381458843e-03
8.926756624452518440e-03
7.533097485951076137e-03
1.052968696932681143e-02
7.140456069386061887e-03
6.872848403615152563e-03
1.027271155222720701e-02
6.535866525324288828e-03
1.007546011668779100e-02
8.597758876680131751e-03
9.053321362811211220e-03
1.090762408244380643e-02
7.158233049268829425e-03
7.056049579174981413e-03
9.482532875231904426e-03
6.996522159988175296e-03
6.250716598953025976e-03
6.404291750174609388e-03
5.747060544112431342e-03
8.099631582847991590e-03
9.558689785163903066e-03
7.181087255159846437e-03
9.651994012079133378e-03
9.678247834427486374e-03
6.582949506260509474e-03
7.215201209413415508e-03
8.086583398955715304e-03
6.893671283095091293e-03
6.773504277333500419e-03
8.451919003285002924e-03
8.509174517587541828e-03
7.826034411737015084e-03
6.602563581879339512e-03
8.592889179127434496e-03
9.585002377814006227e-03
7.147745253387178047e-03
8.337533481775311756e-03
6.385267115633734385e-03
6.748414007510306067e-03
6.331969039376702212e-03
1.378650620075756034e-02
6.655343273995773315e-03
7.816344277401719026e-03
7.783573454007292058e-03
8.075572872177062822e-03
8.946370740163692853e-03
1.013558441455976802e-02
9.440353327892706328e-03
5.890894910068960981e-03
7.446472439310943513e-03
7.138984527864633209e-03
9.465986735047976497e-03
7.491836362447301320e-03
6.130643760028261537e-03
5.844593082405860271e-03
6.143740226865064893e-03
9.808964499880607271e-03
5.719063309781573581e-03
9.077339288867416339e-03
9.672923604200904524e-03
8.995121611459702335e-03
9.796058223091479167e-03
7.861420386919122649e-03
7.865367453956927449e-03
7.374141771471413517e-03
7.088041747489941258e-03
8.496541980241864925e-03
5.609795090153218977e-03
7.227744390416255237e-03
6.420372278719678992e-03
8.400019967636288692e-03
8.203386556626659706e-03
8.887935341465494354e-03
6.912234600219758184e-03
9.601194555949202000e-03
5.960359836062460726e-03
8.194558512578980353e-03
6.985157035843067748e-03
7.455919275028148781e-03
9.021031661692192893e-03
9.278027265285744216e-03
5.743568162362103040e-03
6.940448126920164586e-03
9.040500158710327791e-03
9.716771085688715587e-03
7.395378095939432808e-03
9.415836439090772766e-03
8.335668916790201985e-03
6.037087396329389455e-03
1.129159954467010875e-02
8.390893911536587493e-03
7.678970167733530430e-03
9.224703447227502323e-03
7.181415648849914790e-03
7.669666276983486825e-03
7.355060670581619817e-03
6.741882881697318711e-03
7.785376162187537807e-03
6.491259728379027323e-03
7.017457101812901374e-03
7.720616179156602338e-03
7.476433681288944741e-03
8.143511672734481815e-03
1.041400352617236937e-02
6.681659913666950640e-03
6.666956462821161528e-03
7.212269062243900457e-03
8.496622993164313492e-03
1.016688690398913700e-02
7.513376741649460157e-03
7.465130145966708715e-03
6.629394893031156227e-03
6.241596399818393100e-03
8.850199105671955127e-03
6.773031732784507222e-03
7.387359375181426317e-03
9.519581208215706011e-03
6.938989120695160037e-03
8.511201415936303985e-03
6.015782313700515117e-03
8.847457018677581594e-03
6.161937671476902870e-03
7.201980572501519469e-03
6.816632992546834205e-03
5.764110304545543538e-03
8.239030316972803525e-03
9.642906673531037934e-03
7.133085352448250219e-03
7.277678402519052910e-03
7.842168667409464555e-03
1.170073332075732657e-02
6.741387813819477680e-03
8.977440243647927948e-03
8.047747869083972383e-03
7.591283331239962427e-03
8.013687491091577367e-03
6.159544701176150432e-03
5.082704635971845020e-03
8.938388549748191650e-03
7.296904680826592909e-03
1.332454559617310234e-02
7.731488267874460363e-03
7.399322555984003472e-03
9.985882231483769397e-03
7.338689799541914249e-03
6.652342802580517994e-03
9.264934573487964425e-03
6.669055805903017185e-03
7.777935909491326578e-03
8.336782177982102193e-03
7.110409807346469886e-03
6.481036522609734916e-03
8.135247808784551449e-03
7.631276049953158135e-03
8.221380678199689471e-03
7.893518589774498745e-03
6.715437856242148680e-03
8.330080532865791546e-03
8.831540072913200354e-03
5.431389800941219606e-03
6.313737826231165771e-03
7.195239653205230332e-03
7.974515776351076904e-03
5.631713198240888979e-03
8.040598262452179276e-03
6.687290090961806911e-03
8.829941880449249103e-03
7.227204914862264164e-03
5.829706631693930274e-03
9.433009916335161407e-03
2.029270325425150401e-02
7.051156335663903187e-03
5.980663476251163284e-03
8.167118727193290947e-03
5.253207132092760530e-03
1.031464219323326680e-02
6.297065979521893411e-03
6.643268160317276731e-03
7.349977131519871108e-03
6.751327414835481613e-03
7.512384287021758346e-03
6.113834516355029329e-03
6.949281868316166226e-03
5.927753483175919429e-03
6.313309684209826404e-03
5.561851406041683384e-03
5.892176234138226006e-03
7.509121012420176544e-03
7.051845396476773449e-03
6.465604445945176415e-03
5.838081313640067216e-03
5.083936027685271447e-03
7.779294684477206651e-03
6.271218517494947346e-03
6.529851223025196980e-03
6.083122230841704094e-03
8.664123298479736723e-03
6.979842731007782942e-03
6.295855711279453246e-03
6.495574068771665932e-03
5.676012864745560993e-03
6.959981741727900087e-03
8.786254911275876225e-03
5.784038367145299432e-03
6.214886390231151407e-03
7.549705957849064258e-03
7.220753964579345111e-03
6.414846995035341538e-03
7.965103062684089977e-03
7.143162193248780469e-03
6.922922761514451948e-03
7.378264737560974798e-03
1.183177355871176985e-02
5.866783948358725298e-03
6.604920517821996455e-03
6.166005190899954275e-03
6.640048206908336775e-03
7.595595584954623926e-03
6.139027759042956986e-03
6.069545899348076888e-03
8.009126255642423989e-03
7.421060934389985680e-03
7.379064016954238643e-03
7.524747533165886473e-03
1.089101436829324927e-02
7.529974673719639147e-03
7.223787245646846357e-03
8.151895070532169663e-03
1.044713876462027673e-02
9.969147514781995928e-03
8.665849497423872699e-03
8.397523024552863702e-03
9.665971809790629282e-03
1.050972508087709943e-02
7.678018955782925890e-03
1.052416598531297209e-02
1.734593287149719526e-02
9.164067569369457530e-03
1.000480126586172219e-02
1.182344123576593506e-02
1.034181041781975958e-02
8.412031024985198308e-03
7.248953530949053640e-03
8.765005653971598421e-03
8.325813868337191698e-03
1.448521657044950228e-02
8.438039252054555656e-03
1.052380425140798416e-02
1.828220500222165965e-02
9.967275513217582414e-03
9.439626653276364868e-03
9.908014177361347541e-03
1.111077367843317336e-02
1.037396369114043648e-02
4.118233302441211621e-03
9.053896298027545864e-03
1.161840617351434478e-02
1.006355343189615191e-02
1.186895752403688102e-02
8.456057770750735267e-03
1.090878441284890907e-02
9.316691379304405801e-03
1.113613712415947865e-02
7.175374508943364871e-03
8.906691705237208476e-03
1.079321810010889712e-02
1.122643845618969023e-02
1.408661285234038066e-02
1.524144968056311000e-02
9.352883022164486596e-03
7.626135385390410588e-03
1.083784772032205489e-02
6.391425696826208772e-03
8.349278584646216764e-03
1.002372464581809466e-02
6.173091827677846741e-03
1.062871428734959642e-02
1.642137815598709166e-02
9.126487980162040908e-03
8.588562090185393114e-03
1.432464819926552134e-02
7.915071545532030226e-03
1.067176796314752568e-02
8.412477421095923558e-03
1.211919719483717239e-02
1.291423440111899579e-02
1.174621899263566041e-02
9.863196278362571998e-03
9.088555610183676053e-03
1.203781210910854355e-02
8.557067385134235066e-03
9.019519881196201225e-03
8.544103681627493105e-03
8.524275417549645462e-03
1.234632610637272608e-02
1.354071305191487280e-02
8.689159164226401694e-03
7.694804156951239732e-03
1.028397375590760221e-02
1.123474709710425498e-02
9.866807597169874322e-03
