1.710515564279890060e+09
1.710515565810506105e+09
1.710515567340972900e+09
1.710515568825303078e+09
1.710515570309973955e+09
1.710515571817136049e+09
1.710515573302100897e+09
1.710515574808279991e+09
1.710515576292193890e+09
1.710515577799515009e+09
1.710515579283288002e+09
1.710515580767393112e+09
1.710515582251683950e+09
1.710515583736754894e+09
1.710515585269134998e+09
1.710515586750678062e+09
1.710515588234585047e+09
1.710515589718904018e+09
1.710515591205766916e+09
1.710515592686729908e+09
1.710515594171330929e+09
1.710515595679148912e+09
1.710515597163975954e+09
1.710515598645509958e+09
1.710515600129554987e+09
1.710515601613646984e+09
1.710515603100701094e+09
1.710515604582446098e+09
1.710515606088928938e+09
1.710515607573052883e+09
1.710515609057307005e+09
1.710515610541551113e+09
1.710515612026143074e+09
1.710515613509965897e+09
1.710515614994946003e+09
1.710515616501955032e+09
1.710515617986152887e+09
1.710515619470236063e+09
1.710515620954479933e+09
1.710515622461787939e+09
1.710515623946074963e+09
1.710515625431014061e+09
1.710515626960639954e+09
1.710515628467973948e+09
1.710515629952161074e+09
1.710515631459589005e+09
1.710515632966823101e+09
1.710515634474399090e+09
1.710515635959907055e+09
1.710515637466032028e+09
1.710515638950102091e+09
1.710515640434518099e+09
1.710515641918569088e+09
1.710515643402618885e+09
1.710515644886734962e+09
1.710515646371546984e+09
1.710515647878118038e+09
1.710515649362319946e+09
1.710515650869666100e+09
1.710515652353784084e+09
1.710515653837898016e+09
1.710515655322283983e+09
1.710515656807713985e+09
1.710515658314135075e+09
1.710515659821487904e+09
1.710515661305870056e+09
1.710515662789875984e+09
1.710515664274105072e+09
1.710515665758358002e+09
1.710515667242515087e+09
1.710515668726638079e+09
1.710515670211163044e+09
1.710515671695421934e+09
1.710515673179478884e+09
1.710515674663743973e+09
1.710515676147871017e+09
1.710515677633341074e+09
1.710515679160785913e+09
1.710515680646950960e+09
1.710515682131194115e+09
1.710515683615426064e+09
1.710515685103914022e+09
1.710515686583494902e+09
1.710515688068916082e+09
1.710515689574738026e+09
1.710515691059003115e+09
1.710515692543160915e+09
1.710515694027353048e+09
1.710515695511464119e+09
1.710515696996978998e+09
1.710515698480891943e+09
1.710515700010061979e+09
1.710515701494045019e+09
1.710515702977952003e+09
1.710515704484987974e+09
1.710515705968854904e+09
1.710515707452497959e+09
1.710515708936547041e+09
1.710515710420486927e+09
1.710515711904501915e+09
1.710515713388420105e+09
1.710515714872421980e+09
1.710515716356751919e+09
1.710515717841260910e+09
1.710515719325371981e+09
1.710515720809755087e+09
1.710515722293972015e+09
1.710515723778151989e+09
1.710515725262631893e+09
1.710515726746787071e+09
1.710515728230173111e+09
1.710515729714214087e+09
1.710515731198326111e+09
1.710515732681902885e+09
1.710515734165656090e+09
1.710515735649477959e+09
1.710515737133421898e+09
1.710515738617573977e+09
1.710515740101480007e+09
1.710515741585330963e+09
1.710515743069715977e+09
1.710515744553634882e+09
1.710515746037508011e+09
1.710515747521590948e+09
1.710515749005851984e+09
1.710515750489717960e+09
1.710515751973315954e+09
1.710515753457254887e+09
1.710515754941180944e+09
1.710515756424757004e+09
1.710515757908389091e+09
1.710515759392280102e+09
1.710515760876272917e+09
1.710515762360290051e+09
1.710515763844490051e+09
1.710515765328491926e+09
1.710515766812635899e+09
1.710515768296679020e+09
1.710515769780865908e+09
1.710515771265141010e+09
1.710515772749222994e+09
1.710515774236030102e+09
1.710515775717333078e+09
1.710515777201172113e+09
1.710515778685368061e+09
1.710515780169404984e+09
1.710515781653211117e+09
1.710515783137296915e+09
1.710515784620974064e+09
1.710515786104635954e+09
1.710515787588608980e+09
1.710515789072061062e+09
1.710515790556582928e+09
1.710515792039748907e+09
1.710515793547815084e+09
1.710515795031044960e+09
1.710515796514870882e+09
1.710515797998991013e+09
1.710515799482893944e+09
1.710515800966648102e+09
1.710515802450330973e+09
1.710515803933980942e+09
1.710515805417701006e+09
1.710515806901473999e+09
1.710515808385406971e+09
1.710515809869401932e+09
1.710515811353517056e+09
1.710515812837565899e+09
1.710515814321577072e+09
1.710515815805675030e+09
1.710515817289755106e+09
1.710515818797126055e+09
1.710515820281373978e+09
1.710515821765316010e+09
1.710515823249458075e+09
1.710515824733414888e+09
1.710515826217464924e+09
1.710515827701558113e+09
1.710515829209352970e+09
1.710515830693373919e+09
1.710515832177381992e+09
1.710515833661037922e+09
1.710515835144813061e+09
1.710515836628557920e+09
1.710515838112087965e+09
1.710515839595766068e+09
1.710515841079794884e+09
1.710515842563863039e+09
1.710515844047849894e+09
1.710515845531666040e+09
1.710515847015331030e+09
1.710515848499429941e+09
1.710515849983418941e+09
1.710515851467206955e+09
1.710515852951272011e+09
1.710515854435278893e+09
1.710515855919074059e+09
1.710515857403398037e+09
1.710515858887088060e+09
1.710515860370981932e+09
1.710515861855134010e+09
1.710515863339636087e+09
1.710515864846076965e+09
1.710515866330064058e+09
1.710515867814152956e+09
1.710515869298531055e+09
1.710515870783082962e+09
1.710515872267277002e+09
1.710515873751545906e+09
1.710515875237274885e+09
1.710515876719758987e+09
1.710515878203696966e+09
1.710515879687623978e+09
1.710515881171559095e+09
1.710515882678719997e+09
1.710515884162764072e+09
1.710515885646409988e+09
1.710515887130259991e+09
1.710515888613835096e+09
1.710515890097404003e+09
1.710515891581192970e+09
1.710515893064765930e+09
1.710515894548319101e+09
1.710515896031833887e+09
1.710515897515595913e+09
1.710515898999464989e+09
1.710515900483475924e+09
1.710515901967441082e+09
1.710515903451608896e+09
1.710515904935606003e+09
1.710515906419811964e+09
1.710515907903852940e+09
1.710515909387970924e+09
1.710515910871885061e+09
1.710515912355505943e+09
1.710515913839175940e+09
1.710515915323226929e+09
1.710515916807216883e+09
1.710515918314249039e+09
1.710515919798222065e+09
1.710515921282325029e+09
1.710515922766432047e+09
1.710515924250145912e+09
1.710515925734009981e+09
1.710515927218076944e+09
1.710515928702459097e+09
1.710515930209227085e+09
1.710515931692950964e+09
1.710515933176939964e+09
1.710515934661051989e+09
1.710515936145015955e+09
1.710515937630491018e+09
1.710515939112797976e+09
1.710515940596877098e+09
1.710515942080909967e+09
1.710515943564891100e+09
1.710515945048775911e+09
1.710515946532929897e+09
1.710515948017119884e+09
1.710515949501157045e+09
1.710515950985594034e+09
1.710515952468909979e+09
1.710515953952965021e+09
1.710515955437414885e+09
1.710515956921413898e+09
1.710515958405471087e+09
1.710515959889374971e+09
1.710515961373339891e+09
1.710515962857498884e+09
1.710515964480803013e+09
1.710515965965030909e+09
1.710515967448973894e+09
1.710515968932970047e+09
1.710515970417217970e+09
1.710515971901233912e+09
1.710515973385240078e+09
1.710515974869194984e+09
1.710515976353331089e+09
1.710515977841398954e+09
1.710515979321573019e+09
1.710515980806083918e+09
1.710515982290148020e+09
1.710515983774234056e+09
1.710515985258203030e+09
1.710515986742350101e+09
1.710515988227417946e+09
1.710515989710602999e+09
1.710515991194792032e+09
1.710515992679001093e+09
1.710515994163244009e+09
1.710515995647699118e+09
1.710515997132024050e+09
1.710515998615931988e+09
1.710516000100024939e+09
1.710516001584216118e+09
1.710516003068629980e+09
1.710516004553049088e+09
1.710516006037205935e+09
1.710516007521547079e+09
1.710516009006525993e+09
1.710516010490683079e+09
1.710516011975042105e+09
1.710516013459446907e+09
1.710516014943866968e+09
1.710516016428102970e+09
1.710516017912853003e+09
1.710516019396863937e+09
1.710516020880942106e+09
1.710516022365027905e+09
1.710516023849227905e+09
1.710516025333535910e+09
1.710516026817775965e+09
1.710516028302122116e+09
1.710516029786279917e+09
1.710516031270490885e+09
1.710516032754779100e+09
1.710516034239336014e+09
1.710516035723601103e+09
1.710516037208046913e+09
1.710516038692612886e+09
1.710516040176863909e+09
1.710516041660793066e+09
1.710516043145076990e+09
1.710516044629194021e+09
1.710516046113451004e+09
1.710516047597929001e+09
1.710516049082113028e+09
1.710516050566329002e+09
1.710516052050517082e+09
1.710516053534538984e+09
1.710516055018893003e+09
1.710516056502710104e+09
1.710516057986952066e+09
1.710516059471055984e+09
1.710516060955135107e+09
1.710516062438900948e+09
1.710516063923036098e+09
1.710516065407109976e+09
1.710516066891243935e+09
1.710516068375370026e+09
1.710516069859436035e+09
1.710516071343713999e+09
1.710516072827718973e+09
1.710516074311798096e+09
1.710516075796041012e+09
1.710516077279946089e+09
1.710516078787359953e+09
1.710516080271059036e+09
1.710516081754925013e+09
1.710516083238867044e+09
1.710516084746066093e+09
1.710516086229906082e+09
1.710516087713946104e+09
1.710516089198061943e+09
1.710516090682462931e+09
1.710516092166822910e+09
1.710516093650228024e+09
1.710516095134329081e+09
1.710516096618680000e+09
1.710516098102746010e+09
1.710516099587280035e+09
1.710516101071379900e+09
1.710516102555600882e+09
1.710516104039575100e+09
1.710516105523607016e+09
1.710516107007308960e+09
1.710516108491131067e+09
1.710516109976180077e+09
1.710516111482161999e+09
1.710516112965998888e+09
1.710516114450233936e+09
1.710516115934240103e+09
1.710516117418114901e+09
1.710516118901876926e+09
1.710516120385735035e+09
1.710516121869596958e+09
1.710516123353632927e+09
1.710516124860800982e+09
1.710516126344857931e+09
1.710516127828315973e+09
1.710516129313137054e+09
1.710516130796153069e+09
1.710516132280304909e+09
1.710516133764564991e+09
1.710516135248454094e+09
1.710516136732738972e+09
1.710516138216660023e+09
1.710516139700757980e+09
1.710516141186351061e+09
1.710516142668812990e+09
1.710516144153033018e+09
1.710516145637058973e+09
1.710516147121153116e+09
1.710516148605227947e+09
1.710516150089297056e+09
1.710516151573359013e+09
1.710516153057297945e+09
1.710516154564490080e+09
1.710516156071567059e+09
1.710516157557488918e+09
1.710516159039706945e+09
1.710516160570440054e+09
1.710516162100814104e+09
1.710516163584630013e+09
1.710516163774008036e+09
