1.710273726809585094e+09
1.710273738726453066e+09
1.710273750667583942e+09
1.710273762615211964e+09
1.710273774600627899e+09
1.710273786594103098e+09
1.710273798538546085e+09
1.710273810645315886e+09
1.710273822660588026e+09
1.710273834631853104e+09
1.710273846554043055e+09
1.710273858499907970e+09
1.710273870491374016e+09
1.710273882509438038e+09
1.710273894455764055e+09
1.710273906423000097e+09
1.710273918412779093e+09
1.710273930380383968e+09
1.710273942347760916e+09
1.710273954268585920e+09
1.710273966213043928e+09
1.710273978160475969e+09
1.710273990250894070e+09
1.710274002176119089e+09
1.710274014103142023e+09
1.710274026100090981e+09
1.710274038141566992e+09
1.710274050139396906e+09
1.710274062136673927e+09
1.710274074290432930e+09
1.710274086213495016e+09
1.710274098182862043e+09
1.710274110268398046e+09
1.710274122213768005e+09
1.710274134138163090e+09
1.710274146168746948e+09
1.710274158104101896e+09
1.710274170095773935e+09
1.710274182202838898e+09
1.710274194152982950e+09
1.710274206120168924e+09
1.710274218137260914e+09
1.710274230102946997e+09
1.710274242046160936e+09
1.710274254014856100e+09
1.710274265962443113e+09
1.710274277955300093e+09
1.710274289927406073e+09
1.710274301855490923e+09
1.710274313829066992e+09
1.710274315549068928e+09
