1.710544225329546928e+09
1.710544226859672070e+09
1.710544228366852045e+09
1.710544229920532942e+09
1.710544231427733898e+09
1.710544232935214996e+09
1.710544234467242956e+09
1.710544236019519091e+09
1.710544237527122021e+09
1.710544239034421921e+09
1.710544240541635036e+09
1.710544242071856976e+09
1.710544243602087975e+09
1.710544245109456062e+09
1.710544246639883995e+09
1.710544248170308113e+09
1.710544249677393913e+09
1.710544251231029987e+09
1.710544252738435030e+09
1.710544254246006012e+09
1.710544255753547907e+09
1.710544257284431934e+09
1.710544258792028904e+09
1.710544260322715044e+09
1.710544261853645086e+09
1.710544263367244959e+09
1.710544264869981050e+09
1.710544266375518084e+09
1.710544267905889034e+09
1.710544269436249018e+09
1.710544270943408966e+09
1.710544272496661901e+09
1.710544274003840923e+09
1.710544275510899067e+09
1.710544277017900944e+09
1.710544278525078058e+09
1.710544280032288074e+09
1.710544281539335012e+09
1.710544283046658993e+09
1.710544284553855896e+09
1.710544286061116934e+09
1.710544287569437981e+09
1.710544289121789932e+09
1.710544290628798008e+09
1.710544292135497093e+09
1.710544293689357042e+09
1.710544295198105097e+09
1.710544296703630924e+09
1.710544298212038040e+09
1.710544299741373062e+09
1.710544301248779058e+09
1.710544302779526949e+09
1.710544304356410980e+09
1.710544305866658926e+09
1.710544307394313097e+09
1.710544308925720930e+09
1.710544310478328943e+09
1.710544312008691072e+09
1.710544313515727043e+09
1.710544315092433929e+09
1.710544316599536896e+09
1.710544318106642008e+09
1.710544319636778116e+09
1.710544321166934013e+09
1.710544322697246075e+09
1.710544324227567911e+09
1.710544325780977964e+09
1.710544327288228035e+09
1.710544328795207977e+09
1.710544330302289009e+09
1.710544331832506895e+09
1.710544333362622976e+09
1.710544334869667053e+09
1.710544336399857998e+09
1.710544337906636953e+09
1.710544339390491962e+09
1.710544340897679090e+09
1.710544342428069115e+09
1.710544343935081959e+09
1.710544345442029953e+09
1.710544346972505093e+09
1.710544348502502918e+09
1.710544350009448051e+09
1.710544351516467094e+09
1.710544353069916964e+09
1.710544354576917887e+09
1.710544356083933115e+09
1.710544357637371063e+09
1.710544359144263983e+09
1.710544360651088953e+09
1.710544362158149958e+09
1.710544363665160894e+09
1.710544365195544004e+09
1.710544366702779055e+09
1.710544368209981918e+09
1.710544369740291119e+09
1.710544371247392893e+09
1.710544372777726889e+09
1.710544374284949064e+09
1.710544375792258024e+09
1.710544377299578905e+09
1.710544378829648972e+09
1.710544380336802006e+09
1.710544381844044924e+09
1.710544383351443052e+09
1.710544384858629942e+09
1.710544386389070034e+09
1.710544387896426916e+09
1.710544389426449060e+09
1.710544390933523893e+09
1.710544392440711975e+09
1.710544393970943928e+09
1.710544395477801085e+09
1.710544396984925985e+09
1.710544398492244005e+09
1.710544399999394894e+09
1.710544401509485960e+09
1.710544403036705971e+09
1.710544404566989899e+09
1.710544406074192047e+09
1.710544407581423998e+09
1.710544409088654995e+09
1.710544410618894100e+09
1.710544412125974894e+09
1.710544413633121014e+09
1.710544415140204906e+09
1.710544416647233963e+09
1.710544418154306889e+09
1.710544419638362885e+09
1.710544421192538977e+09
1.710544422699938059e+09
1.710544424206463099e+09
1.710544425760236979e+09
1.710544427267477036e+09
1.710544428774730921e+09
1.710544430281824112e+09
1.710544431812489986e+09
1.710544433319720984e+09
1.710544434826972008e+09
1.710544436333987951e+09
1.710544437841257095e+09
1.710544439371716976e+09
1.710544440878900051e+09
1.710544442386322021e+09
1.710544443893651962e+09
1.710544445377907038e+09
1.710544446862328053e+09
1.710544448346287966e+09
1.710544449830481052e+09
1.710544451314555883e+09
1.710544452798434019e+09
1.710544454282515049e+09
1.710544455766757011e+09
1.710544457274105072e+09
1.710544458758336067e+09
1.710544460242477894e+09
1.710544461726820946e+09
1.710544463234142065e+09
1.710544464718338966e+09
1.710544466202760935e+09
1.710544467734436035e+09
1.710544469264302015e+09
1.710544470748495102e+09
1.710544472232812881e+09
1.710544473717319012e+09
1.710544475201608896e+09
1.710544476685832977e+09
1.710544478193598986e+09
1.710544479723603010e+09
1.710544481207957983e+09
1.710544482691998005e+09
1.710544484176047087e+09
1.710544485683418989e+09
1.710544487167923927e+09
1.710544488675364971e+09
1.710544490159646034e+09
1.710544491643691063e+09
1.710544493127815962e+09
1.710544494612076998e+09
1.710544496096276999e+09
1.710544497580956936e+09
1.710544499065246105e+09
1.710544500549422979e+09
1.710544502033735037e+09
1.710544503517951965e+09
1.710544505001961946e+09
1.710544506486144066e+09
1.710544507970376015e+09
1.710544509454824924e+09
1.710544510984870911e+09
1.710544512468924999e+09
1.710544513976022005e+09
1.710544515506464005e+09
1.710544516990761995e+09
1.710544518474972010e+09
1.710544519959289074e+09
1.710544521443603039e+09
1.710544522927925110e+09
1.710544524411909103e+09
1.710544525896481991e+09
1.710544527380319118e+09
1.710544528864387035e+09
1.710544530348723888e+09
1.710544531833030939e+09
1.710544533317256927e+09
1.710544534801290035e+09
1.710544536308506012e+09
1.710544537792599916e+09
1.710544539276868105e+09
1.710544540760885954e+09
1.710544542268219948e+09
1.710544543752502918e+09
1.710544545239268064e+09
1.710544546721025944e+09
1.710544548205568075e+09
1.710544549713089943e+09
1.710544551197434902e+09
1.710544552681754112e+09
1.710544554165736914e+09
1.710544555649905920e+09
1.710544557135759115e+09
1.710544558617607117e+09
1.710544560101717949e+09
1.710544561585639000e+09
1.710544563069477081e+09
1.710544564553443909e+09
1.710544566037525892e+09
1.710544567521704912e+09
1.710544569028942108e+09
1.710544570513139963e+09
1.710544571997204065e+09
1.710544573481633902e+09
1.710544574964991093e+09
1.710544576449135065e+09
1.710544577933085918e+09
1.710544579417011976e+09
1.710544580901398897e+09
1.710544582385586977e+09
1.710544583869434118e+09
1.710544585353276968e+09
1.710544586837238073e+09
1.710544588321285963e+09
1.710544589805454969e+09
1.710544591289510965e+09
1.710544592773663044e+09
1.710544594257906914e+09
1.710544595742270947e+09
1.710544597229480982e+09
1.710544598734180927e+09
1.710544600218334913e+09
1.710544601702542067e+09
1.710544603187032938e+09
1.710544604694518089e+09
1.710544606178788900e+09
1.710544607663429022e+09
1.710544609148431063e+09
1.710544610632437944e+09
1.710544612116681099e+09
1.710544613604229927e+09
1.710544615084897041e+09
1.710544616568833113e+09
1.710544618052807093e+09
1.710544619536798954e+09
1.710544621020725012e+09
1.710544622504487038e+09
1.710544623988195896e+09
1.710544625472275972e+09
1.710544626963309050e+09
1.710544628463270903e+09
1.710544629970295906e+09
1.710544631454592943e+09
1.710544632938436031e+09
1.710544634422374964e+09
1.710544635906447887e+09
1.710544637390522003e+09
1.710544638897736073e+09
1.710544640381865025e+09
1.710544641865849972e+09
1.710544643354475975e+09
1.710544644834736109e+09
1.710544646319860935e+09
1.710544647802694082e+09
1.710544649286781073e+09
1.710544650770606995e+09
1.710544652254306078e+09
1.710544653761414051e+09
1.710544655245148897e+09
1.710544656752028942e+09
1.710544658236067057e+09
1.710544659719961882e+09
1.710544661203979015e+09
1.710544662687932014e+09
1.710544664171926022e+09
1.710544665656038046e+09
1.710544667139825106e+09
1.710544668623706102e+09
1.710544670107676983e+09
1.710544671591589928e+09
1.710544673078394890e+09
1.710544674559278965e+09
1.710544676043461084e+09
1.710544677527960062e+09
1.710544679012633085e+09
1.710544680496972084e+09
1.710544682004765987e+09
1.710544683489053965e+09
1.710544684973577023e+09
1.710544686457639933e+09
1.710544687941715956e+09
1.710544689426289082e+09
1.710544690911212921e+09
1.710544692395399094e+09
1.710544693879508018e+09
1.710544695363887072e+09
1.710544696848201990e+09
1.710544698332053900e+09
1.710544699816031933e+09
1.710544701299649954e+09
1.710544702783641100e+09
1.710544704267638922e+09
1.710544705752057076e+09
1.710544707235524893e+09
1.710544708719168901e+09
1.710544710203133106e+09
1.710544711687113047e+09
1.710544713171015978e+09
1.710544714655186892e+09
1.710544716139199972e+09
1.710544717623220921e+09
1.710544719107330084e+09
1.710544720591521025e+09
1.710544722075686932e+09
1.710544723559859037e+09
1.710544725047270060e+09
1.710544726528464079e+09
1.710544728012640953e+09
1.710544729496599913e+09
1.710544730980756998e+09
1.710544732464806080e+09
1.710544733948997974e+09
1.710544735438002110e+09
1.710544736917606115e+09
1.710544738424969912e+09
1.710544739909394026e+09
1.710544741417032957e+09
1.710544742924304962e+09
1.710544744431731939e+09
1.710544745916095972e+09
1.710544747423693895e+09
1.710544748931230068e+09
1.710544750415194035e+09
1.710544751922421932e+09
1.710544753429833889e+09
1.710544754913975000e+09
1.710544756397886038e+09
1.710544757882174969e+09
1.710544759366784096e+09
1.710544760850866079e+09
1.710544762334817886e+09
1.710544763818764925e+09
1.710544765303073883e+09
1.710544766787158966e+09
1.710544768271119118e+09
1.710544769755033016e+09
1.710544771264219999e+09
1.710544772745939016e+09
1.710544774229798079e+09
1.710544775713835001e+09
1.710544777200840950e+09
1.710544778681765079e+09
1.710544780165848017e+09
1.710544781650063038e+09
1.710544783139987946e+09
1.710544784618288994e+09
1.710544786102272987e+09
1.710544787586611986e+09
1.710544789070878029e+09
1.710544790555175066e+09
1.710544792039452076e+09
1.710544793523500919e+09
1.710544795007627010e+09
1.710544796491560936e+09
1.710544797975189924e+09
1.710544799459208012e+09
1.710544800943165064e+09
1.710544802427259922e+09
1.710544803911333084e+09
1.710544805418759108e+09
1.710544806949496984e+09
1.710544808456777096e+09
1.710544809963799953e+09
1.710544811470927000e+09
1.710544812978238106e+09
1.710544814485539913e+09
1.710544815992796898e+09
1.710544817526261091e+09
1.710544819030831099e+09
1.710544820537945032e+09
1.710544822068798065e+09
1.710544823645103931e+09
1.710544824995847940e+09
