1.709748204319669008e+09
1.709748216960577011e+09
1.709748229602787018e+09
1.709748242244301081e+09
1.709748254909852982e+09
1.709748267575385094e+09
1.709748280215471983e+09
1.709748292881419897e+09
1.709748305522964001e+09
1.709748318191117048e+09
1.709748330857229948e+09
1.709748343496110916e+09
1.709748356162372112e+09
1.709748368805157900e+09
1.709748381448029041e+09
1.709748394116066933e+09
1.709748406761141062e+09
1.709748419083194017e+09
1.709748431730197906e+09
1.709748444399369955e+09
1.709748457068967104e+09
1.709748469711061001e+09
1.709748482372478962e+09
1.709748495014297962e+09
1.709748507678785086e+09
1.709748520345516920e+09
1.709748532988495111e+09
1.709748545653734922e+09
1.709748558318206072e+09
1.709748570983426094e+09
1.709748583625423908e+09
1.709748596268914938e+09
1.709748608933419943e+09
1.709748621598656893e+09
1.709748634241837978e+09
1.709748646883415937e+09
1.709748659545176029e+09
1.709748672187978029e+09
1.709748684849785089e+09
1.709748697490890026e+09
1.709748710130825043e+09
1.709748722723810911e+09
1.709748735090109110e+09
1.709748747753143072e+09
1.709748760094602108e+09
1.709748772316795111e+09
1.709748784798335075e+09
1.709748793171786070e+09
