1.704736347760391951e+09
1.704736349101382017e+09
1.704736349996684074e+09
1.704736353939913988e+09
1.704736355274112940e+09
1.704736356110393047e+09
1.704736399145842075e+09
1.704736400485785961e+09
1.704736401827033997e+09
1.704736403170717001e+09
1.704736404632515907e+09
1.704736405552177906e+09
1.704736440653578043e+09
1.704736442055464983e+09
1.704736443340739965e+09
1.704736531090631962e+09
1.704736532545877934e+09
1.704736534002362013e+09
1.704736535285604000e+09
1.704736541672211885e+09
1.704736543086023092e+09
1.704736544564563990e+09
1.704736545844572067e+09
