1.709831532722724915e+09
1.709831534345047951e+09
1.709831535968013048e+09
1.709831537021074057e+09
1.709831573969906092e+09
1.709831575453919888e+09
1.709831576938966990e+09
1.709831578491214991e+09
1.709831579975162983e+09
1.709831581458916903e+09
1.709831582791898966e+09
1.709831591571469069e+09
1.709831593055839062e+09
1.709831594588524103e+09
1.709831596188695908e+09
1.709831597787421942e+09
1.709831599271655083e+09
1.709831600756071091e+09
1.709831601686222076e+09
1.709831626100737095e+09
1.709831627584620953e+09
1.709831629162343025e+09
1.709831630762176037e+09
1.709831632386368036e+09
1.709831633984725952e+09
1.709831635585088968e+09
1.709831636589360952e+09
1.709831707141185999e+09
1.709831708626246929e+09
1.709831710226392031e+09
1.709831711755249977e+09
1.709831713239295006e+09
1.709831714169809103e+09
1.709831723325994015e+09
1.709831724809652090e+09
1.709831726293519974e+09
1.709831727228315115e+09
1.709831733644962072e+09
1.709831735268748999e+09
1.709831736867832899e+09
1.709831738467926979e+09
1.709831740067740917e+09
1.709831741464365959e+09
1.709831749943383932e+09
1.709831751427433968e+09
1.709831753005541086e+09
1.709831754605277061e+09
1.709831756205339909e+09
1.709831757782776117e+09
1.709831758785506964e+09
1.709837412263565063e+09
1.709837413752530098e+09
1.709837415231911898e+09
1.709837416763802052e+09
1.709837417374371052e+09
1.709837770254494905e+09
1.709837771787636995e+09
1.709837773412045002e+09
1.709837775012705088e+09
1.709837776636619091e+09
1.709837778238643885e+09
1.709837779815313101e+09
1.709837781214546919e+09
1.709837794055794001e+09
1.709837795540358067e+09
1.709837797073020935e+09
1.709837798673506021e+09
1.709837799260729074e+09
1.709837844413077116e+09
1.709837845898159981e+09
1.709837847383514881e+09
1.709837848892983913e+09
1.709837850470736027e+09
1.709837852095688105e+09
1.709837853076684952e+09
1.709837860258557081e+09
1.709837861765938044e+09
1.709837863250014067e+09
1.709837864805749893e+09
1.709837866405257940e+09
1.709837868005167007e+09
1.709837869008510113e+09
1.709837877836822033e+09
1.709837879320997000e+09
1.709837880852811098e+09
1.709837882452791929e+09
1.709837884053481102e+09
1.709837885652187109e+09
1.709837887253391027e+09
1.709837888827810049e+09
1.709837890311880112e+09
1.709837891796046972e+09
1.709837893279875994e+09
1.709837894857606888e+09
1.709837895484204054e+09
1.709838020422173977e+09
1.709838021907011986e+09
1.709838023391932964e+09
1.709838024968828917e+09
1.709838026570314884e+09
1.709838027968465090e+09
1.709838035914609909e+09
1.709838037399261951e+09
1.709838038885227919e+09
1.709838040485780001e+09
1.709838042062371969e+09
1.709838043661849976e+09
1.709838044320224047e+09
1.709838054448339939e+09
1.709838055929902077e+09
1.709838057416856050e+09
1.709838059015645027e+09
1.709838060416392088e+09
1.709838068872628927e+09
1.709838070357430935e+09
1.709838071841952085e+09
1.709838073421073914e+09
1.709838075022774935e+09
1.709838076646765947e+09
1.709838077286019087e+09
1.709838337395248890e+09
1.709838338879455090e+09
1.709838340363918066e+09
1.709838341895605087e+09
1.709838343496666908e+09
1.709838343709453106e+09
1.709838379005206108e+09
1.709838380489701033e+09
1.709838381974152088e+09
1.709838383529366016e+09
1.709838385106180906e+09
1.709838386706154108e+09
1.709838387712379932e+09
1.709838407465050936e+09
1.709838408949466944e+09
1.709838410457086086e+09
1.709838412012473106e+09
1.709838413636086941e+09
1.709838415236398935e+09
1.709838416836570978e+09
1.709838418437701941e+09
1.709838420036546946e+09
1.709838421385711908e+09
1.709842521650968075e+09
1.709842522415910006e+09
1.709842523180907965e+09
1.709842523924539089e+09
1.709842524688576937e+09
1.709842525454212904e+09
1.709842526221492052e+09
1.709842527049293995e+09
1.709842527907461882e+09
1.709842528742738962e+09
1.709842529600802898e+09
1.709842530459137917e+09
1.709842531320022106e+09
1.709842531438266993e+09
1.709842537469779968e+09
1.709842538232374907e+09
1.709842538997673035e+09
1.709842539739912987e+09
1.709842540505251884e+09
1.709842541271171093e+09
1.709842542039218903e+09
1.709842542385951042e+09
1.709842557500953913e+09
1.709842558265178919e+09
1.709842559030273914e+09
1.709842559796499968e+09
1.709842560562850952e+09
1.709842561391261101e+09
1.709842561746364117e+09
1.709842663367752075e+09
1.709842664132683992e+09
1.709842664897063017e+09
1.709842665661102057e+09
1.709842666452666998e+09
1.709842667266236067e+09
1.709842668043787003e+09
1.709842668901403904e+09
1.709842669759955883e+09
1.709842669881006956e+09
1.709842685231993914e+09
1.709842685997761011e+09
1.709842686762868881e+09
1.709842687528208017e+09
1.709842688293903112e+09
1.709842688391097069e+09
1.709842693793955088e+09
1.709842694577292919e+09
1.709842695368257999e+09
1.709842696137914896e+09
1.709842696899111986e+09
1.709842697200584888e+09
1.709843384262064934e+09
1.709843384715279102e+09
1.709843385153883934e+09
1.709843385582705021e+09
1.709843386012168884e+09
1.709843386437829971e+09
1.709843386866242886e+09
1.709843387297184944e+09
1.709843387725579977e+09
1.709843387996747017e+09
1.709843393114078999e+09
1.709843393578540087e+09
1.709843394042088985e+09
1.709843394534708023e+09
1.709843395062592030e+09
1.709843395601464033e+09
1.709843396135061979e+09
1.709843396667861938e+09
1.709843397186191082e+09
1.709843397507586956e+09
1.709843404505744934e+09
1.709843404991651058e+09
1.709843405456273079e+09
1.709843405920944929e+09
1.709843406384783983e+09
1.709843406848350048e+09
1.709843407311069965e+09
1.709843407774862051e+09
1.709843407829962015e+09
1.709843439585036993e+09
1.709843441139827013e+09
1.709843442740438938e+09
1.709843444165112972e+09
1.709843902040102005e+09
1.709843905124067068e+09
1.709843908207828045e+09
1.709843911292032957e+09
1.709843914376485109e+09
1.709843916309403896e+09
1.709843945941380978e+09
1.709843946233280897e+09
1.709843946500658989e+09
1.709843946764857054e+09
1.709843947029530048e+09
1.709843947294996977e+09
1.709843947559308052e+09
1.709843947828486919e+09
1.709843948092498064e+09
1.709843948355664968e+09
1.709843948620229959e+09
1.709843948884567976e+09
1.709843949151391029e+09
1.709843949254307985e+09
1.709843955031239986e+09
1.709843955392935991e+09
1.709843955716365099e+09
1.709843956042129040e+09
1.709843956366309881e+09
1.709843956731801033e+09
1.709843957101541996e+09
1.709843957484169960e+09
1.709843957855400085e+09
1.709843958232043028e+09
1.709843958602763891e+09
1.709843958971801996e+09
1.709843959351802111e+09
1.709843959726707935e+09
1.709843959878671885e+09
1.709844000594012022e+09
1.709844000998616934e+09
1.709844001344280958e+09
1.709844001686537027e+09
1.709844002031701088e+09
1.709844002373590946e+09
1.709844002714359999e+09
1.709844003057898998e+09
1.709844003402180910e+09
1.709844003740358114e+09
1.709844004144259930e+09
1.709844004217959881e+09
1.709844011906229973e+09
1.709844012306528091e+09
1.709844012667644978e+09
1.709844013013843060e+09
1.709844013357301950e+09
1.709844013700922966e+09
1.709844014043569088e+09
1.709844014391778946e+09
1.709844014439810038e+09
1.709844023124718904e+09
1.709844023491378069e+09
1.709844023835560083e+09
1.709844024175189018e+09
1.709844024519288063e+09
1.709844024861737013e+09
1.709844025205643892e+09
1.709844025549665928e+09
1.709844025901464939e+09
1.709844026245363951e+09
1.709844026589060068e+09
1.709844026950248003e+09
1.709844027348145962e+09
1.709844027730854988e+09
1.709844028115972996e+09
1.709844028469357014e+09
1.709844187259215117e+09
1.709844188062725067e+09
1.709844188867223978e+09
1.709844189675359964e+09
1.709844190481071949e+09
1.709844191289279938e+09
1.709844192094434977e+09
1.709844192899399042e+09
1.709844193704943895e+09
1.709844194522687912e+09
1.709844195327605963e+09
1.709844196134696960e+09
1.709844196948137045e+09
1.709844197753350019e+09
1.709844198550956964e+09
1.709844199354640961e+09
1.709844200161031961e+09
1.709844200962408066e+09
1.709844201766201973e+09
1.709844202575994015e+09
1.709844202988403082e+09
1.709844231491187096e+09
1.709844232294576883e+09
1.709844233099332094e+09
1.709844233903624058e+09
1.709844234718400002e+09
1.709844235527224064e+09
1.709844235761746883e+09
1.709844357777919054e+09
1.709844359876190901e+09
1.709844362010288954e+09
1.709844364144268036e+09
1.709844366038710117e+09
1.709844700582603931e+09
1.709844702067044020e+09
1.709844703551229000e+09
1.709844705082776070e+09
1.709844706482192993e+09
