1.711495374969477892e+09
1.711495377127338886e+09
1.711495379280396938e+09
1.711495381437426090e+09
1.711495383570890903e+09
1.711495385704292059e+09
1.711495387838165045e+09
1.711495389995301008e+09
1.711495392128037930e+09
1.711495394332982063e+09
1.711495396489413023e+09
1.711495398647557974e+09
1.711495400822993994e+09
1.711495402957057953e+09
1.711495405113902092e+09
1.711495407270307064e+09
1.711495409430216074e+09
1.711495411583861113e+09
1.711495413717334032e+09
1.711495415850873947e+09
1.711495418032183886e+09
1.711495420193955898e+09
1.711495422343847990e+09
1.711495424527082920e+09
1.711495426660532951e+09
1.711495428794116974e+09
1.711495430929255009e+09
1.711495433085987091e+09
1.711495435242590904e+09
1.711495437399772882e+09
1.711495439556709051e+09
1.711495441736397028e+09
1.711495443872632027e+09
1.711495446004054070e+09
1.711495448140276909e+09
1.711495450319823027e+09
1.711495452453769922e+09
1.711495454611098051e+09
1.711495456770214081e+09
1.711495458902163029e+09
1.711495461060266018e+09
1.711495463242317915e+09
1.711495465330312967e+09
1.711495467500360012e+09
1.711495469667131901e+09
1.711495471803512096e+09
1.711495473936342001e+09
1.711495476117837906e+09
1.711495478251420021e+09
1.711495480408175945e+09
1.711495482543935061e+09
1.711495484677495956e+09
1.711495486858781099e+09
1.711495489016444921e+09
1.711495491177582979e+09
1.711495493332406998e+09
1.711495495512402058e+09
1.711495497646471977e+09
1.711495499779036045e+09
1.711495501958178997e+09
1.711495504092256069e+09
1.711495506204129934e+09
1.711495508335566044e+09
1.711495510470132113e+09
1.711495512603413105e+09
1.711495514739959002e+09
1.711495516929730892e+09
1.711495519053359032e+09
1.711495521234859943e+09
1.711495523388562918e+09
1.711495525523081064e+09
1.711495527704648972e+09
1.711495529835760117e+09
1.711495531992978096e+09
1.711495534126841068e+09
1.711495536284519911e+09
1.711495538419991016e+09
1.711495540527000904e+09
1.711495542706938028e+09
1.711495544863212109e+09
1.711495547020612955e+09
1.711495549178636074e+09
1.711495551291100979e+09
1.711495553469810009e+09
1.711495555579440117e+09
1.711495557713665962e+09
1.711495559870511055e+09
1.711495562005805016e+09
1.711495564140268087e+09
1.711495566250437021e+09
1.711495568407119036e+09
1.711495570585396051e+09
1.711495572718817949e+09
1.711495574875852108e+09
1.711495577033576965e+09
1.711495579188683033e+09
1.711495581321706057e+09
1.711495583481498003e+09
1.711495585637753963e+09
1.711495587816817999e+09
1.711495589973484993e+09
1.711495592154964924e+09
1.711495594311058044e+09
1.711495596469530106e+09
1.711495598605030060e+09
1.711495600784598112e+09
1.711495602921567917e+09
1.711495605060226917e+09
1.711495607259251118e+09
1.711495609391983032e+09
1.711495611503434896e+09
1.711495613661732912e+09
1.711495615797432899e+09
1.711495617954190969e+09
1.711495620110239983e+09
1.711495622294512033e+09
1.711495624381926060e+09
1.711495626538877010e+09
1.711495628699656963e+09
1.711495630856223106e+09
1.711495633013423920e+09
1.711495635218877077e+09
1.711495637376540899e+09
1.711495639532689095e+09
1.711495641715640068e+09
1.711495643848697901e+09
1.711495646006340027e+09
1.711495648168049097e+09
1.711495650323626995e+09
1.711495652458818913e+09
1.711495654615760088e+09
1.711495656796473026e+09
1.711495658930222034e+09
1.711495661088926077e+09
1.711495663249880075e+09
1.711495665380882025e+09
1.711495667560128927e+09
1.711495669718449116e+09
1.711495671851546049e+09
1.711495674009233952e+09
1.711495676187913895e+09
1.711495678296870947e+09
1.711495680454575062e+09
1.711495682611656904e+09
1.711495684745877981e+09
1.711495686902170897e+09
1.711495689082042933e+09
1.711495691238003969e+09
1.711495693347773075e+09
1.711495695506628036e+09
1.711495697663516045e+09
1.711495699796375990e+09
1.711495701931967020e+09
1.711495704110315084e+09
1.711495706244474888e+09
1.711495708401710033e+09
1.711495710558782101e+09
1.711495712691203117e+09
1.711495714848627090e+09
1.711495716982587099e+09
1.711495719115056992e+09
1.711495721204117060e+09
1.711495723383656979e+09
1.711495725469816923e+09
1.711495727627113104e+09
1.711495729782849073e+09
1.711495731962757111e+09
1.711495734142585039e+09
1.711495736299439907e+09
1.711495738456737041e+09
1.711495740638273954e+09
1.711495742746757984e+09
1.711495744926001072e+09
1.711495747083148956e+09
1.711495749241492987e+09
1.711495751351109028e+09
1.711495753532216072e+09
1.711495755688611031e+09
1.711495757846071959e+09
1.711495760001920938e+09
1.711495762135215044e+09
1.711495764245961905e+09
1.711495766378499985e+09
1.711495768559287071e+09
1.711495770716242075e+09
1.711495772899398088e+09
1.711495775053592920e+09
1.711495777165771008e+09
1.711495779297894955e+09
1.711495781430552959e+09
1.711495783611809969e+09
1.711495785769334078e+09
1.711495787924926043e+09
1.711495790060444117e+09
1.711495792194591999e+09
1.711495794376641989e+09
1.711495796531629086e+09
1.711495798664073944e+09
1.711495800798454046e+09
1.711495802954965115e+09
1.711495805114258051e+09
1.711495807245697975e+09
1.711495809356225967e+09
1.711495811516371012e+09
1.711495813670475960e+09
1.711495815850410938e+09
1.711495818052925110e+09
1.711495820209114075e+09
1.711495822345716953e+09
1.711495824547218084e+09
1.711495826658864021e+09
1.711495828815876007e+09
1.711495830973166943e+09
1.711495833105009079e+09
1.711495835262813091e+09
1.711495837373020887e+09
1.711495839531157017e+09
1.711495841665452957e+09
1.711495843820355892e+09
1.711495845977446079e+09
1.711495848112118959e+09
1.711495850268330097e+09
1.711495852403131962e+09
1.711495854561156988e+09
1.711495856740052938e+09
1.711495858896617889e+09
1.711495861054455042e+09
1.711495863164781094e+09
1.711495865347445011e+09
1.711495867502547979e+09
1.711495869635672092e+09
1.711495871794167995e+09
1.711495873903750896e+09
1.711495876038058043e+09
1.711495878171293974e+09
1.711495880327069998e+09
1.711495882463999033e+09
1.711495884596726894e+09
1.711495886823157072e+09
1.711495888981545925e+09
1.711495891137454033e+09
1.711495893294440985e+09
1.711495895429102898e+09
1.711495897562333107e+09
1.711495899673022985e+09
1.711495901783979893e+09
1.711495903917506933e+09
1.711495906074345112e+09
1.711495908230690002e+09
1.711495910365442038e+09
1.711495912524169922e+09
1.711495914701911926e+09
1.711495916865853071e+09
1.711495918969716072e+09
1.711495921079925060e+09
1.711495923216531992e+09
1.711495925327167988e+09
1.711495927482748985e+09
1.711495929640115976e+09
1.711495931775537968e+09
1.711495933929553986e+09
1.711495936063798904e+09
1.711495938222439051e+09
1.711495940355729103e+09
1.711495942514533997e+09
1.711495944670861006e+09
1.711495946755897999e+09
1.711495948937463045e+09
1.711495951071799994e+09
1.711495953253742933e+09
1.711495955432147026e+09
1.711495957564883947e+09
1.711495959699330091e+09
1.711495961832571030e+09
1.711495963989665031e+09
1.711495966148133039e+09
1.711495968260123968e+09
1.711495970393970966e+09
1.711495972506644964e+09
1.711495974664165020e+09
1.711495976847160101e+09
1.711495979005076885e+09
1.711495981138571024e+09
1.711495983275482893e+09
1.711495985409202099e+09
1.711495987544461012e+09
1.711495989677457094e+09
1.711495991835011959e+09
1.711495993990807056e+09
1.711495996126594067e+09
1.711495998260014057e+09
1.711496000421124935e+09
1.711496002600241899e+09
1.711496004756228924e+09
1.711496006915323019e+09
1.711496009076370001e+09
1.711496011231561899e+09
1.711496013391206980e+09
1.711496015546577930e+09
1.711496017727739096e+09
1.711496019884071112e+09
1.711496022066647053e+09
1.711496024246840954e+09
1.711496026357119083e+09
1.711496028606528044e+09
1.711496030719652891e+09
1.711496032875576019e+09
1.711496035031615019e+09
1.711496037211251974e+09
1.711496039322496891e+09
1.711496041478817940e+09
1.711496043635556936e+09
1.711496045791831970e+09
1.711496047902888060e+09
1.711496050036715984e+09
1.711496052194629908e+09
1.711496054327625990e+09
1.711496056462939978e+09
1.711496058620480061e+09
1.711496060775970936e+09
1.711496062932723999e+09
1.711496065090069056e+09
1.711496067247368097e+09
1.711496069381257057e+09
1.711496071490147114e+09
1.711496073648618937e+09
1.711496075804629087e+09
1.711496077959090948e+09
1.711496080094950914e+09
1.711496082251087904e+09
1.711496084385325909e+09
1.711496086541683912e+09
1.711496088676737070e+09
1.711496090814409018e+09
1.711496092986632109e+09
1.711496095121076107e+09
1.711496097257019043e+09
1.711496099389945030e+09
1.711496101547437906e+09
1.711496103726329088e+09
1.711496105859919071e+09
1.711496108015822887e+09
1.711496110195569038e+09
1.711496112375588894e+09
1.711496114532685995e+09
1.711496116665968895e+09
1.711496118799057007e+09
1.711496120980715990e+09
1.711496123137054920e+09
1.711496125270071983e+09
1.711496127427733898e+09
1.711496129584889889e+09
1.711496131741172075e+09
1.711496133897030115e+09
1.711496136031301975e+09
1.711496138186784983e+09
1.711496140343040943e+09
1.711496142500421047e+09
1.711496144611623049e+09
1.711496146746896982e+09
1.711496148878680944e+09
1.711496151036045074e+09
1.711496153216819048e+09
1.711496155349114895e+09
1.711496157532712936e+09
1.711496159688545942e+09
1.711496161844377995e+09
1.711496164001858950e+09
1.711496166157196045e+09
1.711496168314755917e+09
1.711496170494494915e+09
1.711496172650804996e+09
1.711496174784773111e+09
1.711496176921262026e+09
1.711496179053508043e+09
1.711496181233932018e+09
1.711496183435379028e+09
1.711496185593779087e+09
1.711496187771229029e+09
1.711496189929228067e+09
1.711496192062254906e+09
1.711496194198026896e+09
1.711496196330252886e+09
1.711496198463577032e+09
1.711496200597779036e+09
1.711496202755604982e+09
1.711496204911276102e+09
1.711496207069607973e+09
1.711496209225272894e+09
1.711496211335589886e+09
1.711496213422585011e+09
1.711496215578820944e+09
1.711496217735320091e+09
1.711496219870872974e+09
1.711496222004626989e+09
1.711496224160563946e+09
1.711496226319863081e+09
1.711496228474385023e+09
1.711496230654937983e+09
1.711496232811702013e+09
1.711496234990463972e+09
1.711496237123898983e+09
1.711496239282052994e+09
1.711496241439486027e+09
1.711496243597038031e+09
1.711496245754126072e+09
1.711496247912216902e+09
1.711496250071652889e+09
1.711496252274178982e+09
1.711496254409311056e+09
1.711496256589138985e+09
1.711496258748164892e+09
1.711496260905493975e+09
1.711496263038868904e+09
1.711496265197985888e+09
1.711496267354281902e+09
1.711496269512373924e+09
1.711496271646015882e+09
1.711496273781445980e+09
1.711496275915112972e+09
1.711496278050232887e+09
1.711496280207438946e+09
1.711496282363862991e+09
1.711496284452111006e+09
1.711496286565591097e+09
1.711496288721012115e+09
1.711496290880109072e+09
1.711496293062499046e+09
1.711496295172800064e+09
1.711496297286941051e+09
1.711496299466609955e+09
1.711496301600243092e+09
1.711496303757006884e+09
1.711496305916172981e+09
1.711496308072699070e+09
1.711496310232295036e+09
1.711496312502240896e+09
1.711496314635294914e+09
1.711496316815249920e+09
1.711496318994250059e+09
1.711496321128504992e+09
1.711496323284328938e+09
1.711496325440305948e+09
1.711496327598969936e+09
1.711496329756284952e+09
1.711496331887964010e+09
1.711496334021346092e+09
1.711496336154710054e+09
1.711496338311968088e+09
1.711496340399802923e+09
1.711496342535096884e+09
1.711496344714031935e+09
1.711496346870879889e+09
1.711496349002954006e+09
1.711496351112703085e+09
1.711496353271240950e+09
1.711496355474111080e+09
1.711496357607004881e+09
1.711496359765655994e+09
1.711496361921672106e+09
1.711496364079071045e+09
1.711496366214454889e+09
1.711496368347084999e+09
1.711496370504442930e+09
1.711496372658834934e+09
1.711496374818367004e+09
1.711496376973959923e+09
1.711496379131176949e+09
1.711496381310949087e+09
1.711496383468365908e+09
1.711496385626655102e+09
1.711496387760083914e+09
1.711496389894733906e+09
1.711496392053714991e+09
1.711496394232425928e+09
1.711496396389226913e+09
1.711496398499917984e+09
1.711496400633441925e+09
1.711496402766236067e+09
1.711496404878011942e+09
1.711496407083832026e+09
1.711496409262491941e+09
1.711496411420123100e+09
1.711496413553092003e+09
1.711496415709157944e+09
1.711496417888415098e+09
1.711496420071450949e+09
1.711496422228444099e+09
1.711496424360416889e+09
1.711496426494704008e+09
1.711496428653667927e+09
1.711496430832495928e+09
1.711496432966403961e+09
1.711496435122893095e+09
1.711496437281630993e+09
1.711496439436148882e+09
1.711496441570765972e+09
1.711496443752379894e+09
1.711496445910147905e+09
1.711496448087976933e+09
1.711496450245546103e+09
1.711496452402851105e+09
1.711496454589005947e+09
1.711496456763405085e+09
1.711496458896122932e+09
1.711496461076702118e+09
1.711496463208606958e+09
1.711496465343250036e+09
1.711496467522294044e+09
1.711496469657144070e+09
1.711496471815152884e+09
1.711496473948721886e+09
1.711496476082483053e+09
1.711496478238745928e+09
1.711496480351579905e+09
1.711496482532452106e+09
1.711496484665591955e+09
1.711496486798585892e+09
1.711496488955151081e+09
1.711496491088836908e+09
1.711496493224422932e+09
1.711496495358886957e+09
1.711496497517776012e+09
1.711496499698575020e+09
1.711496501830136061e+09
1.711496503962729931e+09
1.711496506120038986e+09
1.711496508252919912e+09
1.711496510411695957e+09
1.711496512567679882e+09
1.711496514724519014e+09
1.711496516930978060e+09
1.711496519131297112e+09
1.711496521310846090e+09
1.711496523515341997e+09
1.711496525671684027e+09
1.711496527829893112e+09
1.711496529963963032e+09
1.711496532121509075e+09
1.711496534278073072e+09
1.711496536436553001e+09
1.711496538590231895e+09
1.711496540771245003e+09
1.711496542928159952e+09
1.711496545085875988e+09
1.711496547242367983e+09
1.711496549421588898e+09
1.711496551579168081e+09
1.711496553711261034e+09
1.711496555890844107e+09
1.711496558071453094e+09
1.711496560203435898e+09
1.711496562360685110e+09
1.711496564541834116e+09
1.711496566698573112e+09
1.711496568854979992e+09
1.711496571014257908e+09
1.711496573172981977e+09
1.711496575352238894e+09
1.711496577510682106e+09
1.711496579667603016e+09
1.711496581823412895e+09
1.711496583960449934e+09
1.711496586114635944e+09
1.711496588271997929e+09
1.711496590427778006e+09
1.711496592563038111e+09
1.711496594740655899e+09
1.711496596923501015e+09
1.711496599077713966e+09
1.711496601211029053e+09
1.711496603369297981e+09
1.711496605548949957e+09
1.711496607706840992e+09
1.711496609840069056e+09
1.711496611974246979e+09
1.711496614106497049e+09
1.711496616266403913e+09
1.711496618421456099e+09
1.711496620534826994e+09
1.711496622716583014e+09
1.711496624892965078e+09
1.711496627059417009e+09
1.711496629208245039e+09
1.711496631365900993e+09
1.711496633524458885e+09
1.711496635656094074e+09
1.711496637837613106e+09
1.711496639971302032e+09
1.711496642080544949e+09
1.711496644236850977e+09
1.711496646369884014e+09
1.711496648526576042e+09
1.711496650706275940e+09
1.711496652839575052e+09
1.711496654973680019e+09
1.711496657109348059e+09
1.711496659263107061e+09
1.711496661397916079e+09
1.711496663614403009e+09
1.711496665760659933e+09
1.711496667918116093e+09
1.711496670098047972e+09
1.711496672279136896e+09
1.711496674437453032e+09
1.711496676575377941e+09
1.711496678753365040e+09
1.711496680935966015e+09
1.711496683116168022e+09
1.711496685252557039e+09
1.711496687410501957e+09
1.711496689566931963e+09
1.711496691722090960e+09
1.711496693834104061e+09
1.711496695992453098e+09
1.711496698149952888e+09
1.711496700306256056e+09
1.711496702416619062e+09
1.711496704597728014e+09
1.711496706777956009e+09
1.711496708934654951e+09
1.711496711090856075e+09
1.711496713226550102e+09
1.711496715427968979e+09
1.711496717561125040e+09
1.711496719740391016e+09
1.711496721921999931e+09
1.711496724077321053e+09
1.711496726211798906e+09
1.711496728344095945e+09
1.711496730478848934e+09
1.711496732590154886e+09
1.711496734769643068e+09
1.711496736902353048e+09
1.711496739060267925e+09
1.711496741285253048e+09
1.711496743441180944e+09
1.711496745598047972e+09
1.711496747779330969e+09
1.711496749914925098e+09
1.711496752046864033e+09
1.711496754203044891e+09
1.711496756384056091e+09
1.711496758564285040e+09
1.711496760721055984e+09
1.711496762854986906e+09
1.711496765011710882e+09
1.711496767191895962e+09
1.711496769371659040e+09
1.711496771528170109e+09
1.711496773708322048e+09
1.711496775868120909e+09
1.711496778021606922e+09
1.711496780157882929e+09
1.711496782358593941e+09
1.711496784517092943e+09
1.711496786670872927e+09
1.711496788828541040e+09
1.711496791010065079e+09
1.711496793142682076e+09
1.711496795276930094e+09
1.711496797433554888e+09
1.711496799566628933e+09
1.711496801724395037e+09
1.711496803880723953e+09
1.711496806038439989e+09
1.711496808194735050e+09
1.711496810352607012e+09
1.711496812509387016e+09
1.711496814666256905e+09
1.711496816799809933e+09
1.711496818955537081e+09
1.711496821113672972e+09
1.711496823222942114e+09
1.711496825378921032e+09
1.711496827582443953e+09
1.711496829716161966e+09
1.711496831872823954e+09
1.711496834033427000e+09
1.711496836210649967e+09
1.711496838344383001e+09
1.711496840478538990e+09
1.711496842635624886e+09
1.711496844794007063e+09
1.711496846996368885e+09
1.711496849083816051e+09
1.711496851240026951e+09
1.711496853395921946e+09
1.711496855530278921e+09
1.711496857687247992e+09
1.711496859843544006e+09
1.711496861978593111e+09
1.711496864135349035e+09
1.711496866292242050e+09
1.711496868448129892e+09
1.711496870581649065e+09
1.711496872740675926e+09
1.711496874899514914e+09
1.711496877077020884e+09
1.711496879234874010e+09
1.711496881367561102e+09
1.711496883594484091e+09
1.711496885751735926e+09
1.711496887885677099e+09
1.711496890018871069e+09
1.711496892201184034e+09
1.711496894380003929e+09
1.711496896536259890e+09
1.711496898694457054e+09
1.711496900850199938e+09
1.711496903031858921e+09
1.711496905210134983e+09
1.711496907369539976e+09
1.711496909501250982e+09
1.711496911682704926e+09
1.711496913861869097e+09
1.711496916040420055e+09
1.711496918174843073e+09
1.711496920355294943e+09
1.711496922511636019e+09
1.711496924693319082e+09
1.711496926848623991e+09
1.711496929030199051e+09
1.711496931209678888e+09
1.711496933389621973e+09
1.711496935545277119e+09
1.711496937703972101e+09
1.711496939859685898e+09
1.711496941994834900e+09
1.711496944130115032e+09
1.711496946309576035e+09
1.711496948466286898e+09
1.711496950646970987e+09
1.711496952804939032e+09
1.711496954962917089e+09
1.711496957122255087e+09
1.711496959299088955e+09
1.711496961457174063e+09
1.711496963614578009e+09
1.711496965793948889e+09
1.711496967951252937e+09
1.711496970112073898e+09
1.711496972288952112e+09
1.711496974401118040e+09
1.711496976579837084e+09
1.711496978736337900e+09
1.711496980894377947e+09
1.711496983051351070e+09
1.711496985208204985e+09
1.711496987365711927e+09
1.711496989521868944e+09
1.711496991654339075e+09
1.711496993789968014e+09
1.711496995970978975e+09
1.711496998125269890e+09
1.711497000307662964e+09
1.711497002487881899e+09
1.711497004668392897e+09
1.711497006755557060e+09
1.711497008912031889e+09
1.711497011049954891e+09
1.711497013227673054e+09
1.711497015383598089e+09
1.711497017541332006e+09
1.711497019698255062e+09
1.711497021831125021e+09
1.711497023992913961e+09
1.711497026193449020e+09
1.711497028371315002e+09
1.711497030504995108e+09
1.711497032687586069e+09
1.711497034843502998e+09
1.711497036979212999e+09
1.711497039110626936e+09
1.711497041270848036e+09
1.711497043471380949e+09
1.711497045629610062e+09
1.711497047809386015e+09
1.711497049945760012e+09
1.711497052126427889e+09
1.711497054285363913e+09
1.711497056467010975e+09
1.711497058622551918e+09
1.711497060763107061e+09
1.711497062892074108e+09
1.711497065033198118e+09
1.711497067209312916e+09
1.711497069368341923e+09
1.711497071502636909e+09
1.711497073659954071e+09
1.711497075819533110e+09
1.711497077997955084e+09
1.711497080156575918e+09
1.711497082339154005e+09
1.711497084519395113e+09
1.711497086699065924e+09
1.711497088831418991e+09
1.711497090987654924e+09
1.711497093145721912e+09
1.711497095326149940e+09
1.711497097484452963e+09
1.711497099685035944e+09
1.711497101842497110e+09
1.711497103999880075e+09
1.711497106132281065e+09
1.711497108243891001e+09
1.711497110399074078e+09
1.711497112558581114e+09
1.711497114739933968e+09
1.711497116898597956e+09
1.711497119058095932e+09
1.711497121215827942e+09
1.711497123396998882e+09
1.711497125532495975e+09
1.711497127666098118e+09
1.711497129802623034e+09
1.711497131982878923e+09
1.711497134141942024e+09
1.711497136302318096e+09
1.711497138456701994e+09
1.711497140616841078e+09
1.711497142774161100e+09
1.711497144957034111e+09
1.711497147115879059e+09
1.711497149226305008e+09
1.711497151384840012e+09
1.711497153497145891e+09
1.711497155678108931e+09
1.711497157812144995e+09
1.711497159948019028e+09
1.711497162127361059e+09
1.711497164288235903e+09
1.711497166468059063e+09
1.711497168648148060e+09
1.711497170782877922e+09
1.711497172940638065e+09
1.711497175097747087e+09
1.711497177255358934e+09
1.711497179391552925e+09
1.711497181545597076e+09
1.711497182397824049e+09
