1.710794068371316910e+09
1.710794071364238024e+09
1.710794074333599091e+09
1.710794077302736998e+09
1.710794080272059917e+09
1.710794083264585018e+09
1.710794086233800888e+09
1.710794089203174114e+09
1.710794092173084021e+09
1.710794095142505884e+09
1.710794098111597061e+09
1.710794101128464937e+09
1.710794104097218037e+09
1.710794107068520069e+09
1.710794110035962105e+09
1.710794113005556107e+09
1.710794115974143982e+09
1.710794118944493055e+09
1.710794121912134886e+09
1.710794124881351948e+09
1.710794127851073027e+09
1.710794130820338964e+09
1.710794133789730072e+09
1.710794136759299994e+09
1.710794139728653908e+09
1.710794142698302984e+09
1.710794145667366028e+09
1.710794148635713100e+09
1.710794151603704929e+09
1.710794154571887016e+09
1.710794157539885044e+09
1.710794160507591009e+09
1.710794163475347996e+09
1.710794166442926884e+09
1.710794169409790993e+09
1.710794172376961946e+09
1.710794175344373941e+09
1.710794178312088966e+09
1.710794181279740095e+09
1.710794184247205973e+09
1.710794187214606047e+09
1.710794190182224035e+09
1.710794193150049925e+09
1.710794196118643045e+09
1.710794199108407974e+09
1.710794202076051950e+09
1.710794205043190002e+09
1.710794208010587931e+09
1.710794210977843046e+09
1.710794213944966078e+09
1.710794216912491083e+09
1.710794219880449057e+09
1.710794222848117113e+09
1.710794225815830946e+09
1.710794228783410072e+09
1.710794231750993013e+09
1.710794234718893051e+09
1.710794237686772108e+09
1.710794240677359104e+09
1.710794243667804956e+09
1.710794246635247946e+09
1.710794249602705956e+09
1.710794252570143938e+09
1.710794255537580967e+09
1.710794258505449057e+09
1.710794261473247051e+09
1.710794264441320896e+09
1.710794267409528017e+09
1.710794270377346992e+09
1.710794273345347881e+09
1.710794276312653065e+09
1.710794279279988050e+09
1.710794282247798920e+09
1.710794285215483904e+09
1.710794288183414936e+09
1.710794291151318073e+09
1.710794294118886948e+09
1.710794297086244106e+09
1.710794300053759098e+09
1.710794303023511887e+09
1.710794305989105940e+09
1.710794308956695080e+09
1.710794311924268007e+09
1.710794314891830921e+09
1.710794317860018015e+09
1.710794320828103065e+09
1.710794323819616079e+09
1.710794326788362980e+09
1.710794329779601097e+09
1.710794332747694016e+09
1.710794335715718031e+09
1.710794338683331013e+09
1.710794341651125908e+09
1.710794344619036913e+09
1.710794347610156059e+09
1.710794350578088045e+09
1.710794353546240091e+09
1.710794356515891075e+09
1.710794359482367039e+09
1.710794362449503899e+09
1.710794365417327881e+09
1.710794368385598898e+09
1.710794371354020119e+09
1.710794374321842909e+09
1.710794377289798975e+09
1.710794380258304119e+09
1.710794383225398064e+09
1.710794386193916082e+09
1.710794389162504911e+09
1.710794392131299973e+09
1.710794395100147963e+09
1.710794398070331097e+09
1.710794401036935091e+09
1.710794404007174015e+09
1.710794406973921061e+09
1.710794409943428040e+09
1.710794412910895109e+09
1.710794415879101992e+09
1.710794418847596884e+09
1.710794421816057920e+09
1.710794424784765959e+09
1.710794427753226995e+09
1.710794430721107006e+09
1.710794433689071894e+09
1.710794436656841993e+09
1.710794439624324083e+09
1.710794442591587067e+09
1.710794445559500933e+09
1.710794448527132988e+09
1.710794451494400024e+09
1.710794454462340117e+09
1.710794457430228949e+09
1.710794460398154020e+09
1.710794463389969110e+09
1.710794466360236883e+09
1.710794469326709032e+09
1.710794472294995070e+09
1.710794475263531923e+09
1.710794478231929064e+09
1.710794481200212002e+09
1.710794484168284893e+09
1.710794487137223005e+09
1.710794490103851080e+09
1.710794493073081970e+09
1.710794496039942026e+09
1.710794499009548903e+09
1.710794501975895882e+09
1.710794504944928885e+09
1.710794507912333965e+09
1.710794510880882025e+09
1.710794513848875046e+09
1.710794516817017078e+09
1.710794519785290956e+09
1.710794522753870964e+09
1.710794525722532988e+09
1.710794528690723896e+09
1.710794531658425093e+09
1.710794534626502991e+09
1.710794537594924927e+09
1.710794540564606905e+09
1.710794543532295942e+09
1.710794546501066923e+09
1.710794549469857931e+09
1.710794552461039066e+09
1.710794555429115057e+09
1.710794558397376060e+09
1.710794561365761995e+09
1.710794564333602905e+09
1.710794567302185059e+09
1.710794570270585060e+09
1.710794573238688946e+09
1.710794576206965923e+09
1.710794579174746037e+09
1.710794582167547941e+09
1.710794585134489059e+09
1.710794588105040073e+09
1.710794591071926117e+09
1.710794594040958881e+09
1.710794597009494066e+09
1.710794599978785992e+09
1.710794602948153019e+09
1.710794605915973902e+09
1.710794608884485006e+09
1.710794611852365971e+09
1.710794614843116999e+09
1.710794617833584070e+09
1.710794620801006079e+09
1.710794623768845081e+09
1.710794626760040998e+09
1.710794629728001118e+09
1.710794632695871115e+09
1.710794635663863897e+09
1.710794638631957054e+09
1.710794641600087881e+09
1.710794644567903996e+09
1.710794647559427977e+09
1.710794650528033972e+09
1.710794653496372938e+09
1.710794656464668036e+09
1.710794659457902908e+09
1.710794662425827026e+09
1.710794665394819975e+09
1.710794668364203930e+09
1.710794671333758116e+09
1.710794674302865028e+09
1.710794677271349907e+09
1.710794680239837885e+09
1.710794683208492994e+09
1.710794686176858902e+09
1.710794689145585060e+09
1.710794692114052057e+09
1.710794695082663059e+09
1.710794698051151037e+09
1.710794701020607948e+09
1.710794703988285065e+09
1.710794706958718061e+09
1.710794709925328016e+09
1.710794712893702984e+09
1.710794715862523079e+09
1.710794718831203938e+09
1.710794721800025940e+09
1.710794724769036055e+09
1.710794727737952948e+09
1.710794730706336021e+09
1.710794733674768925e+09
1.710794736643145084e+09
1.710794739611310005e+09
1.710794742579138994e+09
1.710794745547377110e+09
1.710794748515239000e+09
1.710794751482614994e+09
1.710794754450601101e+09
1.710794757419042110e+09
1.710794760387664080e+09
1.710794763357074976e+09
1.710794766324826956e+09
1.710794769293148994e+09
1.710794772261012077e+09
1.710794775229017973e+09
1.710794778197052002e+09
1.710794781165235043e+09
1.710794784135674953e+09
1.710794787102385998e+09
1.710794790072350025e+09
1.710794793039947987e+09
1.710794796009751081e+09
1.710794798976944923e+09
1.710794801945208073e+09
1.710794804913490057e+09
1.710794807905209064e+09
1.710794810873477936e+09
1.710794813842051983e+09
1.710794816810708046e+09
1.710794819779124975e+09
1.710794822747520924e+09
1.710794825738801956e+09
1.710794828707134008e+09
1.710794831675498962e+09
1.710794834643851042e+09
1.710794837612121105e+09
1.710794840580758095e+09
1.710794843549228907e+09
1.710794846517555952e+09
1.710794849486495018e+09
1.710794852455195904e+09
1.710794855424474001e+09
1.710794858392493963e+09
1.710794861361535072e+09
1.710794864330768108e+09
1.710794867300400972e+09
1.710794870270307064e+09
1.710794873239423037e+09
1.710794876207849979e+09
1.710794879180526972e+09
1.710794882145628929e+09
1.710794885116291046e+09
1.710794888106450081e+09
1.710794891075141907e+09
1.710794894043771029e+09
1.710794897013567924e+09
1.710794899981961966e+09
1.710794902950754881e+09
1.710794905917512894e+09
1.710794908885816097e+09
1.710794911854068041e+09
1.710794914822372913e+09
1.710794917790535927e+09
1.710794920759082079e+09
1.710794923727372885e+09
1.710794926696274996e+09
1.710794929664735079e+09
1.710794932633407116e+09
1.710794935602046967e+09
1.710794938570204020e+09
1.710794941538815975e+09
1.710794944507055998e+09
1.710794947475599051e+09
1.710794950444217920e+09
1.710794953412909985e+09
1.710794956382299900e+09
1.710794959351499081e+09
1.710794962320323944e+09
1.710794965288996935e+09
1.710794968257941961e+09
1.710794971227127075e+09
1.710794974195930004e+09
1.710794977164913893e+09
1.710794980133444071e+09
1.710794983102231979e+09
1.710794986072596073e+09
1.710794989039428949e+09
1.710794992009927034e+09
1.710794994977253914e+09
1.710794997947288036e+09
1.710795000915215015e+09
1.710795003884362936e+09
1.710795006853570938e+09
1.710795009822571039e+09
1.710795012791759014e+09
1.710795015760632038e+09
1.710795018729571104e+09
1.710795021698609114e+09
1.710795024667758942e+09
1.710795027636403084e+09
1.710795030605077982e+09
1.710795033596991062e+09
1.710795036566265106e+09
1.710795039535442114e+09
1.710795042504724979e+09
1.710795045474270105e+09
1.710795048443578005e+09
1.710795051412776947e+09
1.710795054381323099e+09
1.710795057349725008e+09
1.710795060318270922e+09
1.710795063286983013e+09
1.710795066255548954e+09
1.710795069247469902e+09
1.710795072239250898e+09
1.710795075208066940e+09
1.710795078176455975e+09
1.710795081168049097e+09
1.710795084136665106e+09
1.710795087105858088e+09
1.710795090074302912e+09
1.710795093043083906e+09
1.710795096011148930e+09
1.710795099003092051e+09
1.710795101971827030e+09
1.710795104940470934e+09
1.710795107909301043e+09
1.710795110878115892e+09
1.710795113846776009e+09
1.710795116815735102e+09
1.710795119784693003e+09
1.710795122753706932e+09
1.710795125722776890e+09
1.710795128691700935e+09
1.710795131660356045e+09
1.710795134628844976e+09
1.710795137597640991e+09
1.710795140567121029e+09
1.710795143535641909e+09
1.710795146505330086e+09
1.710795149475198030e+09
1.710795152444902897e+09
1.710795155437139988e+09
1.710795158405630112e+09
1.710795161374342918e+09
1.710795164343024015e+09
1.710795167311438084e+09
1.710795170279514074e+09
1.710795173247819901e+09
1.710795176216176033e+09
1.710795179208482981e+09
1.710795182177273035e+09
1.710795185145751953e+09
1.710795188115355015e+09
1.710795191083848953e+09
1.710795194054106951e+09
1.710795197021372080e+09
1.710795199991426945e+09
1.710795202958683968e+09
1.710795205928802967e+09
1.710795208895576954e+09
1.710795211864343882e+09
1.710795214832861900e+09
1.710795217800935030e+09
1.710795220769289970e+09
1.710795223737588882e+09
1.710795226706036091e+09
1.710795229674304962e+09
1.710795232642891884e+09
1.710795235610991955e+09
1.710795238578982115e+09
1.710795241547182083e+09
1.710795244516124010e+09
1.710795247485007048e+09
1.710795250477155924e+09
1.710795253446002960e+09
1.710795256414807081e+09
1.710795259383752108e+09
1.710795262352256060e+09
1.710795265320794106e+09
1.710795268289635897e+09
1.710795271259114981e+09
1.710795274228053093e+09
1.710795277197480917e+09
1.710795280167097092e+09
1.710795283136275053e+09
1.710795286106003046e+09
1.710795289075650930e+09
1.710795292068245888e+09
1.710795295061335087e+09
1.710795298030774117e+09
1.710795301000847101e+09
1.710795303969396114e+09
1.710795306941194057e+09
1.710795309909539938e+09
1.710795312879581928e+09
1.710795315849323988e+09
1.710795318818449020e+09
1.710795321787446022e+09
1.710795324756418943e+09
1.710795327725220919e+09
1.710795330694798946e+09
1.710795333662676096e+09
1.710795336631566048e+09
1.710795339600231886e+09
1.710795342568403959e+09
1.710795345536670923e+09
1.710795348505054951e+09
1.710795351473364115e+09
1.710795354442567110e+09
1.710795357411007881e+09
1.710795360380295992e+09
1.710795363349138021e+09
1.710795366317591906e+09
1.710795369285810947e+09
1.710795372277638912e+09
1.710795375269712925e+09
1.710795378238502026e+09
1.710795381207156897e+09
1.710795384177237034e+09
1.710795387144692898e+09
1.710795390114361048e+09
1.710795393081459045e+09
1.710795396050050020e+09
1.710795399018428087e+09
1.710795401987474918e+09
1.710795404954305887e+09
1.710795407946099043e+09
1.710795410914321899e+09
1.710795413882805109e+09
1.710795416851381063e+09
1.710795419819758892e+09
1.710795422787898064e+09
1.710795425756426096e+09
1.710795428725131035e+09
1.710795431693826914e+09
1.710795434662456989e+09
1.710795437631244898e+09
1.710795440599936008e+09
1.710795443591655970e+09
1.710795446559684992e+09
1.710795449528163910e+09
1.710795452496404886e+09
1.710795455464900970e+09
1.710795458433461905e+09
1.710795461402199030e+09
1.710795464370784998e+09
1.710795467339624882e+09
1.710795470308382034e+09
1.710795473300270081e+09
1.710795476269057035e+09
1.710795479237901926e+09
1.710795482206841946e+09
1.710795485175529957e+09
1.710795488144489050e+09
1.710795491112941027e+09
1.710795494081618071e+09
1.710795497050734997e+09
1.710795500019484997e+09
1.710795502988763094e+09
1.710795505956432104e+09
1.710795508926459074e+09
1.710795511892720938e+09
1.710795514884238005e+09
1.710795517853014946e+09
1.710795520821784019e+09
1.710795523790241003e+09
1.710795526758421898e+09
1.710795529726442099e+09
1.710795532694519043e+09
1.710795535663394928e+09
1.710795538633013964e+09
1.710795541602570057e+09
1.710795544571974993e+09
1.710795547541590929e+09
1.710795550511775017e+09
1.710795553481726885e+09
1.710795556451958895e+09
1.710795559444897890e+09
1.710795562414566994e+09
1.710795565383886099e+09
1.710795568353125095e+09
1.710795571322469950e+09
1.710795574291750908e+09
1.710795577261203051e+09
1.710795580230984926e+09
1.710795583200995922e+09
1.710795586170815945e+09
1.710795589140738010e+09
1.710795592110707998e+09
1.710795595080137968e+09
1.710795598050355911e+09
1.710795601020021915e+09
1.710795603990823030e+09
1.710795606957448959e+09
1.710795609927417994e+09
1.710795612895153046e+09
1.710795615863428116e+09
1.710795618832123995e+09
1.710795621799969912e+09
1.710795624768445015e+09
1.710795627737265110e+09
1.710795630705691099e+09
1.710795633674531937e+09
1.710795636643275023e+09
1.710795639613518000e+09
1.710795642583329916e+09
1.710795645553467035e+09
1.710795648523439884e+09
1.710795651493110895e+09
1.710795654462884903e+09
1.710795657433321953e+09
1.710795660403491974e+09
1.710795663373347044e+09
1.710795666343293905e+09
1.710795669312942028e+09
1.710795672281884909e+09
1.710795675250798941e+09
1.710795678219645023e+09
1.710795681188808918e+09
1.710795684157872915e+09
1.710795687126595020e+09
1.710795690095904112e+09
1.710795693064785004e+09
1.710795696033587933e+09
1.710795699026083946e+09
1.710795701994952917e+09
1.710795704963876963e+09
1.710795707932775974e+09
1.710795710901293993e+09
1.710795713871462107e+09
1.710795716838531971e+09
1.710795719807297945e+09
1.710795722775883913e+09
1.710795725744518995e+09
1.710795728713052988e+09
1.710795731681628942e+09
1.710795734650389910e+09
1.710795737618947029e+09
1.710795740587313890e+09
1.710795743555401087e+09
1.710795746523817062e+09
1.710795749515810966e+09
1.710795752529624939e+09
1.710795755521171093e+09
1.710795758488945961e+09
1.710795761457139015e+09
1.710795764426105976e+09
1.710795767394565105e+09
1.710795770362617970e+09
1.710795773330598116e+09
1.710795776298954964e+09
1.710795779267101049e+09
1.710795782235389948e+09
1.710795785203447104e+09
1.710795788194503069e+09
1.710795791162775993e+09
1.710795794130760908e+09
1.710795797098957062e+09
1.710795800066911936e+09
1.710795803035175085e+09
1.710795806003331900e+09
1.710795808971276999e+09
1.710795811939558983e+09
1.710795814907387972e+09
1.710795817875564098e+09
1.710795820844528913e+09
1.710795823812819004e+09
1.710795826780781984e+09
1.710795829772463083e+09
1.710795832763191938e+09
1.710795835731779099e+09
1.710795838700217962e+09
1.710795841668176889e+09
1.710795844636612892e+09
1.710795847605113029e+09
1.710795850573569059e+09
1.710795853542620897e+09
1.710795856510065079e+09
1.710795859478544950e+09
1.710795862446748972e+09
1.710795865415580034e+09
1.710795868384011030e+09
1.710795871352165937e+09
1.710795874320144892e+09
1.710795877288120031e+09
1.710795880257234097e+09
1.710795883224080086e+09
1.710795886191960096e+09
1.710795889159941912e+09
1.710795892127743959e+09
1.710795895095582962e+09
1.710795898063473940e+09
1.710795901031234026e+09
1.710795903998780966e+09
1.710795906968775034e+09
1.710795909957967043e+09
1.710795912925738096e+09
1.710795915940148115e+09
1.710795918908011913e+09
1.710795921876075983e+09
1.710795924843808889e+09
1.710795927811796904e+09
1.710795930780076981e+09
1.710795933771732092e+09
1.710795936740019083e+09
1.710795939708313942e+09
1.710795942676712036e+09
1.710795945645056963e+09
1.710795948613066912e+09
1.710795951581310034e+09
1.710795954549755096e+09
1.710795957518106937e+09
1.710795960486419916e+09
1.710795963454493046e+09
1.710795966422692060e+09
1.710795969413856983e+09
1.710795972381961107e+09
1.710795975350321054e+09
1.710795978319259882e+09
1.710795981287992001e+09
1.710795984256597996e+09
1.710795987225085974e+09
1.710795990193331003e+09
1.710795993161325932e+09
1.710795996152460098e+09
1.710795999170564890e+09
1.710796002158159971e+09
1.710796005126138926e+09
1.710796008094499111e+09
1.710796011062880039e+09
1.710796014030798912e+09
1.710796016998996019e+09
1.710796019967381001e+09
1.710796022935708046e+09
1.710796025904387951e+09
1.710796028873002052e+09
1.710796031841372013e+09
1.710796034810148001e+09
1.710796037778707027e+09
1.710796040747549057e+09
1.710796043715559006e+09
1.710796046683931112e+09
1.710796049652467012e+09
1.710796052621056080e+09
1.710796055588891983e+09
1.710796058557730913e+09
1.710796061526535034e+09
1.710796064495235920e+09
1.710796067533879995e+09
1.710796070502960920e+09
1.710796073471860886e+09
1.710796076440604925e+09
1.710796079409127951e+09
1.710796082377558947e+09
1.710796085346822023e+09
1.710796088315289974e+09
1.710796091283027887e+09
1.710796094251231909e+09
1.710796097219177961e+09
1.710796100188049078e+09
1.710796103158174038e+09
1.710796106130192041e+09
1.710796109095997095e+09
1.710796112072712898e+09
1.710796115034293890e+09
1.710796118006007910e+09
1.710796120972642899e+09
1.710796123942198038e+09
1.710796126911062002e+09
1.710796129880281925e+09
1.710796132849519968e+09
1.710796135818989992e+09
1.710796138788518906e+09
1.710796141781805038e+09
1.710796144750925064e+09
1.710796147720832109e+09
1.710796150690409899e+09
1.710796153659890890e+09
1.710796156629472017e+09
1.710796159599469900e+09
1.710796162568522930e+09
1.710796165538099051e+09
1.710796168506799936e+09
1.710796171475131989e+09
1.710796174443648100e+09
1.710796177411390066e+09
1.710796180379467010e+09
1.710796183347429037e+09
1.710796186315432072e+09
1.710796189283586979e+09
1.710796192252065897e+09
1.710796195243801117e+09
1.710796198211529970e+09
1.710796201179748058e+09
1.710796204147639990e+09
1.710796207115878105e+09
1.710796210083834887e+09
1.710796213055130005e+09
1.710796216043606043e+09
1.710796219061472893e+09
1.710796222026036024e+09
1.710796224997102976e+09
1.710796227962646008e+09
1.710796230933438063e+09
1.710796233898724079e+09
1.710796236866715908e+09
1.710796239834727049e+09
1.710796242802838087e+09
1.710796245770281076e+09
1.710796248737818003e+09
1.710796251705557108e+09
1.710796254697570086e+09
1.710796257666455030e+09
1.710796260635248899e+09
1.710796263604561090e+09
1.710796266571319103e+09
1.710796269539340019e+09
1.710796272507462025e+09
1.710796275475052118e+09
1.710796278443095922e+09
1.710796281410875082e+09
1.710796284378834009e+09
1.710796287346357107e+09
1.710796290314390898e+09
1.710796293282185078e+09
1.710796296273430109e+09
1.710796299241493940e+09
1.710796302209369898e+09
1.710796305176975965e+09
1.710796308148478031e+09
1.710796311112461090e+09
1.710796314079898119e+09
1.710796317047350883e+09
1.710796320017226934e+09
1.710796323005163908e+09
1.710796325975301027e+09
1.710796328939913988e+09
1.710796331917293072e+09
1.710796334898513079e+09
1.710796337889928102e+09
1.710796340857791901e+09
1.710796343825615883e+09
1.710796346793988943e+09
1.710796349761297941e+09
1.710796352729167938e+09
1.710796355697065115e+09
1.710796358665040016e+09
1.710796361632675886e+09
1.710796364600331068e+09
1.710796367568238974e+09
1.710796370536742926e+09
1.710796373505369902e+09
1.710796376496730089e+09
1.710796379465050936e+09
1.710796382432965994e+09
1.710796385401407957e+09
1.710796388369935036e+09
1.710796391337805033e+09
1.710796394305402994e+09
1.710796397273034096e+09
1.710796400240377903e+09
1.710796403208193064e+09
1.710796406198657990e+09
1.710796409166043997e+09
1.710796412133796930e+09
1.710796415102619886e+09
1.710796418069727898e+09
1.710796421036979914e+09
1.710796424027585030e+09
1.710796426996864080e+09
1.710796429962830067e+09
1.710796432932301998e+09
1.710796435898509026e+09
1.710796438866717100e+09
1.710796441835093021e+09
1.710796444803335905e+09
1.710796447771297932e+09
1.710796450739142895e+09
1.710796453706999063e+09
1.710796456721879005e+09
1.710796459690107107e+09
1.710796462658323050e+09
1.710796465626305103e+09
1.710796468594549894e+09
1.710796471563025951e+09
1.710796474531092882e+09
1.710796477499617100e+09
1.710796480467654943e+09
1.710796483435751915e+09
1.710796486403474092e+09
1.710796489371347904e+09
1.710796492339952946e+09
1.710796495330574036e+09
1.710796498298995018e+09
1.710796501289711952e+09
1.710796504257318974e+09
1.710796507225225925e+09
1.710796510193085909e+09
1.710796513160875082e+09
1.710796516129204035e+09
1.710796519097064018e+09
1.710796522064338923e+09
1.710796525055751085e+09
1.710796528023052931e+09
1.710796530990812063e+09
1.710796533958405018e+09
1.710796536926203966e+09
1.710796539894331932e+09
1.710796542862205982e+09
1.710796545830099106e+09
1.710796548798096895e+09
1.710796551765430927e+09
1.710796554732757092e+09
1.710796557700148106e+09
1.710796560667682886e+09
1.710796563658763885e+09
1.710796566626156092e+09
1.710796569593954086e+09
1.710796572561731100e+09
1.710796575529838085e+09
1.710796578497512102e+09
1.710796581465424061e+09
1.710796584433327913e+09
1.710796587401364088e+09
1.710796590392600060e+09
1.710796593361085892e+09
1.710796596329158068e+09
1.710796599297194004e+09
1.710796602265250921e+09
1.710796605233083963e+09
1.710796608201298952e+09
1.710796611169102907e+09
1.710796614137276888e+09
1.710796617105432987e+09
1.710796620073493958e+09
1.710796623041299105e+09
1.710796626009424925e+09
1.710796628976883888e+09
1.710796631967135906e+09
1.710796634934588909e+09
1.710796637902337074e+09
1.710796640869693995e+09
1.710796643837320089e+09
1.710796646804887056e+09
1.710796649772751093e+09
1.710796652740842104e+09
1.710796655708725929e+09
1.710796658700176001e+09
1.710796661667784929e+09
1.710796664635411978e+09
1.710796667602900028e+09
1.710796670570702076e+09
1.710796673538682938e+09
1.710796676506124973e+09
1.710796679473987103e+09
1.710796682441832066e+09
1.710796685410092115e+09
1.710796688378092051e+09
1.710796691345861912e+09
1.710796694313700914e+09
1.710796697304716110e+09
1.710796700272650957e+09
1.710796703264980078e+09
1.710796706231405020e+09
1.710796709199213982e+09
1.710796712168095112e+09
1.710796715136693001e+09
1.710796718105178118e+09
1.710796721073460102e+09
1.710796724042990923e+09
1.710796727010447979e+09
1.710796729980335951e+09
1.710796732946238995e+09
1.710796735914206028e+09
1.710796738882200956e+09
1.710796741850091934e+09
1.710796744818245888e+09
1.710796747786772013e+09
1.710796750777285099e+09
1.710796753745841980e+09
1.710796756714664936e+09
1.710796759683536053e+09
1.710796762652188063e+09
1.710796765620902061e+09
1.710796768589792013e+09
1.710796771558396101e+09
1.710796774527298927e+09
1.710796777495290995e+09
1.710796780487389088e+09
1.710796783456387997e+09
1.710796786425329924e+09
1.710796789394542933e+09
1.710796792386459112e+09
1.710796795354914904e+09
1.710796798323313951e+09
1.710796801292315960e+09
1.710796804284233093e+09
1.710796807253130913e+09
1.710796810222053051e+09
1.710796813190536976e+09
1.710796816159195900e+09
1.710796819127655983e+09
1.710796822119030952e+09
1.710796825087529898e+09
1.710796828055922985e+09
1.710796831024629116e+09
1.710796833992783070e+09
1.710796836962177038e+09
1.710796840022913933e+09
1.710796842991542101e+09
1.710796845960738897e+09
1.710796848952544928e+09
1.710796851921112061e+09
1.710796854889599085e+09
1.710796857881032944e+09
1.710796860849934101e+09
1.710796863818530083e+09
1.710796866787147999e+09
1.710796869756036043e+09
1.710796872724720955e+09
1.710796875692825079e+09
1.710796878661168098e+09
1.710796881629271030e+09
1.710796884620767117e+09
1.710796887589273930e+09
1.710796890557568073e+09
1.710796893526128054e+09
1.710796896494241953e+09
1.710796899462380886e+09
1.710796902430433989e+09
1.710796905398236036e+09
1.710796908366251945e+09
1.710796911334052086e+09
1.710796914302315950e+09
1.710796917294115067e+09
1.710796920262479067e+09
1.710796923230504990e+09
1.710796926198445082e+09
1.710796929167484999e+09
1.710796932137516975e+09
1.710796935108180046e+09
1.710796938076822042e+09
1.710796941046968937e+09
1.710796944016057014e+09
1.710796946989639044e+09
1.710796949954225063e+09
1.710796952924702883e+09
1.710796955892169952e+09
1.710796958861210108e+09
1.710796961829996109e+09
1.710796964798868895e+09
1.710796967767935991e+09
1.710796970736680984e+09
1.710796973705041885e+09
1.710796976674015999e+09
1.710796979642294884e+09
1.710796982610831976e+09
1.710796985580351114e+09
1.710796988549843073e+09
1.710796991517972946e+09
1.710796994509392977e+09
1.710796997477572918e+09
1.710797000445852995e+09
1.710797003414880991e+09
1.710797006382584095e+09
1.710797009351177931e+09
1.710797012319665909e+09
1.710797015287933111e+09
1.710797018256598949e+09
1.710797021225209951e+09
1.710797024194123983e+09
1.710797027162595034e+09
1.710797030131478071e+09
1.710797033099843025e+09
1.710797036092034101e+09
1.710797039060698032e+09
1.710797042031131029e+09
1.710797044998078108e+09
1.710797047966823101e+09
1.710797050935199976e+09
1.710797053903676033e+09
1.710797056872188091e+09
1.710797059886702061e+09
1.710797062854708910e+09
1.710797065823491096e+09
1.710797068792510986e+09
1.710797071761305094e+09
1.710797074730205059e+09
1.710797077698744059e+09
1.710797080667407036e+09
1.710797083635555983e+09
1.710797086603863955e+09
1.710797089573067904e+09
1.710797092540343046e+09
1.710797095508596897e+09
1.710797098476834059e+09
1.710797101445553064e+09
1.710797104414313078e+09
1.710797107382731915e+09
1.710797110350904942e+09
1.710797113319127083e+09
1.710797116287014961e+09
1.710797119255496025e+09
1.710797122223036051e+09
1.710797125191519976e+09
1.710797128159981966e+09
1.710797131129160881e+09
1.710797134096164942e+09
1.710797137064043045e+09
1.710797140031974077e+09
1.710797142999876976e+09
1.710797145967854977e+09
1.710797148959552050e+09
1.710797151928057909e+09
1.710797154896495104e+09
1.710797157887950897e+09
1.710797160856302023e+09
1.710797163824592113e+09
1.710797166792582989e+09
1.710797169760375023e+09
1.710797172728230000e+09
1.710797175696037054e+09
1.710797178664113998e+09
1.710797181631865978e+09
1.710797184600127935e+09
1.710797187568432093e+09
1.710797190536533117e+09
1.710797193504560947e+09
1.710797196496083021e+09
1.710797199464212894e+09
1.710797202432482004e+09
1.710797205402122974e+09
1.710797208368613005e+09
1.710797211336947918e+09
1.710797214305237055e+09
1.710797217296477079e+09
1.710797220264718056e+09
1.710797223232531071e+09
1.710797226200700045e+09
1.710797229169156075e+09
1.710797232137800932e+09
1.710797235105705023e+09
1.710797238073915005e+09
1.710797241064953089e+09
1.710797244056205034e+09
1.710797247024051905e+09
1.710797249993033886e+09
1.710797252960962057e+09
1.710797255928385019e+09
1.710797258896922112e+09
1.710797261866041899e+09
1.710797264834918976e+09
1.710797267803404093e+09
1.710797270772075891e+09
1.710797273740756989e+09
1.710797276709575891e+09
1.710797279678181887e+09
1.710797282646820068e+09
1.710797285638370037e+09
1.710797288607764006e+09
1.710797291576025963e+09
1.710797294544704914e+09
1.710797297513452053e+09
1.710797300482045889e+09
1.710797303450582027e+09
1.710797306418550968e+09
1.710797309386970997e+09
1.710797312355360031e+09
1.710797315323988914e+09
1.710797318292327881e+09
1.710797321260878086e+09
1.710797324229231119e+09
1.710797327220819950e+09
1.710797330189122915e+09
1.710797333158873081e+09
1.710797336125561953e+09
1.710797339094038963e+09
1.710797342062058926e+09
1.710797345030745983e+09
1.710797347998446941e+09
1.710797350966234922e+09
1.710797353934115887e+09
1.710797356902158976e+09
1.710797359870455027e+09
1.710797362838759899e+09
1.710797365807251930e+09
1.710797368799388885e+09
1.710797371768326998e+09
1.710797374736624002e+09
1.710797377704983950e+09
1.710797380673250914e+09
1.710797383641725063e+09
1.710797386610485077e+09
1.710797389578752041e+09
1.710797392547425032e+09
1.710797395516334057e+09
1.710797398484994888e+09
1.710797401477018118e+09
1.710797404446141958e+09
1.710797407415169001e+09
1.710797410384082079e+09
1.710797413352817059e+09
1.710797416321428061e+09
1.710797419290220976e+09
1.710797422258491039e+09
1.710797425226615906e+09
1.710797428194798946e+09
1.710797431165102959e+09
1.710797434131634951e+09
1.710797437101141930e+09
1.710797440069185972e+09
1.710797443061400890e+09
1.710797446052757978e+09
1.710797449021183968e+09
1.710797451989790916e+09
1.710797454958503962e+09
1.710797457926652908e+09
1.710797460894841909e+09
1.710797463863080978e+09
1.710797466854695082e+09
1.710797469823249102e+09
1.710797472791944981e+09
1.710797475762388945e+09
1.710797478729774952e+09
1.710797481698343039e+09
1.710797484666976929e+09
1.710797487635307074e+09
1.710797490603740931e+09
1.710797493572021008e+09
1.710797496540218115e+09
1.710797499508374929e+09
1.710797502476789951e+09
1.710797505445008039e+09
1.710797508413405895e+09
1.710797511382143974e+09
1.710797514374015093e+09
1.710797517342600107e+09
1.710797520311127901e+09
1.710797523279597998e+09
1.710797526248255968e+09
1.710797529216788054e+09
1.710797532185594082e+09
1.710797535154170036e+09
1.710797538145934105e+09
1.710797541114238977e+09
1.710797544084860086e+09
1.710797547051211119e+09
1.710797550020987034e+09
1.710797552988467932e+09
1.710797555958674908e+09
1.710797558925597906e+09
1.710797561894212961e+09
1.710797564862876892e+09
1.710797567831780910e+09
1.710797570800893068e+09
1.710797573770237923e+09
1.710797576762392998e+09
1.710797579754692078e+09
1.710797582746078968e+09
1.710797585714478970e+09
1.710797588682847023e+09
1.710797591651221991e+09
1.710797594619436979e+09
1.710797597587589025e+09
1.710797600555900097e+09
1.710797603524180889e+09
1.710797606493031979e+09
1.710797609461622953e+09
1.710797612430593014e+09
1.710797615400482893e+09
1.710797618367918968e+09
1.710797621336884022e+09
1.710797624305982113e+09
1.710797627274434090e+09
1.710797630243120909e+09
1.710797633211854935e+09
1.710797636180833101e+09
1.710797639150032043e+09
1.710797642119282007e+09
1.710797645088341951e+09
1.710797648057305098e+09
1.710797651026572943e+09
1.710797653996602058e+09
1.710797656964462996e+09
1.710797659934206963e+09
1.710797662901200056e+09
1.710797665869779110e+09
1.710797668838361025e+09
1.710797671806947947e+09
1.710797674410161972e+09
