1.709919405326828957e+09
1.709919407413100958e+09
1.709919409655925989e+09
1.709919411711227894e+09
1.709919413762048006e+09
1.709919416125467062e+09
1.709919418469439983e+09
1.709919420524588108e+09
1.709919422582549095e+09
1.709919424852272034e+09
1.709919427217437983e+09
1.709919429564954996e+09
1.709919431912403107e+09
1.709919434276417971e+09
1.709919436642493010e+09
1.709919439013920069e+09
1.709919441377944946e+09
1.709919443736788988e+09
1.709919446104212999e+09
1.709919448455106020e+09
1.709919450804357052e+09
1.709919453176434994e+09
1.709919455536504030e+09
1.709919457893078089e+09
1.709919460224699974e+09
1.709919462575459003e+09
1.709919464935722113e+09
1.709919467302203894e+09
1.709919469663944006e+09
1.709919472013087988e+09
1.709919474093760967e+09
1.709919476148945093e+09
1.709919478367981911e+09
1.709919480454807043e+09
1.709919482546792030e+09
1.709919484776381016e+09
1.709919487151603937e+09
1.709919489550894022e+09
1.709919491935414076e+09
1.709919494305792093e+09
1.709919496664988041e+09
1.709919499032531977e+09
1.709919501408382893e+09
1.709919503782977104e+09
1.709919506154464960e+09
1.709919508518567085e+09
1.709919510879707098e+09
1.709919512985580921e+09
1.709919515047878981e+09
1.709919517239104033e+09
1.709919519342148066e+09
1.709919521396522999e+09
1.709919523619533062e+09
1.709919525997698069e+09
1.709919528364774942e+09
1.709919530440579891e+09
1.709919532499424934e+09
1.709919534725620031e+09
1.709919537097569942e+09
1.709919539164782047e+09
1.709919541217299938e+09
1.709919543473346949e+09
1.709919545858256102e+09
1.709919548249691010e+09
1.709919550612951040e+09
1.709919552989857912e+09
1.709919555345170021e+09
1.709919557717956066e+09
1.709919560081672907e+09
1.709919562443361998e+09
1.709919564818034887e+09
1.709919567165802956e+09
1.709919569545675039e+09
1.709919571930124044e+09
1.709919574300153017e+09
1.709919576670651913e+09
1.709919579037921906e+09
1.709919581412595034e+09
1.709919583498356104e+09
1.709919585561252117e+09
1.709919587790276051e+09
1.709919590163898945e+09
1.709919592531974077e+09
1.709919594901520967e+09
1.709919596969580889e+09
1.709919599028676987e+09
1.709919601250339985e+09
1.709919603451881886e+09
1.709919605530251026e+09
1.709919607638147116e+09
1.709919609722067118e+09
1.709919611780287027e+09
1.709919614013937950e+09
1.709919616376112938e+09
1.709919618777479887e+09
1.709919621127027988e+09
1.709919623500636101e+09
1.709919625864727020e+09
1.709919628240879059e+09
1.709919630607180119e+09
1.709919632982804060e+09
1.709919635077325106e+09
1.709919637132525921e+09
1.709919639402904987e+09
1.709919641802472115e+09
1.709919644184314966e+09
1.709919646556935072e+09
1.709919648619921923e+09
1.709919650679898024e+09
1.709919652932033062e+09
1.709919655317728043e+09
1.709919657686414957e+09
1.709919660061980009e+09
1.709919662444871902e+09
1.709919664808866978e+09
1.709919666883462906e+09
1.709919668953619957e+09
1.709919671177704096e+09
1.709919673467833996e+09
1.709919675532139063e+09
1.709919677592145920e+09
1.709919679681690931e+09
1.709919681746959925e+09
1.709919683960020065e+09
1.709919686366641045e+09
1.709919688747347116e+09
1.709919691146847963e+09
1.709919693513921976e+09
1.709919695896579981e+09
1.709919698257148981e+09
1.709919700638662100e+09
1.709919703001878977e+09
1.709919705384562016e+09
1.709919707468257904e+09
1.709919709528057098e+09
1.709919711771365881e+09
1.709919714144548893e+09
1.709919716245661020e+09
1.709919718330144882e+09
1.709919720581857920e+09
1.709919722957094908e+09
1.709919725055622101e+09
1.709919727131849051e+09
1.709919729383395910e+09
1.709919731748934984e+09
1.709919734112714052e+09
1.709919736496984005e+09
1.709919738869522095e+09
1.709919741244843006e+09
1.709919743337723970e+09
1.709919745396925926e+09
1.709919747636908054e+09
1.709919750002358913e+09
1.709919752396862984e+09
1.709919754763993979e+09
1.709919757146720886e+09
1.709919759531200886e+09
1.709919761929070950e+09
1.709919764300749063e+09
1.709919766680459023e+09
1.709919769061984062e+09
1.709919771452721119e+09
1.709919773826844931e+09
1.709919775909035921e+09
1.709919777960645914e+09
1.709919780215630054e+09
1.709919782589756012e+09
1.709919784993212938e+09
1.709919787388668060e+09
1.709919789793663025e+09
1.709919792167783976e+09
1.709919794271800041e+09
1.709919796339533091e+09
1.709919798603863955e+09
1.709919800992979050e+09
1.709919803362193108e+09
1.709919805735202074e+09
1.709919808124099970e+09
1.709919810534452915e+09
1.709919812918555975e+09
1.709919815317007065e+09
1.709919817704122066e+09
1.709919820075213909e+09
1.709919822169982910e+09
1.709919824246650934e+09
1.709919826491683006e+09
1.709919828872627974e+09
1.709919831246813059e+09
1.709919833652213097e+09
1.709919836025165081e+09
1.709919838465791941e+09
1.709919840549371958e+09
1.709919842624692917e+09
1.709919844718252897e+09
1.709919846797986031e+09
1.709919848921005011e+09
1.709919851317662954e+09
1.709919853646061897e+09
1.709919855732584000e+09
1.709919857804753065e+09
1.709919860118515015e+09
1.709919862494455099e+09
1.709919864883562088e+09
1.709919867284053087e+09
1.709919869674139023e+09
1.709919872059063911e+09
1.709919874428236008e+09
1.709919876801266909e+09
1.709919879182337999e+09
1.709919881355884075e+09
1.709919883438123941e+09
1.709919885621974945e+09
1.709919888027220011e+09
1.709919890421875954e+09
1.709919892805105925e+09
1.709919895209431887e+09
1.709919897596426964e+09
1.709919899984945059e+09
1.709919902400687933e+09
1.709919904514837027e+09
1.709919906597069979e+09
1.709919908874372959e+09
1.709919911254323959e+09
1.709919913632430077e+09
1.709919916042274952e+09
1.709919918418332100e+09
1.709919920805758953e+09
1.709919923188297033e+09
1.709919925581399918e+09
1.709919927969744921e+09
1.709919930355633974e+09
1.709919932753978968e+09
1.709919935124854088e+09
1.709919937518551111e+09
1.709919939626806021e+09
1.709919941705288887e+09
1.709919943966027975e+09
1.709919946061783075e+09
1.709919948148757935e+09
1.709919950420211077e+09
1.709919952794601917e+09
1.709919955176980972e+09
1.709919957575232029e+09
1.709919959963464022e+09
1.709919962362855911e+09
1.709919964753882885e+09
1.709919967156768084e+09
1.709919969548451900e+09
1.709919971919514894e+09
1.709919974342498064e+09
1.709919976762118101e+09
1.709919979191342115e+09
1.709919981573539019e+09
1.709919983744002104e+09
1.709919985825892925e+09
1.709919988106309891e+09
1.709919990533220053e+09
1.709919992738154888e+09
1.709919994822082996e+09
1.709919997027168989e+09
1.709919999427573919e+09
1.709920001587894917e+09
1.709920003693850994e+09
1.709920004968756914e+09
