1.704317665099348068e+09
1.704317687632729053e+09
1.704317710586916924e+09
1.704317733558953047e+09
1.704317756531986952e+09
1.704317779486327887e+09
1.704317802107701063e+09
1.704317824659240961e+09
1.704317847561671019e+09
1.704317870487829924e+09
1.704317893402823925e+09
1.704317915927707911e+09
1.704317938465511084e+09
1.704317961357080936e+09
1.704317984299408913e+09
1.704318006822000027e+09
1.704318029727267027e+09
1.704318052661572933e+09
1.704318075607376099e+09
1.704318098543548107e+09
1.704318121484136105e+09
1.704318144424736977e+09
1.704318167345978975e+09
1.704318189913501024e+09
1.704318212833949089e+09
1.704318235745481968e+09
1.704318244881344080e+09
