-1.795320271123283101e-02
-1.907080524617192629e-02
-1.883094071872285641e-02
-1.935011759808320797e-02
-1.768780279168242348e-02
-1.579160652682478835e-02
-1.483643224792534528e-02
-1.561547928491141372e-02
-1.499709463703282307e-02
-1.629154548368583547e-02
-1.498382534033264497e-02
-1.808082419717576064e-02
-1.473939753710544996e-02
-1.879648815622570260e-02
-1.974144311397124998e-02
-1.701667982143013902e-02
-1.951180295250646082e-02
-1.694738770619363954e-02
-1.968998444386783897e-02
-1.555933437882976202e-02
-1.510211451759342453e-02
-1.454767781298231012e-02
-1.572338866016796677e-02
-1.761430471810318532e-02
-1.577537231778776416e-02
-1.578941996399966380e-02
-2.152020726270798684e-02
-1.528500094816134629e-02
-1.544646624671205774e-02
-1.504856975468752550e-02
-1.587872533191290667e-02
-1.442298200563465853e-02
-1.783433879502256333e-02
-1.414638091008781594e-02
-1.824779842484446427e-02
-1.574143996727010025e-02
-1.597101538034915308e-02
-1.610845720611371254e-02
-1.260657476002191406e-02
-1.705075419478509907e-02
-2.015475717914861145e-02
-1.612888210756112037e-02
-1.510407577975560536e-02
-1.677328148305918393e-02
-1.595868160553694584e-02
-2.167099047658475192e-02
-1.654198028356144989e-02
-1.519287390219490122e-02
-1.785011684006041280e-02
-1.885341774554974079e-02
-1.650750951414364440e-02
-1.663480539994121807e-02
-1.507171740814026127e-02
-1.435697443445604210e-02
-1.759934851387816995e-02
-1.614382186211925016e-02
-1.889076567728002407e-02
-1.786738177670968084e-02
-1.518999678931572984e-02
-1.454053640198959933e-02
-1.627030013452852170e-02
-2.057693961394568838e-02
-1.528914518540465221e-02
-1.750852407433590302e-02
-1.670353387498605541e-02
-1.413292150842201771e-02
-1.589205876179872884e-02
-1.556376902115712627e-02
-1.406893525713926937e-02
-1.523334539032590064e-02
-2.038505628960240665e-02
-1.609610951544419508e-02
-1.762327302465241385e-02
-1.798447287390500526e-02
-1.743295871917644596e-02
-1.680457156543175429e-02
-1.827027385058114725e-02
-1.443205477808839031e-02
-1.745422392261629721e-02
-1.503414782925861261e-02
-1.743710105530651283e-02
-1.689343389794934966e-02
-1.414144226112284790e-02
-1.444340142799564221e-02
-1.707939784126591073e-02
-1.479215027000235771e-02
-1.326871044595636859e-02
-1.682505337515124294e-02
-1.450829936754123410e-02
-1.532387312485733802e-02
-1.597624393362422762e-02
-1.614342916731031224e-02
-1.660340285058363799e-02
-1.592762063247114140e-02
-1.512087935840667093e-02
-1.612932261374816836e-02
-1.922122210973623360e-02
-1.582017283569875712e-02
-1.767101423257718545e-02
-1.439519251758455270e-02
-1.415194683147095317e-02
-1.497569922834617907e-02
-1.931400962770762897e-02
-1.812691968410985385e-02
-1.520464404770811850e-02
-1.752196086723729895e-02
-1.591674377306927582e-02
-2.050529810399349603e-02
-1.519861822052284185e-02
-1.232164353898976272e-02
-1.534310581276585733e-02
-1.782050772821378026e-02
-1.851847809007188886e-02
-1.859714300949434976e-02
-1.808760381507765885e-02
-1.422920029657528083e-02
-1.445512261289342258e-02
-1.446529193506145353e-02
-1.983486239323436692e-02
-1.507943530944242348e-02
-1.530531358216865277e-02
-2.016269684134685408e-02
-1.572565943888826201e-02
-1.321186945337108655e-02
-1.289100640061176598e-02
-1.634176590119071001e-02
-1.254817543270760061e-02
-1.638424333120391471e-02
-1.827021456259544235e-02
-1.657588240167985616e-02
-1.578278867388801729e-02
-1.632571571192970375e-02
-1.585376213426935299e-02
-1.555345012972577518e-02
-1.558405148670642844e-02
-1.821517317486585213e-02
-1.533926157842828084e-02
-2.028419527213798715e-02
-1.565399636024515997e-02
-1.763685633033100497e-02
-1.354319320490182318e-02
-1.807094859017053731e-02
-1.379893060192411737e-02
-1.526413704610598415e-02
-1.866719563462108586e-02
-1.562920900040856709e-02
-1.498306841666853864e-02
-1.679712086461689416e-02
-1.380815277490441903e-02
-1.406116456365821658e-02
-1.598979410012165564e-02
-1.469958100614869242e-02
-1.562301007345640556e-02
-2.134478817792700295e-02
-1.819917755418460834e-02
-1.627823385345358170e-02
-1.841120009287419354e-02
-1.469457044092041878e-02
-1.449164369564986433e-02
-1.293568478759802090e-02
-1.396443317150651564e-02
-1.352542276527119759e-02
-1.759740749931888032e-02
-1.296538882607242531e-02
-1.507310125212370407e-02
-1.642020310002394873e-02
-1.371874499741977324e-02
-1.615425066061621298e-02
-1.355807910681487705e-02
-1.417769890590853989e-02
-1.453026100736080732e-02
-1.402420103421525739e-02
-1.737325034713738461e-02
-1.571233580253231232e-02
-1.572398262049558293e-02
-1.501713151184076896e-02
-1.548426921100340588e-02
-1.441028799700382751e-02
-1.736307496685788113e-02
-1.252390594087750449e-02
-1.420952918726833304e-02
-1.349328981990991286e-02
-1.463404400398913251e-02
-1.887605937633208067e-02
-1.590436511370180508e-02
-1.262376828435910099e-02
-1.687152982361931480e-02
-1.724416480427834464e-02
-1.702267477456709255e-02
-1.666168884539260750e-02
-1.643950351778255409e-02
-1.427644602897563085e-02
-1.406358008409029636e-02
-1.443658185875977031e-02
-1.392622676141232717e-02
-1.244570708426189810e-02
-1.489221351076790156e-02
-1.476740309701622851e-02
-1.432522385473550437e-02
-1.437870290201789976e-02
-1.396683066215574122e-02
-1.537940286122259533e-02
-1.387996818567029979e-02
-9.741487690107828584e-03
-1.370049467234102369e-02
-1.389887126536237111e-02
-1.495313567977279642e-02
-1.440839801710274565e-02
-1.267630233732161549e-02
-1.574753294318187100e-02
-1.667464487266260079e-02
-1.445351204403379219e-02
-1.316429857351727323e-02
-1.385584008465044759e-02
-1.458332124097300869e-02
-1.326637816832424398e-02
-1.215422859763352903e-02
-1.552321046294444576e-02
-1.502788136201965719e-02
-1.509843884494785696e-02
-1.512801799942711280e-02
-1.374004522639396542e-02
-1.590339848140845738e-02
-1.242687272171656698e-02
-1.741967147571695310e-02
-1.583330936080969836e-02
-1.642424665395843600e-02
-1.538529348114344407e-02
-1.615577045118357299e-02
-1.339306257894060624e-02
-1.367035705507028964e-02
-1.310634245785227171e-02
-1.642405079868611631e-02
-1.521397089061470205e-02
-1.409903487684566192e-02
-1.721452348369814297e-02
-1.901926354219123441e-02
-1.482749825597930692e-02
-1.442478716835127704e-02
-1.453295055820355217e-02
-1.556255824068647486e-02
-1.411828586519008402e-02
-1.785758667706372621e-02
-1.682558162271500721e-02
-1.380708775352311284e-02
-1.578538028311672961e-02
-1.926982775045501042e-02
-1.999202643211118319e-02
-1.410620792266635733e-02
-1.458740310331037814e-02
-1.555785268624919511e-02
-1.288576536037949576e-02
-1.834541215327852026e-02
-1.482957486910540038e-02
-1.570841772086617461e-02
-1.871562640702890273e-02
-1.759254095844718299e-02
-1.857341880540869239e-02
-1.431777147518142022e-02
-1.669171248865155763e-02
-1.763783401516838545e-02
-1.890319169940576916e-02
-1.653435876635522134e-02
-1.937412338570352124e-02
-1.700875641032115540e-02
-1.813220543592431941e-02
-1.631394600610249629e-02
-1.646167102914540895e-02
-1.379846435316556263e-02
-1.864087915727589972e-02
-1.455740655366714008e-02
-1.780036483308460732e-02
-1.483810691207118615e-02
-1.745147713892014271e-02
-1.620151752115191884e-02
-1.555665053344215849e-02
-2.190687896917565408e-02
-1.683970110713237794e-02
-1.567949120654719281e-02
-1.299097444539161830e-02
-1.866142000446805588e-02
-1.493864832594887955e-02
-1.439804352109571792e-02
-1.461922886658220851e-02
-1.555741166389799056e-02
-1.621864441563688683e-02
-1.542562099512582822e-02
-1.732811644454297986e-02
-1.388392909630517535e-02
-1.495950127596935506e-02
-1.468530451521194401e-02
-1.479580760943331741e-02
-1.595193260179732925e-02
-1.597989221998716292e-02
-1.381159424667736772e-02
-1.690878435704501123e-02
-2.047963358705585588e-02
-1.787230532750223519e-02
-1.410753528229830370e-02
-1.755942798730221813e-02
-1.569850040270354477e-02
-1.738758496439707021e-02
-1.400904153980477712e-02
-1.678810683984814298e-02
-2.028122561690819461e-02
-1.670920021537844816e-02
-1.515679900195240556e-02
-1.707908049575523890e-02
-1.499856227877764160e-02
-1.805719922314100168e-02
-1.634736513530814922e-02
-1.470761199934335003e-02
-1.682250560249350102e-02
-1.565277700095086405e-02
-1.620655854215866110e-02
-2.083872863723275695e-02
-1.586033795603255039e-02
-1.580667657063385134e-02
-1.479560470233641338e-02
-1.847437651404220879e-02
-1.558309239738625736e-02
-1.589252421268062473e-02
-1.725175311385954841e-02
-1.737933567942552202e-02
-1.469584986849535070e-02
-2.132556144533285375e-02
-2.154085363566182743e-02
-2.286880111733820622e-02
-1.692513868034061647e-02
-1.696979175800200287e-02
-1.982514390354509284e-02
-1.662558791442153572e-02
-1.904443432166225830e-02
-1.698188248562145647e-02
-1.698139134272268549e-02
-1.731715259413816807e-02
-1.583993165634392519e-02
-1.500972226020388586e-02
-1.494178232934455751e-02
-1.772274669430150620e-02
-1.794238073652865487e-02
-1.404175796290437969e-02
-1.712608933070359357e-02
-1.682881637178981760e-02
-1.347619726760654335e-02
-1.210035379973438754e-02
-1.327906297260123165e-02
-1.268203773507509818e-02
-1.421473777098175052e-02
-1.658063459355882396e-02
-1.452179597418261532e-02
-1.296980518488588703e-02
-1.458901050292162049e-02
-1.249004202946094218e-02
-1.188418422174723418e-02
-1.191303255029819812e-02
-1.157093937136020531e-02
-1.327615992850979601e-02
-1.158295407135701525e-02
-1.324350227280454706e-02
-1.357826279203010536e-02
-1.511693260571581737e-02
-1.468998627505899851e-02
-1.517920330944677772e-02
-1.209154502800902434e-02
-1.626505755548385279e-02
-1.100956247353989184e-02
-1.199226381503657769e-02
-1.485786568048355974e-02
-1.329383270705088854e-02
-1.440123549805957977e-02
-1.607695338317517361e-02
-1.684641620154004107e-02
-1.323557497382514547e-02
-1.248772111502905943e-02
-1.471938477864845676e-02
-1.345619040738013118e-02
-1.232170850586209593e-02
-1.317080009661687583e-02
-1.376440895227020074e-02
-1.382074750795956111e-02
-1.386091467796296377e-02
-1.574306304063179118e-02
-1.554743512146697544e-02
-1.497550869899904810e-02
-1.892961073488299770e-02
-1.323014991395725197e-02
-1.529529342304635810e-02
-1.348348552475567806e-02
-1.500577789118898338e-02
-1.347223346059580294e-02
-1.513214171975582785e-02
-1.635489740699359526e-02
-1.400664630265056020e-02
-1.717691849416558975e-02
-1.439438994171453323e-02
-1.363327252945278900e-02
-1.680976443825730332e-02
-1.357859909338000534e-02
-1.189035013765113273e-02
-1.571639839775890168e-02
-1.401385828742340335e-02
-1.392049724176280985e-02
-2.046100714683236552e-02
-1.806509650961244523e-02
-1.590472629375013977e-02
-1.268168027165699797e-02
-1.805820923437644401e-02
-1.151667794534403169e-02
-1.325215811409872525e-02
-1.653919136171356358e-02
-1.494857340739058627e-02
-1.479977111601813583e-02
-1.459363548775837079e-02
-1.823011566265559866e-02
