-3.387565435015928161e-02
-1.930390515368337126e-02
-2.762173051667189336e-02
-2.642399613826395058e-02
-1.903931177545024542e-02
-2.962786578026102915e-02
-3.165502913481591657e-02
-2.516187053221607961e-02
-3.866659987286981404e-02
-2.513528031977773150e-02
-3.262393902419945951e-02
-2.392799169344871427e-02
-2.259629619325365102e-02
-2.064657225526483550e-02
-2.353617345817800299e-02
-1.810866111278092161e-02
-3.511703071985226160e-02
-2.581805449507967171e-02
-2.754245979094072094e-02
-2.898987921124322742e-02
-2.462188678358868954e-02
-2.804172299177229433e-02
-2.714601888816021297e-02
-3.702922189744222575e-02
-2.441864635892470464e-02
-1.799598598076088476e-02
-2.243890749261219508e-02
-2.095341521888990227e-02
-2.536118914876895822e-02
-2.675242324674649563e-02
-2.166382209232397063e-02
-2.037748509716573106e-02
-3.132663776100873265e-02
-2.802573684090242656e-02
-3.430308174374427366e-02
-2.500951065740909113e-02
-2.686151554328966226e-02
-2.730587262701724902e-02
-2.763111447636997300e-02
-2.799459214965967918e-02
-2.328287978615214970e-02
-2.242366937009019831e-02
-2.408820488499543999e-02
-2.578423752543767059e-02
-1.789037415375236556e-02
-2.831776494529957347e-02
-1.793270986842224538e-02
-2.656121827905556787e-02
-2.230895789711879323e-02
-2.672268573789540053e-02
-3.266000610994690412e-02
-2.678207140367477174e-02
-2.266969688855683535e-02
-2.708201445077812464e-02
-2.550454248158134235e-02
-2.558368195596267061e-02
-2.225462309192411878e-02
-2.788947510585458936e-02
-2.641015392239213708e-02
-2.593250719154033268e-02
-1.994121869967959565e-02
-2.579216597941769856e-02
-1.920287749498765517e-02
-2.294803638259875628e-02
-2.051444820442979711e-02
-2.151614471078474103e-02
-2.833405105850165737e-02
-1.939483927474047395e-02
-2.989745228685138437e-02
-1.925646320581128612e-02
-2.762058410967973415e-02
-1.836142681785144989e-02
-2.403677517143701717e-02
-2.027105760142581398e-02
-2.451996329890913234e-02
-1.679676252572282966e-02
-2.606858626562312195e-02
-2.743396721926612616e-02
-2.031846451202973941e-02
-2.389099189768378526e-02
-2.747564297391976579e-02
-1.809574325977900133e-02
-1.609458553835901168e-02
-2.388675440423798299e-02
-2.926041338264743358e-02
-2.275449512192404336e-02
-1.638669062345731245e-02
-3.438972192403631084e-02
-2.153887457953661266e-02
-2.594287063318525752e-02
-2.718324668064904179e-02
-2.046227431316138823e-02
-1.969291041343466594e-02
-2.107126862428981146e-02
-2.397130065066218479e-02
-2.383388099409654987e-02
-2.130317608056904108e-02
-2.141615427732613403e-02
-2.950191027735022190e-02
-2.617680104000020755e-02
-2.589027457631477847e-02
-2.366388821973429771e-02
-1.972964442410252844e-02
-2.675027440275121876e-02
-2.028185990192198085e-02
-2.779644416337244406e-02
-3.287963681478987127e-02
-2.251810848538360332e-02
-1.723929321414423635e-02
-2.071392927670531389e-02
-2.285767999959966920e-02
-1.950445357679813155e-02
-2.513249346879493223e-02
-1.787502439728474654e-02
-2.267031900924088711e-02
-2.962691508132561657e-02
-1.722291340118294739e-02
-1.868008592770678544e-02
-2.233876196868938430e-02
-2.384762757292048854e-02
-2.174774766336002793e-02
-2.801208050715501066e-02
-2.978829290710954814e-02
-2.308419949712788716e-02
-2.274386065783740030e-02
-2.236978092584489611e-02
-2.477832459602950094e-02
-2.410473682862818157e-02
-1.942408971302298296e-02
-1.939319237544438745e-02
-2.655176344309283926e-02
-1.757175677628996721e-02
-2.190758154841220690e-02
-2.762220562040708371e-02
-2.044961559631538681e-02
-2.005739018132279491e-02
-2.020633313098717243e-02
-2.822306569838561874e-02
-2.139468537831460196e-02
-2.194268674677185907e-02
-1.957009198035185998e-02
-2.552112539200672436e-02
-2.237542762936977139e-02
-2.345315520762248501e-02
-2.800070166193619620e-02
-1.908076350699447130e-02
-2.262805279809186609e-02
-2.269617837345563535e-02
-2.811939702357918458e-02
-2.402117265593341211e-02
-2.067950105237522512e-02
-2.502221860758535588e-02
-2.643332393789216139e-02
-2.261251304686048499e-02
-1.875535464618073925e-02
-2.406840226918044098e-02
-1.656179171258120517e-02
-2.238112802336912274e-02
-2.403627649976601902e-02
-1.913895016901626112e-02
-2.245157105022062283e-02
-1.780370926530819298e-02
-2.515070964772131781e-02
-2.700182006378169103e-02
-2.400590982768586318e-02
-2.002491153934523108e-02
-1.794917422118693512e-02
-2.403853550744138728e-02
-2.648679267706434762e-02
-2.191195108880091350e-02
-2.647451148807840673e-02
-1.759964036989497202e-02
-2.618133765013218317e-02
-2.607715703823516168e-02
-2.738763753934263245e-02
-1.833844393085547891e-02
-2.459754104550170711e-02
-1.767744692497945705e-02
-2.667885146083524145e-02
-1.789649519305226352e-02
-2.460386166203317251e-02
-2.573236338661322870e-02
-2.402773717836926073e-02
-2.253420932604649832e-02
-1.917169461174873801e-02
-2.583772363460910826e-02
-2.444175944673388640e-02
-2.412679610758059964e-02
-2.469481430302774422e-02
-2.606057358366550836e-02
-2.268343860162303979e-02
-2.897739197047987519e-02
-1.971558413476891258e-02
-2.174752495656351661e-02
-3.119657915894347155e-02
-2.361516566615819504e-02
-2.558182115062185638e-02
-1.989518184362837339e-02
-2.998175608522164054e-02
-2.008142234047710639e-02
-2.423968563624141412e-02
-2.547980522208457763e-02
-2.835289826910785196e-02
-1.605806763413512861e-02
-2.768185543119066824e-02
-2.651678112151011416e-02
-2.856667420347954248e-02
-2.071561363363993644e-02
-2.420867448524789342e-02
-2.728493220246730813e-02
-2.588258659220031566e-02
-2.258646511470032911e-02
-2.608601566337045638e-02
-3.696789851995057469e-02
-2.802172038644903940e-02
-4.073463468914770291e-02
-2.657120569260637555e-02
-3.295506801665324531e-02
-3.907204864000811406e-02
-2.306004006434316314e-02
-4.524715805044101508e-02
-2.724861035132895154e-02
-3.480744618859434730e-02
-2.685359830452857186e-02
-3.016972817805427254e-02
-3.711905937270491840e-02
-4.800668901583302062e-02
-5.497924489900320871e-02
-5.185241597940500047e-02
-5.088145602372447923e-02
-4.802455548469274083e-02
-2.502380944030786758e-02
-5.783091823473081317e-02
-3.965552993372617463e-02
-2.580155610078530698e-02
-2.814883279177938027e-02
-4.945854035137390442e-02
-3.325676371032211531e-02
-4.149572108337808846e-02
-3.109583515504771301e-02
-6.185995052178064335e-02
-3.890133372408642598e-02
-6.976755886367055903e-02
-3.845687206451483403e-02
-5.340840631015656564e-02
-4.195005312145659582e-02
-3.667706103935254591e-02
-7.556987669170942001e-02
-3.376280365382845067e-02
-3.267450228024430803e-02
-6.154024186180488687e-02
-6.138742768024441077e-02
-6.582644384260338821e-02
-5.214622691390864012e-02
-5.826413017047085002e-02
-3.089955086085268907e-02
-3.793346563481231337e-02
-2.242312425374334145e-02
-3.667522791463978526e-02
-4.985288472784844827e-02
-7.029343113204748750e-02
-4.468870743980759425e-02
-5.198825421470121971e-02
-5.579134202867497977e-02
-4.941662896668613802e-02
-6.090847125883705471e-02
-4.021180425932589092e-02
-6.565461816295146968e-02
-3.555352106467112028e-02
-8.372302741991126396e-02
-3.797568590206367584e-02
-6.979783288060030511e-02
-1.078220644468542849e-01
-3.939477412447349447e-02
-4.084406306469696990e-02
-1.238210704050503042e-01
-5.660945446229750239e-02
-5.083608625115741686e-02
-4.809239124450218755e-02
-4.904146778802644102e-02
-5.856395539832948138e-02
-7.993474788906054784e-02
-3.361593706756833139e-02
-1.023779595205279169e-01
-3.323409758810976639e-02
-3.690769087073295096e-02
-5.005711840577439092e-02
-4.669128387056407231e-02
-4.271537575921621060e-02
-3.229760651078299183e-02
-5.657952844831452832e-02
-3.805297603986786820e-02
-5.382996056084231318e-02
-4.518944450618784386e-02
-4.427919621365833391e-02
-8.532663497328185631e-02
-2.352971813726241826e-02
-4.032469482833949542e-02
-2.534140670772416434e-02
-3.927785529293005562e-02
-4.111113630230733146e-02
-5.067411595385448025e-02
-4.248118547066448425e-02
-3.950705021822890212e-02
-7.168836611721111918e-02
-3.247651414568119427e-02
-4.525692778711625647e-02
-3.470912500080002711e-02
-2.873764421558651014e-02
-5.661291878440412317e-02
-4.953799766357108031e-02
-3.669916246180551095e-02
-4.823942834114305911e-02
-9.511281075339338142e-02
-4.041365124597050273e-02
-6.656441180794177293e-02
-5.637278363047363433e-02
-3.944923018438177553e-02
-5.186611017609595725e-02
-3.159596837403099573e-02
-5.143694288223826794e-02
-3.269266556755510977e-02
-4.936645542130171926e-02
-4.731587914356904373e-02
-2.961277759574892920e-02
-6.869762301950563255e-02
-7.025108101556870599e-02
-4.048378290493043902e-02
-3.370735859240622800e-02
-2.889864284287240945e-02
-2.022703754999052861e-02
-3.063131824917243382e-02
-1.897990959690921617e-02
-2.249851280387228300e-02
-1.474801581162254321e-02
-1.494742821116645630e-02
-1.651064862179689105e-02
-1.459119669993060378e-02
-1.356155153602399757e-02
-1.494529875225018671e-02
-1.341385859385926631e-02
-1.068810621209306116e-02
-1.588599705514611923e-02
-1.447241076065068112e-02
-1.314687259474079523e-02
-1.116814884003785799e-02
-1.423140563730276170e-02
-1.140008530202323012e-02
-1.519630127781768265e-02
-1.320107739546711421e-02
-1.225386322960058533e-02
-1.288073271946070866e-02
-1.315358400492289484e-02
-1.441028501167335163e-02
-1.408245020059137667e-02
-1.317190900631015453e-02
-1.271478797190854493e-02
-1.365390849933721847e-02
-1.274959044411499813e-02
-1.157200086642296531e-02
-1.145891810708438499e-02
-1.446043929081810078e-02
-1.100157644542558606e-02
-1.262406249491818469e-02
-1.148664428374946214e-02
-1.171509912126588240e-02
-1.167591312257250727e-02
-1.546239216840373555e-02
-1.361058788101746596e-02
-1.532957499962287438e-02
-1.392627238212358100e-02
-1.223538093246177849e-02
-1.311454260923067966e-02
-1.506263554150152895e-02
-1.382337636472134000e-02
-1.585652661361102930e-02
-1.139140347069973573e-02
-1.602628044746665439e-02
-1.582148749075822439e-02
-1.161452722702931671e-02
-1.383168216975113642e-02
-1.489581696185275639e-02
-1.879692588693725880e-02
-1.617736665868308929e-02
-1.117576591940861938e-02
-1.627516741342717801e-02
-1.202688221292783077e-02
-1.609739599612736854e-02
-1.273078110157925720e-02
-1.502514100224496690e-02
-1.341514380756705926e-02
-1.727424249848288559e-02
-1.612129885762913009e-02
-1.518551763619672632e-02
-1.410067003124344451e-02
-1.185292573986801261e-02
-1.552710937020994851e-02
-1.297941236804551514e-02
-1.556178784454564402e-02
-1.264358563073761377e-02
-1.559837608413997510e-02
-1.461627956967380230e-02
-1.726421852158459627e-02
-1.571793247711268660e-02
-1.516755730142395689e-02
-1.539482759095982083e-02
-1.358746277125849611e-02
-1.932968927908270892e-02
-1.428745067029523440e-02
-1.812262040200004337e-02
-1.248702935852292507e-02
-1.781218446031748726e-02
-1.683759503619797551e-02
-1.821266121166970064e-02
-1.671378846834255597e-02
