4.353872343108342036e-03
3.533832335674125854e-03
3.093849499877116341e-03
3.271676801447770400e-03
3.944119610811014885e-03
4.184087968283080848e-03
3.568330039694702586e-03
4.016495197217127312e-03
4.906364168827125755e-03
3.514122326832654422e-03
3.147918025118856631e-03
3.487700649306063171e-03
3.962152264206666129e-03
3.837876417542000155e-03
3.322085341877029519e-03
3.566479255125761232e-03
3.676352090744938825e-03
3.006093751909892468e-03
2.712209899092250451e-03
3.083026473360190884e-03
3.607039618981637465e-03
3.734200406846842693e-03
3.457746455131513030e-03
3.944447430025031440e-03
2.775624907915387376e-03
4.220257746634868343e-03
3.692547953419905108e-03
2.986187917179767420e-03
3.785410208877357154e-03
3.057505156330133592e-03
3.819269077546495403e-03
3.010592121958569848e-03
4.114969819997644010e-03
3.543860308239943357e-03
2.560791068037033234e-03
2.667916286586231953e-03
4.575813871513088014e-03
3.663147914370056945e-03
2.895136073041030232e-03
4.271357435807002396e-03
3.151873412056077975e-03
4.166392692239543130e-03
2.818362713442258867e-03
3.524240694727340424e-03
3.199480553673018663e-03
4.212252649029347290e-03
4.361493737091914555e-03
4.408700977081823208e-03
4.470032499612159455e-03
3.279145636450870975e-03
3.763082598898965202e-03
3.060210313092435064e-03
3.847891489226013418e-03
3.471541797067625307e-03
4.004003830642228513e-03
3.212445369279785974e-03
2.926997648854721447e-03
3.741684371168681189e-03
3.158661647473090441e-03
3.336253608106450139e-03
3.287081864881106260e-03
4.241779809084248593e-03
3.054494907382204142e-03
3.208462025736811152e-03
3.040664546272268953e-03
4.061400686637033422e-03
3.166689328921829319e-03
3.418856113927837281e-03
3.888389578199401460e-03
3.092935569999819695e-03
2.902808872595976589e-03
3.285561159316358060e-03
3.571133965578884416e-03
3.679305345185333777e-03
3.801174053700667223e-03
3.305080438537960456e-03
2.621475989229765657e-03
3.716994373087325297e-03
4.202033271354970595e-03
3.042758668911062832e-03
4.232541796197355696e-03
2.685715322479127146e-03
3.045301052258335937e-03
4.966678946651290755e-03
3.119051445760985270e-03
3.379400966974409684e-03
4.473708410710069971e-03
3.720639916519007367e-03
3.366817338445472849e-03
4.618243233013341435e-03
3.879529791942572334e-03
3.497032992381856990e-03
3.609967463479801363e-03
3.386991650906116553e-03
3.802288370641545689e-03
3.922234384961896698e-03
3.988376081751902197e-03
3.521408992546599774e-03
3.353609702485543277e-03
3.992250790332078567e-03
3.700251905607753172e-03
3.576682009420910097e-03
3.193517562442561158e-03
2.880349484013618178e-03
4.031623613309652000e-03
3.749647914460833929e-03
3.340857372344741873e-03
4.056390722820776319e-03
3.367938940394667527e-03
3.618189785679035240e-03
3.374581314540442932e-03
3.178528326485080633e-03
3.671612898182956709e-03
3.296000102462654565e-03
2.955041102700440864e-03
3.555849326376504197e-03
3.183262019824313269e-03
3.196486030184846928e-03
3.542594090326004960e-03
3.963838461158121149e-03
2.664539633765028795e-03
4.074947912239901444e-03
3.887027127165701510e-03
2.911812387668622631e-03
4.154238504954699783e-03
3.845901402692003101e-03
2.686040986002657342e-03
4.124413430104040441e-03
4.808105248349718412e-03
3.144000226156175477e-03
3.218792477570593582e-03
3.790266559902904023e-03
3.329692266139584744e-03
3.389411072239149284e-03
3.288347821204111714e-03
3.936200950021017525e-03
2.959410100814042870e-03
3.508346326876331852e-03
3.820038248328899103e-03
3.331388241279660111e-03
3.745669527087928507e-03
2.693765783999167978e-03
3.219308904641774403e-03
3.155658331141960194e-03
3.635610651203379038e-03
3.814482868490181363e-03
3.806862160634547163e-03
4.006908192414136705e-03
2.538477492520289230e-03
2.922544568143527460e-03
4.327133653238298024e-03
2.997090413918426441e-03
3.232310980270172284e-03
4.736273110673129560e-03
3.501501430678782747e-03
4.164672915226813078e-03
4.597114891953624910e-03
3.586908892422113835e-03
3.839558619791437651e-03
4.050892384748161663e-03
3.792176776795124719e-03
3.402671199502972643e-03
3.591923000096740228e-03
3.132900733807762478e-03
3.865557830619159325e-03
3.182413043120103230e-03
4.020594519298217005e-03
3.177093614875447624e-03
4.996428324599577926e-03
3.440262099754097264e-03
4.041529513316743580e-03
3.643857796110966992e-03
3.524255268920762837e-03
3.349506455299585718e-03
4.456545814191091408e-03
3.223710795320667254e-03
3.933154396541475341e-03
3.864590540411803627e-03
3.018389132184659714e-03
3.373993013498176145e-03
3.842462622506958789e-03
3.847429111354912137e-03
2.893192865901967475e-03
4.276384111372993554e-03
3.902877737955043769e-03
3.520564245761480075e-03
3.246747244374815437e-03
3.426618669110162874e-03
3.775223500622538076e-03
3.331630637421155276e-03
3.358589275756458398e-03
3.185091662137859003e-03
3.131665661681695169e-03
4.069255799219918465e-03
3.311350522862549928e-03
4.135900514554974663e-03
3.387039537442352883e-03
3.510035900400731729e-03
3.833238007796611543e-03
3.267785322528778038e-03
4.216589851294192878e-03
2.851345925252136981e-03
2.865373681465612724e-03
3.571042345076607012e-03
3.370279876405595128e-03
3.373795785829551783e-03
3.543943965648453480e-03
3.214963659923859417e-03
3.758934569171001796e-03
3.536485203423143150e-03
3.401490124307063410e-03
3.370870558557147352e-03
3.785599258412585769e-03
3.488992015361488779e-03
3.756181101298236655e-03
3.742781599659896971e-03
3.330453553285274947e-03
3.199301023223629931e-03
3.299860146098455328e-03
3.248239863661584511e-03
2.953495564163198354e-03
2.726257063882131515e-03
3.595408247140473475e-03
2.955815204421521902e-03
3.190198978331297477e-03
3.575974988735025270e-03
3.714955794750081104e-03
3.055826279065997075e-03
3.611168734313081798e-03
3.268846229063008743e-03
2.810688879324306933e-03
3.542360216477386404e-03
3.850110983933137127e-03
3.354844619953540816e-03
4.107563534871124661e-03
3.485443691562280493e-03
2.834447024795419979e-03
2.808062847657939558e-03
3.300578363778393018e-03
3.278554035361657109e-03
3.587770057311853288e-03
3.756572823065490018e-03
4.395994347567410039e-03
2.908398444344477852e-03
3.611676001264029542e-03
3.871699906913589079e-03
3.571309429893829678e-03
3.546118956161297287e-03
3.223302841142039639e-03
3.256102960342848081e-03
3.194506088628703069e-03
2.855022679766029085e-03
2.795362200950577813e-03
4.004055493164002111e-03
3.809009424252395720e-03
3.523134111525721198e-03
3.519351713812349063e-03
3.497343422922458752e-03
3.481781495639239051e-03
2.642997284882934745e-03
3.288830747540603169e-03
3.863644657674163672e-03
3.637972321373690848e-03
2.847785657777346293e-03
2.929629797967682383e-03
2.895096448269986016e-03
3.078734080276236684e-03
3.632515181635830731e-03
3.398340249255225095e-03
3.255266587804119330e-03
3.176457135576770882e-03
3.667806628814416353e-03
2.930059868658269496e-03
3.079918972020811562e-03
3.395536126934017331e-03
3.670874836111124966e-03
3.673139193970539462e-03
4.035359745605017479e-03
3.619944435952946425e-03
3.318586730329308853e-03
3.320457844600445754e-03
3.611427985820259146e-03
nan
3.809039155891438388e-03
3.499570265726567077e-03
3.456980488476460792e-03
3.103305055612272378e-03
2.829196599982682862e-03
2.950580034050978573e-03
3.382606820576282945e-03
4.267619988158402600e-03
3.328794973024229702e-03
3.031357758515523543e-03
3.692200744925259147e-03
3.611986760839601580e-03
2.561018818551156952e-03
3.575193798367680940e-03
3.346016462613790859e-03
2.989800032178894455e-03
3.057233692970015050e-03
3.424749437364727270e-03
2.574093505841642832e-03
3.694637533948974192e-03
3.078759178942088934e-03
3.478497928587482614e-03
4.119154617415672279e-03
3.862838914533101974e-03
3.636650219903299081e-03
3.415003105445207476e-03
3.126798557899385621e-03
3.515289527499620374e-03
3.364819553699993204e-03
3.364091787200979358e-03
3.593707708430537561e-03
2.515759891001074361e-03
3.443211320671259786e-03
3.834737519293427224e-03
3.377113093454221955e-03
2.919429487184650555e-03
3.129774273617582682e-03
3.375938132849164164e-03
3.635168680687805853e-03
3.070749536848764883e-03
3.055200348829317965e-03
2.645273836592372703e-03
3.074679721213459480e-03
3.360075727948522335e-03
2.975721948333978368e-03
3.670129939807590096e-03
2.971674616845214334e-03
3.450688314561051184e-03
2.807297275350728160e-03
2.992011878113452327e-03
3.301081528966203285e-03
3.645017785240468964e-03
2.979711530936998264e-03
3.628197741934997486e-03
2.760826532122414786e-03
3.047329215839999616e-03
2.582490633444291164e-03
3.460386363866677431e-03
3.171396170841455069e-03
2.893348173176388607e-03
2.913009960318917527e-03
3.516356353683463588e-03
3.416388683185529653e-03
3.842167283090693313e-03
3.002533548270612876e-03
3.388331898959960359e-03
4.644218720716681952e-03
3.769537707524778236e-03
3.007993658077915550e-03
3.288027410068004950e-03
3.923098620976908646e-03
3.912721831044550964e-03
3.448223987813429404e-03
2.828712579869515405e-03
3.687699439592255837e-03
3.291640521054345694e-03
3.607379800962766999e-03
3.416629967968500513e-03
3.635822688774369062e-03
2.874141173696491414e-03
4.008774559263746963e-03
3.592176355911286430e-03
4.641810854698277117e-03
2.942634085706515197e-03
3.190025758321555702e-03
2.913128183436626637e-03
3.374977483992133622e-03
3.758175510703387883e-03
3.572061030343027643e-03
2.986273142305281066e-03
3.497438245293032696e-03
3.720393495089392884e-03
4.496349503075819896e-03
3.955441803370652633e-03
3.176818939106733439e-03
3.838928206982220558e-03
3.370595679114820036e-03
3.151196092539561289e-03
3.280261644984987755e-03
3.599552530579266506e-03
2.993188765882286335e-03
3.065526183355383669e-03
4.147535494663058715e-03
4.439613726785597222e-03
3.794463057703043388e-03
2.581499077558267220e-03
4.533450416337506637e-03
4.245855834129711251e-03
3.313207176347475556e-03
4.432459631054543395e-03
4.536864941971152816e-03
3.350417146551292868e-03
4.242702193554622955e-03
3.524113261056562810e-03
3.663669853268058246e-03
3.886956506040450000e-03
4.009975456331205286e-03
4.022327441764042902e-03
3.489334580290722777e-03
3.966458092590123899e-03
3.577156597295667092e-03
3.401327110963803680e-03
3.362294744273016094e-03
2.422393085088779888e-03
3.088967180603635534e-03
3.962556412240379744e-03
4.691041704023163512e-03
3.699115782830207991e-03
3.357476797854953843e-03
3.530145237259793133e-03
2.809336078093407560e-03
3.435415783629933769e-03
4.579103976784763483e-03
3.575592052434697909e-03
3.246861678890126598e-03
3.271925517208544403e-03
4.126788533304133651e-03
