7.593210574645965771e-03
5.325423620316174431e-03
9.010983605608579097e-03
6.996358234151445893e-03
6.834591797313875616e-03
6.795862567023682084e-03
7.420017239947075335e-03
7.528074080021331625e-03
6.288664705934900179e-03
5.391364788478167358e-03
9.246687617113981406e-03
8.367230158038850910e-03
8.485074789157154990e-03
1.001511868826109389e-02
4.888673756174178459e-03
8.379140843831374766e-03
9.957866576360349317e-03
9.150748855714393656e-03
5.888434641497452063e-03
8.342625500034778555e-03
6.874482233051338979e-03
9.048570233956814562e-03
1.029084072198703341e-02
7.690137967497166251e-03
8.219747628769169881e-03
1.006146528059355047e-02
8.607038768167048215e-03
6.765314348831269128e-03
9.581052033226596445e-03
5.355897080024480186e-03
4.847832513637480474e-03
6.635033289806043129e-03
7.212296379606718440e-03
8.168156335181371575e-03
8.368135081705347852e-03
7.723679533398556882e-03
8.707162197335100579e-03
6.509220748619594724e-03
4.566299715736063525e-03
6.132310407094576990e-03
7.600952900494751911e-03
8.313354327474176478e-03
6.318994480595377383e-03
5.014960027325017847e-03
4.586726110865855729e-03
9.356918028345500085e-03
8.348946380228636222e-03
7.886694697033942367e-03
5.106488330189114071e-03
6.550731795264727077e-03
8.166805434839630520e-03
7.780023295925667277e-03
6.137499984860584831e-03
6.455098943752454917e-03
6.384700206583659131e-03
9.441355374667488240e-03
9.026764126602571797e-03
6.324120695500411518e-03
8.816050606002042572e-03
8.409456268534594783e-03
9.447712560096516513e-03
8.690814890280345803e-03
1.283751183009170307e-02
6.042487578194500990e-03
8.116990995973696887e-03
7.749721763518378076e-03
7.782891177064070118e-03
1.042437754855578269e-02
7.051776372157364872e-03
2.008202804536071348e-02
1.046500886112277338e-02
5.862198874923288221e-03
1.051370779614650176e-02
8.039026715651986787e-03
9.284689461471526406e-03
9.316044927481169011e-03
8.030192686490864387e-03
7.439909800285348165e-03
1.355778262039566799e-02
1.625950093147069189e-02
1.444192941100762816e-02
7.370453048533369932e-03
4.834021472653028673e-03
8.790287153597598976e-03
5.245471797059400067e-03
9.831036995533518064e-03
8.988660761939760296e-03
9.627138561130187816e-03
5.403073173285502691e-03
6.853515091227480559e-03
1.541151664481609125e-02
6.424272530412912345e-03
8.391449533291175586e-03
5.323411497864696633e-03
8.930307010615095784e-03
9.014802948169258964e-03
8.523091477401729260e-03
7.590370899656900122e-03
7.812025559695993764e-03
5.642047427700111299e-03
9.491557526189830715e-03
8.531661415651283636e-03
5.210755939867270890e-03
6.300630025189500431e-03
9.728052192721686753e-03
6.802992878405219115e-03
9.409204312989543142e-03
9.643990809246952289e-03
6.808366927042837184e-03
9.310351941441150428e-03
5.870224098324583993e-03
4.735662252828861003e-03
4.406528955547652122e-03
8.830578603589642195e-03
6.946625870226595320e-03
8.290707298805708933e-03
1.508440081462996372e-02
5.731258085908001558e-03
9.186681188865499989e-03
7.147750489973425138e-03
8.659233833188872617e-03
9.282059438454505831e-03
8.345801874752960953e-03
7.742828273133309583e-03
6.829988681623026629e-03
1.104435038840855150e-02
6.369649001492345107e-03
1.106865558352177967e-02
6.616282953618819566e-03
6.737079903810837787e-03
6.099909422337046125e-03
7.816904452845344076e-03
6.541319727056743236e-03
5.371916222759243360e-03
1.563327737255960220e-02
5.896181064416434331e-03
7.332085353154223217e-03
6.197837174573176539e-03
6.898862307970730044e-03
7.349481824978949460e-03
1.107738121219149600e-02
7.088802337597319841e-03
9.220463761697959837e-03
7.814037836803091469e-03
4.340433529361741385e-03
8.057171899292189451e-03
6.639533999193003057e-03
5.168678274025889988e-03
1.416365800456453883e-02
6.828500436039349961e-03
1.079339015975103004e-02
6.874317233360797280e-03
8.480135085752594018e-03
1.123462643743222168e-02
8.317061303924778298e-03
7.747719300856477018e-03
5.672406624134658515e-03
5.133950495079319526e-03
7.145668367756308897e-03
6.968650848522413635e-03
6.599232444246541478e-03
7.446181461103230752e-03
5.195629005256023267e-03
9.419696005886754597e-03
8.865750009858683681e-03
8.130055645833439426e-03
8.120688481311149828e-03
7.626702637558723658e-03
5.861602621823034515e-03
4.803314347972043041e-03
8.681845403213359069e-03
5.141330601427285089e-03
7.871605202032777929e-03
7.151087175797227885e-03
8.107840729536793661e-03
4.798239747613311686e-03
6.713799630379550104e-03
6.594861825704884280e-03
7.760669843795671777e-03
5.739695558139122113e-03
7.509461625664411166e-03
5.176060022357494017e-03
1.048120847131935734e-02
5.529243534462544192e-03
8.724100463344163642e-03
7.243307762386087464e-03
5.679209700529301401e-03
6.254022164142623678e-03
9.693294388174010165e-03
6.854422803646328943e-03
8.119912961333191834e-03
1.313424000897039229e-02
1.370119579594667597e-02
9.146602273032891639e-03
1.106984202274263925e-02
6.532805830964277458e-03
5.616265600118324451e-03
8.593923605591117024e-03
5.204979294740165637e-03
5.486633725721233416e-03
8.350233469430137431e-03
1.324401849026195579e-02
1.062077798728073078e-02
8.924250316026170401e-03
7.597854541895283226e-03
6.846686946120414050e-03
5.495557572694251269e-03
8.398427450641034880e-03
8.232853260004590820e-03
8.278230777841136256e-03
5.315290591961065528e-03
6.901621149160107153e-03
1.159347990628397003e-02
8.437544645947410091e-03
8.205126392491803033e-03
7.548786790709973230e-03
9.983786902298561958e-03
5.739397860489207047e-03
8.337925919448803055e-03
7.157880527031556563e-03
6.887391497159080916e-03
7.259436416597288104e-03
7.607563609016349850e-03
5.963588044455175353e-03
9.897196568097395980e-03
6.979208041622641731e-03
4.884927017969330730e-03
4.505907546312235869e-03
1.226546544872377485e-02
7.323448825416021754e-03
6.447968661053157628e-03
5.815248053118652130e-03
5.133261245232410841e-03
7.040647094319539730e-03
6.991917409574523873e-03
5.720847504140581102e-03
8.023147786559485517e-03
7.534144253455003076e-03
8.528771952376704504e-03
9.938016318906645052e-03
7.992508191773505660e-03
7.978052865268744909e-03
1.007606527938151655e-02
5.733283482491797860e-03
1.001542535975958118e-02
8.263880593559033011e-03
8.132368215485711802e-03
6.486466652851306629e-03
5.673502606650509747e-03
9.770733934223042871e-03
5.644640563132860903e-03
7.039440661013128889e-03
4.333542951858390842e-03
9.232235409486266170e-03
8.941250470695723263e-03
1.004096039790099149e-02
1.072976457278850687e-02
5.231788967566980766e-03
8.297375779108700361e-03
4.836503567449143906e-03
1.435078608395573031e-02
5.992788314335186980e-03
8.992654741608522087e-03
6.623575045099754262e-03
7.929574200523481498e-03
6.713320302791452553e-03
6.296504087365689846e-03
7.480155534265124813e-03
1.078684985395767827e-02
5.379301015881638413e-03
7.914719797868273801e-03
5.696211976297833879e-03
8.330658925438803181e-03
1.102289383769184013e-02
8.095329187800811427e-03
7.525893560369048552e-03
7.557724150474289318e-03
1.104277079681646907e-02
5.966350765712807869e-03
6.734723470737572805e-03
8.117919368857126616e-03
5.736091255084977032e-03
7.541794917030089987e-03
8.389548539877660083e-03
7.662587217647176541e-03
5.125355279708997992e-03
5.339982746575881907e-03
4.402992702717599925e-03
8.062937552587124551e-03
7.010164485814211061e-03
6.593796699219306445e-03
6.521624370339337493e-03
5.458167635297316370e-03
9.096110431273094626e-03
8.787776029895380189e-03
5.325882952596878647e-03
7.141453236574284331e-03
1.139128023109032065e-02
5.203529471719440559e-03
9.413522733544168672e-03
1.130424893793480906e-02
5.270165818139114881e-03
6.531679471261984601e-03
8.277577762492317054e-03
5.786551536795339103e-03
6.491985777661822554e-03
5.895009323571511264e-03
6.769141845341883519e-03
8.110766572719366879e-03
4.483463468187197376e-03
8.023301228969588125e-03
7.525515729215415464e-03
6.111962796196947212e-03
7.263044252320135022e-03
6.512567396800574525e-03
9.588046808758968892e-03
6.561542218566173042e-03
6.797935657478675411e-03
7.978085419094933448e-03
6.231914140143362917e-03
8.953696105410009418e-03
5.729530045356339384e-03
7.308222505100929467e-03
8.069189788203919717e-03
1.484185981314980335e-02
5.670642747973655279e-03
1.325697502036671770e-02
4.516813740321605833e-03
6.090639541790440759e-03
9.540210583154419208e-03
8.848623926136970838e-03
8.717246955862328200e-03
5.506513274394317370e-03
6.970377933672979899e-03
7.245195062311095800e-03
7.056839830465279524e-03
6.226182995658095277e-03
4.907097195456705530e-03
1.180967546181162751e-02
6.198295084935340378e-03
5.572718635559855554e-03
4.337461186727896087e-03
4.641031308736715336e-03
6.796229140976737214e-03
5.569107927702731699e-03
9.780544870170743144e-03
5.090201953283031433e-03
4.800430889495732774e-03
4.166036240393413206e-03
8.910069090831369831e-03
9.699514168871787440e-03
9.873708182415461346e-03
6.241617779991082658e-03
8.511611187150453645e-03
7.662074042128265774e-03
6.984616101024103060e-03
6.333592782266083375e-03
7.067580349991183127e-03
9.047337789655239548e-03
7.287475984251982723e-03
8.348925399367263314e-03
5.308270811888068409e-03
1.514900782395384865e-02
9.561713370890090671e-03
9.298501008204050969e-03
6.679392606741893848e-03
nan
9.714286582246038637e-03
9.086447938864011808e-03
6.919965685861779840e-03
1.538668432593464155e-02
6.817027531213276301e-03
5.703800642054326561e-03
7.635878513114447222e-03
5.564823389256150742e-03
8.632586799548180520e-03
4.978746862481818643e-03
5.796239356080450621e-03
6.331351872037566976e-03
7.976213080440877276e-03
1.157404518549137729e-02
1.006418261376418669e-02
8.504294696418522592e-03
8.048386285735478068e-03
6.914390329477248728e-03
5.198377574851351969e-03
8.556449650575044183e-03
1.076420410514268046e-02
7.234435849587681454e-03
8.310980101466500930e-03
2.673111219014118189e-02
6.195231078916598778e-03
5.473875329726438435e-03
6.024849762517609474e-03
7.945995185829432539e-03
6.691072784074458303e-03
1.359330684315072750e-02
7.901184589303512570e-03
8.268600952535197501e-03
1.035212072240794708e-02
5.162152370690739969e-03
6.024633861040826037e-03
8.563719370395296918e-03
8.888339430062197968e-03
6.443165292839368903e-03
7.076451321138482221e-03
6.876555281899347088e-03
5.852237626644710665e-03
8.027142440085930503e-03
1.333291688711328929e-02
5.678619797137535868e-03
7.668391585415595436e-03
8.756039716249780155e-03
8.171135925828836716e-03
8.602352321348455400e-03
7.512352539331280075e-03
6.348155715508477411e-03
9.422816071199845156e-03
1.321786476878587108e-02
7.284105807341343004e-03
