1.701282954380162954e+09
1.701282955794745922e+09
1.701283494810138941e+09
1.701283496479581118e+09
1.701283498181216002e+09
1.701283499931917906e+09
1.701283501694189072e+09
1.701283503454396963e+09
1.701283504518835068e+09
1.701283568982973099e+09
1.701283570657578945e+09
1.701283571719371080e+09
1.701283609925789118e+09
1.701283611594818115e+09
1.701283612177526951e+09
1.701284007772277117e+09
1.701284009440494061e+09
1.701284011183242083e+09
1.701284012937269926e+09
1.701284014701261044e+09
1.701284016462865114e+09
1.701284018222426891e+09
1.701284019974775076e+09
1.701284020993962049e+09
1.701284032261445045e+09
1.701284033929796934e+09
1.701284035629132032e+09
1.701284037388860941e+09
1.701284039140971899e+09
1.701284039327238083e+09
1.701284101139220953e+09
1.701284102821069002e+09
1.701284104577703953e+09
1.701284106342562914e+09
1.701284107404824018e+09
1.701284113991362095e+09
1.701284115758538008e+09
1.701284117505208969e+09
1.701284119259166002e+09
1.701284120752444029e+09
1.701284129146254063e+09
1.701284130815278053e+09
1.701284131417761087e+09
1.701284137427092075e+09
1.701284139183511972e+09
1.701284140243125916e+09
1.701284146994935989e+09
1.701284148661592007e+09
1.701284150334539890e+09
1.701284152049207926e+09
1.701284153800573111e+09
1.701284155292979002e+09
1.701284161688972950e+09
1.701284163450105906e+09
1.701284164522631884e+09
1.701284220850816965e+09
1.701284221015805006e+09
1.701284229079962969e+09
1.701284232473007917e+09
1.701284235972605944e+09
1.701284239470851898e+09
1.701284240531533003e+09
1.701284290930684090e+09
1.701284294455938101e+09
1.701284295948774099e+09
1.701284300560193062e+09
1.701284302284241915e+09
1.701284304044600964e+09
1.701284304691101074e+09
1.701284316921329021e+09
1.701284318594249010e+09
1.701284320264893055e+09
1.701284321304413080e+09
1.701284475401119947e+09
1.701284477137727976e+09
1.701284478900796890e+09
1.701284480666167021e+09
1.701284482425143003e+09
1.701284484184762955e+09
1.701284485945647001e+09
1.701284487704749107e+09
1.701284489460098028e+09
1.701284491150808096e+09
1.701284492820940018e+09
1.701284494495625019e+09
1.701284496237778902e+09
1.701284497991610050e+09
1.701284499753429890e+09
1.701284501510499954e+09
1.701284503195235968e+09
1.701284504866638899e+09
1.701284506537573099e+09
1.701284507146754026e+09
1.701284558419272900e+09
1.701284560174191952e+09
1.701284561940666914e+09
1.701284563696779013e+09
1.701284565443053961e+09
1.701284566507361889e+09
1.701284621632496119e+09
1.701284623302345037e+09
1.701284624973809958e+09
1.701284626665914059e+09
1.701284627248763084e+09
1.701284633461318970e+09
1.701284635130517960e+09
1.701284636804047108e+09
1.701284637474247932e+09
1.701284657906377077e+09
1.701284659577218056e+09
1.701284661312140942e+09
1.701284662021801949e+09
1.701284693451971054e+09
1.701284695123193026e+09
1.701284696124331951e+09
1.701284736083019018e+09
1.701284737839703083e+09
1.701284739600668907e+09
1.701284741369096994e+09
1.701284743148137093e+09
1.701284744907810926e+09
1.701284746670030117e+09
1.701284748430799007e+09
1.701284750191972017e+09
1.701284751958936930e+09
1.701284753650785923e+09
1.701284755320972919e+09
1.701284756993410110e+09
1.701284758041872025e+09
1.701284787480073929e+09
1.701284789234677076e+09
1.701284790302627087e+09
1.701284841990760088e+09
1.701284843661587954e+09
1.701284845370415926e+09
1.701284847137007952e+09
1.701284848890847921e+09
1.701284850651499987e+09
1.701284852411994934e+09
1.701284854178144932e+09
1.701284855932816982e+09
1.701284857688590050e+09
1.701284857878897905e+09
1.701284920663410902e+09
1.701284922335100889e+09
1.701284924031861067e+09
1.701284925790527105e+09
1.701284926421036959e+09
1.701284929810167074e+09
1.701284931481708050e+09
1.701284933150860071e+09
1.701284934631086111e+09
1.701285083689985991e+09
1.701285085447312117e+09
1.701285087212538958e+09
1.701285088971429110e+09
1.701285090730067968e+09
1.701285090958798885e+09
1.701285122557496071e+09
1.701285124227185965e+09
1.701285125896327019e+09
1.701285127629024029e+09
1.701285129321724892e+09
1.701285130993215084e+09
1.701285132663044930e+09
1.701285134409287930e+09
1.701285135479460001e+09
1.701285236200304985e+09
1.701285237963558912e+09
1.701285239731460094e+09
1.701285241496370077e+09
1.701285242565953016e+09
1.701286053596806049e+09
1.701286054925348043e+09
1.701286056251538038e+09
1.701286057567400932e+09
1.701286058936986923e+09
1.701286060260982037e+09
1.701286061574276924e+09
1.701286061585361004e+09
1.701286062963022947e+09
1.701286064426889896e+09
1.701286065891340017e+09
1.701286067356642008e+09
1.701286068826167107e+09
1.701286070591141939e+09
1.701286071919509888e+09
1.701286073253192902e+09
1.701286074569447041e+09
1.701286076022834063e+09
1.701286077477255106e+09
1.701286077842703104e+09
1.701286079238038063e+09
1.701286080571006060e+09
1.701286081904977083e+09
1.701286083238720894e+09
1.701286084671190023e+09
1.701286086138978004e+09
1.701286087520874977e+09
1.701286088852988958e+09
1.701286090185267925e+09
1.701286091537519932e+09
1.701286092998608112e+09
1.701286094462563038e+09
1.701286095932228088e+09
1.701286097401302099e+09
1.701286098860755920e+09
1.701286100233455896e+09
1.701286101568522930e+09
1.701286102905932903e+09
1.701286104263978004e+09
1.701286105642667055e+09
1.701286106979264975e+09
1.701286108322315931e+09
1.701286109687099934e+09
1.701286111160051107e+09
1.701286112622550011e+09
1.701286114080213070e+09
1.701286115533886909e+09
1.701286116992810965e+09
1.701286118451467037e+09
1.701286119930891037e+09
1.701286121419311047e+09
1.701286122894102097e+09
1.701286124362976074e+09
1.701286125841587067e+09
1.701286127326138020e+09
1.701286128808442116e+09
1.701286130261714935e+09
1.701286132260548115e+09
1.701286133585841894e+09
1.701286134929137945e+09
1.701286136366779089e+09
1.701286137812165022e+09
1.701286138565865040e+09
1.701286139973917007e+09
1.701286229236097097e+09
1.701286229241419077e+09
1.701286234513030052e+09
1.701286236179265022e+09
1.701286237848392963e+09
1.701286238528908014e+09
1.701286268536326885e+09
1.701286270202994108e+09
1.701286271870594025e+09
1.701286273602510929e+09
1.701286274663438082e+09
1.701286677196948051e+09
1.701286678961219072e+09
1.701286680716545105e+09
1.701286682474071980e+09
1.701286684235336065e+09
1.701286685993643999e+09
1.701286687758688927e+09
1.701286689516299963e+09
1.701286691277703047e+09
1.701286691895600080e+09
1.701286712770999908e+09
1.701286716398514032e+09
1.701286717786155939e+09
1.701286719188028097e+09
1.701286720452426910e+09
1.701286729400412083e+09
1.701286730712836027e+09
1.701286732027519941e+09
1.701286733397114038e+09
1.701286734791857004e+09
1.701286736228297949e+09
1.701286737661323071e+09
1.701286739078777075e+09
1.701286740333386898e+09
1.701286749238378048e+09
1.701286750549841881e+09
1.701286751864406109e+09
1.701286753237149954e+09
1.701286754628417969e+09
1.701286756062800884e+09
1.701286757488631010e+09
1.701286757702999115e+09
1.701286766944227934e+09
1.701286768265638113e+09
1.701286769584780931e+09
1.701286770458954096e+09
1.701286780510596037e+09
1.701286781827389002e+09
1.701286783139745951e+09
1.701286784557986021e+09
1.701286785467459917e+09
1.701286792593494892e+09
1.701286793906903028e+09
1.701286795221610069e+09
1.701286796369909048e+09
1.701286862332287073e+09
1.701286863644537926e+09
1.701286865045958042e+09
1.701286866438488960e+09
1.701286867675004959e+09
1.701286885784900904e+09
1.701286887105437040e+09
1.701286888418554068e+09
1.701286889743494034e+09
1.701286891167222023e+09
1.701286892576806068e+09
1.701286894002496004e+09
1.701286895438194990e+09
1.701286896872275114e+09
1.701286898130244970e+09
1.701286956351808071e+09
1.701286957658850908e+09
1.701286959086853981e+09
1.701286960525254965e+09
1.701286961941390038e+09
1.701286963203541994e+09
1.701287004148925066e+09
1.701287005460923910e+09
1.701287006805458069e+09
1.701287008225128889e+09
1.701287009644829988e+09
1.701287010544483900e+09
1.701287026687119007e+09
1.701287028076280117e+09
1.701287028983150005e+09
1.701287051539972067e+09
1.701287052857809067e+09
1.701287054198357105e+09
1.701287055530713081e+09
1.701287056883099079e+09
1.701287058194978952e+09
1.701287059016853094e+09
1.701288034994285107e+09
1.701288036314630985e+09
1.701288037562433958e+09
1.701289200178739071e+09
1.701289201850653887e+09
1.701289203523092985e+09
1.701289205268644094e+09
1.701289207021215916e+09
1.701289208515692949e+09
1.701289220196115017e+09
1.701289220282340050e+09
1.701289226652884007e+09
1.701289228320975065e+09
1.701289229319067955e+09
1.701289256387998104e+09
1.701289258056627989e+09
1.701289259727443933e+09
1.701289260783859015e+09
1.701289270853060007e+09
1.701289272522005081e+09
1.701289274223766088e+09
1.701289275277353048e+09
1.701289285647136927e+09
1.701289287326772928e+09
1.701289289099416018e+09
1.701289290857326031e+09
1.701289291485419989e+09
1.701289301858474016e+09
1.701289303527260065e+09
1.701289305198589087e+09
1.701289305802304029e+09
1.701289424005934000e+09
1.701289425676053047e+09
1.701289427381340027e+09
1.701289428444305897e+09
1.701289442067399025e+09
1.701289443737628937e+09
1.701289445406951904e+09
1.701289447152264118e+09
1.701289448901494980e+09
1.701289450665169001e+09
1.701289452424669981e+09
1.701289454190386057e+09
1.701289455946458101e+09
1.701289457703007936e+09
1.701289459467119932e+09
1.701289461221939087e+09
1.701289462989752054e+09
1.701289464682817936e+09
1.701289466355741024e+09
1.701289468028965950e+09
1.701289469770795107e+09
1.701289471532053947e+09
1.701289473225045919e+09
1.701289474896651983e+09
1.701289476568094969e+09
1.701289478315027952e+09
1.701289480074870110e+09
1.701289481838624954e+09
1.701289483603861094e+09
1.701289485366080046e+09
1.701289487129965067e+09
1.701289488893477917e+09
1.701289490658818960e+09
1.701289492416486025e+09
1.701289494173829079e+09
1.701289495865463018e+09
1.701289497536180019e+09
1.701289499209141016e+09
1.701289500950752020e+09
1.701289502712860107e+09
1.701289504405858040e+09
1.701289506075943947e+09
1.701289507746077061e+09
1.701289509492909908e+09
1.701289511249444962e+09
1.701289512938759089e+09
1.701289514611579895e+09
1.701289516281043053e+09
1.701289517990375042e+09
1.701289519662420988e+09
1.701289521332583904e+09
1.701289523036520004e+09
1.701289524792572021e+09
1.701289526484890938e+09
1.701289528155056000e+09
1.701289529829250097e+09
1.701289531573414087e+09
1.701289533326904058e+09
1.701289535092041016e+09
1.701289536842900038e+09
1.701289538596889973e+09
1.701289540305913925e+09
1.701289540473432064e+09
1.701289998736115932e+09
1.701290000420242071e+09
1.701290001521625996e+09
1.701290015853902102e+09
1.701290017523960114e+09
1.701290019198782921e+09
1.701290020946055889e+09
1.701290022704147100e+09
1.701290024462176085e+09
1.701290026220581055e+09
1.701290027977695942e+09
1.701290029039622068e+09
1.701290296560931921e+09
1.701290297878140926e+09
1.701290299190679073e+09
1.701290300502099991e+09
1.701290301396888018e+09
1.701290325708823919e+09
1.701290327030236959e+09
1.701290328410553932e+09
1.701290329841362953e+09
1.701290330026474953e+09
1.701290340032139063e+09
1.701290345533354044e+09
1.701290346844507933e+09
1.701290348154325962e+09
1.701290349297856092e+09
1.701290379643147945e+09
1.701290380957182884e+09
1.701290382106069088e+09
1.701290395742903948e+09
1.701290397063771963e+09
1.701290398382282972e+09
1.701290399801352978e+09
1.701290401190766096e+09
1.701290402615485907e+09
1.701290404004951954e+09
1.701290405447213888e+09
1.701290406867484093e+09
1.701290408288942099e+09
1.701290409728337049e+09
1.701290411145925999e+09
1.701290412584803104e+09
1.701290414028759956e+09
1.701290415446042061e+09
1.701290416866164923e+09
1.701290418277460098e+09
1.701290419706099033e+09
1.701290421136329889e+09
1.701290422559406996e+09
1.701290423989332914e+09
1.701290425422189951e+09
1.701290426861882925e+09
1.701290428302800894e+09
1.701290429738662004e+09
1.701290431182910919e+09
1.701290432611377001e+09
1.701290434028238058e+09
1.701290435454312086e+09
1.701290436896639109e+09
1.701290438300586939e+09
1.701290439750212908e+09
1.701290441192148924e+09
1.701290442590183973e+09
1.701290444008486986e+09
1.701290445414752960e+09
1.701290446831583023e+09
1.701290448265177965e+09
1.701290449671371937e+09
1.701290451114177942e+09
1.701290452543859959e+09
1.701290453948723078e+09
1.701290455383465052e+09
1.701290456798425913e+09
1.701290458227545023e+09
1.701290459621598959e+09
1.701290461058279991e+09
1.701290461617749929e+09
1.701290599593854904e+09
1.701290600909440041e+09
1.701290602360959053e+09
1.701290603789764881e+09
1.701290604705677032e+09
1.701290619299959898e+09
1.701290621027340889e+09
1.701290622782625914e+09
1.701290624536492109e+09
1.701290625591593981e+09
1.701290658637712002e+09
1.701290660308264971e+09
1.701290661974343061e+09
1.701290663020948887e+09
1.701290730045851946e+09
1.701290731712429047e+09
1.701290733381906986e+09
1.701290733987535000e+09
