1.710443900971009970e+09
1.710443913611367941e+09
1.710443926158422947e+09
1.710443938549459934e+09
1.710443951191292048e+09
1.710443963832240105e+09
1.710443976474648952e+09
1.710443989141613960e+09
1.710444001785763979e+09
1.710444014429552078e+09
1.710444027074114084e+09
1.710444039713366032e+09
1.710444052354161024e+09
1.710444064996373892e+09
1.710444077636445999e+09
1.710444090280697107e+09
1.710444102925482035e+09
1.710444115567295074e+09
1.710444127886492968e+09
1.710444140530174017e+09
1.710444153171940088e+09
1.710444165788963079e+09
1.710444178133438110e+09
1.710444190777637959e+09
1.710444203421442032e+09
1.710444216062792063e+09
1.710444228706191063e+09
1.710444241350450993e+09
1.710444253991555929e+09
1.710444266633064985e+09
1.710444279275752068e+09
1.710444291918649912e+09
1.710444304563002110e+09
1.710444317205172062e+09
1.710444329848418951e+09
1.710444342492346048e+09
1.710444355134277105e+09
1.710444367778505087e+09
1.710444380420778990e+09
1.710444393063635111e+09
1.710444405707182884e+09
1.710444418349519968e+09
1.710444430990310907e+09
1.710444443633836985e+09
1.710444456274498940e+09
1.710444468917645931e+09
1.710444481560606956e+09
1.710444489665401936e+09
