1.704732731104300976e+09
1.704732776020982027e+09
1.704732821693634033e+09
1.704732866965162039e+09
1.704732912573554993e+09
1.704732958237291098e+09
1.704733003892489910e+09
1.704733049518428087e+09
1.704733095197329044e+09
1.704733140830172062e+09
1.704733186096565962e+09
1.704733231360709906e+09
1.704733277066915989e+09
1.704733322732353926e+09
1.704733368421911001e+09
1.704733413703862906e+09
1.704733459008419037e+09
1.704733504683480024e+09
1.704733550367078066e+09
1.704733596019771099e+09
1.704733641670455933e+09
1.704733687384430885e+09
1.704733733069489002e+09
1.704733778751593113e+09
1.704733824433710098e+09
1.704733870150100946e+09
1.704733915828610897e+09
1.704733961112323046e+09
1.704734006804590940e+09
1.704734052490431070e+09
1.704734098164875031e+09
1.704734143859519958e+09
1.704734189553724051e+09
1.704734235202014923e+09
1.704734280888211966e+09
1.704734326537693024e+09
1.704734371797123909e+09
1.704734417463294983e+09
1.704734463110671043e+09
1.704734508824176073e+09
1.704734554465317965e+09
1.704734600182696104e+09
1.704734645894373894e+09
1.704734691578871012e+09
1.704734736873187065e+09
1.704734782549531937e+09
1.704734828243560076e+09
1.704734873933417082e+09
1.704734919238658905e+09
1.704734964553354025e+09
1.704735010233279943e+09
1.704735055967040062e+09
1.704735101695982933e+09
1.704735147370912075e+09
1.704735193110213995e+09
1.704735238414609909e+09
1.704735284098758936e+09
1.704735329788083076e+09
1.704735375082369089e+09
1.704735420796336889e+09
1.704735466483347893e+09
1.704735512182759047e+09
1.704735557850644112e+09
1.704735603549716949e+09
1.704735649270903111e+09
1.704735695014345884e+09
1.704735740585988045e+09
1.704735786012980938e+09
1.704735831743861914e+09
1.704735877400114059e+09
1.704735923084038019e+09
1.704735968816324949e+09
1.704736014518990040e+09
1.704736060252644062e+09
1.704736106034992933e+09
1.704736151810575008e+09
1.704736197542989016e+09
1.704736242901176929e+09
1.704736288252573013e+09
1.704736290893824100e+09
