1.709915290219542980e+09
1.709915302623323917e+09
1.709915314871824980e+09
1.709915327511526108e+09
1.709915340172017097e+09
1.709915352836002111e+09
1.709915365454037905e+09
1.709915378091269970e+09
1.709915390434010983e+09
1.709915403096246958e+09
1.709915415740581036e+09
1.709915428403712034e+09
1.709915440831224918e+09
1.709915453357552052e+09
1.709915465994241953e+09
1.709915478656033993e+09
1.709915491297209024e+09
1.709915503937769890e+09
1.709915516320513964e+09
1.709915528873235941e+09
1.709915541371218920e+09
1.709915553829981089e+09
1.709915566467149973e+09
1.709915579107806921e+09
1.709915591746480942e+09
1.709915604382060051e+09
1.709915617018836975e+09
1.709915629339565039e+09
1.709915641790548086e+09
1.709915654293832064e+09
1.709915666955101013e+09
1.709915679496840000e+09
1.709915691907896996e+09
1.709915704541547060e+09
1.709915716900285006e+09
1.709915729543246984e+09
1.709915741831870079e+09
1.709915754472611904e+09
1.709915767135150909e+09
1.709915779776743889e+09
1.709915792422094107e+09
1.709915805062303066e+09
1.709915817729171038e+09
1.709915830370843887e+09
1.709915843034574986e+09
1.709915855680624008e+09
1.709915868017577887e+09
1.709915878993917942e+09
