1.710450426613276005e+09
1.710450428097493887e+09
1.710450429582667112e+09
1.710450431139374018e+09
1.710450432740438938e+09
1.710450434318360090e+09
1.710450435802896023e+09
1.710450437287494898e+09
1.710450438795839071e+09
1.710450440351471901e+09
1.710450441952914000e+09
1.710450443554135084e+09
1.710450445155627012e+09
1.710450446758614063e+09
1.710450448357604980e+09
1.710450449982192039e+09
1.710450451583412886e+09
1.710450453184541941e+09
1.710450454786257029e+09
1.710450456387069941e+09
1.710450458011624098e+09
1.710450459635891914e+09
1.710450461260713100e+09
1.710450462885907888e+09
1.710450464510751009e+09
1.710450466111490965e+09
1.710450467735140085e+09
1.710450469335848093e+09
1.710450470936712980e+09
1.710450472560342073e+09
1.710450474184286118e+09
1.710450475785068989e+09
1.710450477386368990e+09
1.710450479009618044e+09
1.710450480610517979e+09
1.710450482211224079e+09
1.710450483837824106e+09
1.710450485436217070e+09
1.710450487060375929e+09
1.710450488684654951e+09
1.710450490308235884e+09
1.710450491908695936e+09
1.710450493532640934e+09
1.710450495133445024e+09
1.710450496756798029e+09
1.710450498380822897e+09
1.710450500027770996e+09
1.710450501653786898e+09
1.710450503276350021e+09
1.710450504899389029e+09
1.710450506499701977e+09
1.710450508124918938e+09
1.710450509723416090e+09
1.710450511370487928e+09
1.710450512993623972e+09
1.710450514594063997e+09
1.710450516218094110e+09
1.710450517841495037e+09
1.710450519441859961e+09
1.710450521066281080e+09
1.710450522668309927e+09
1.710450524291327000e+09
1.710450525915498972e+09
1.710450527539287090e+09
1.710450529162988901e+09
1.710450530763344049e+09
1.710450532386791945e+09
1.710450533988984108e+09
1.710450535589035034e+09
1.710450537189512968e+09
1.710450538813122988e+09
1.710450540437536955e+09
1.710450542038237095e+09
1.710450543638252974e+09
1.710450545263062954e+09
1.710450546863060951e+09
1.710450548439948082e+09
1.710450549947787046e+09
1.710450551432146072e+09
1.710450552916701078e+09
1.710450554494667053e+09
1.710450556118560076e+09
1.710450557671680927e+09
1.710450559156454086e+09
1.710450560664516926e+09
1.710450562220659018e+09
1.710450563821048975e+09
1.710450565421788931e+09
1.710450567022192001e+09
1.710450568622473955e+09
1.710450570246136904e+09
1.710450571870136976e+09
1.710450573470437050e+09
1.710450575070305109e+09
1.710450576670909882e+09
1.710450578295762062e+09
1.710450579919903994e+09
1.710450581542777061e+09
1.710450583166716099e+09
1.710450584790441036e+09
1.710450586414086103e+09
1.710450588015201092e+09
1.710450589616164923e+09
1.710450591217504025e+09
1.710450592840615988e+09
1.710450594464447975e+09
1.710450596088202953e+09
1.710450597712105989e+09
1.710450599335479021e+09
1.710450600936530113e+09
1.710450602560532093e+09
1.710450604160816908e+09
1.710450605762149096e+09
1.710450607362318039e+09
1.710450608962627888e+09
1.710450610563091040e+09
1.710450612163419962e+09
1.710450613787482023e+09
1.710450615411967039e+09
1.710450617035738945e+09
1.710450618659548044e+09
1.710450620283682108e+09
1.710450621907568932e+09
1.710450623531526089e+09
1.710450625178951025e+09
1.710450626779350042e+09
1.710450628379959106e+09
1.710450630004345894e+09
1.710450631604715109e+09
1.710450633205596924e+09
1.710450634806154966e+09
1.710450636430270910e+09
1.710450638053308010e+09
1.710450639654184103e+09
1.710450641278065920e+09
1.710450642902017117e+09
1.710450644502765894e+09
1.710450646105134964e+09
1.710450647704176903e+09
1.710450649304438114e+09
1.710450650905303955e+09
1.710450652529017925e+09
1.710450654152674913e+09
1.710450655776321888e+09
1.710450657377190113e+09
1.710450659001102924e+09
1.710450660625135899e+09
1.710450662248713970e+09
1.710450663849493027e+09
1.710450665450201988e+09
1.710450667073820114e+09
1.710450668674905062e+09
1.710450670276853085e+09
1.710450671877820015e+09
1.710450673501604080e+09
1.710450675125751972e+09
1.710450676749435902e+09
1.710450678349927902e+09
1.710450679974574089e+09
1.710450681597774029e+09
1.710450683198383093e+09
1.710450684821907997e+09
1.710450686422578096e+09
1.710450688022787094e+09
1.710450689623445034e+09
1.710450691270637989e+09
1.710450692871625900e+09
1.710450694495636940e+09
1.710450696119441986e+09
1.710450697720191956e+09
1.710450699320148945e+09
1.710450700944634914e+09
1.710450702545089960e+09
1.710450704145636082e+09
1.710450705746059895e+09
1.710450707370729923e+09
1.710450708994260073e+09
1.710450710618479967e+09
1.710450712242284060e+09
1.710450713866795063e+09
1.710450715466978073e+09
1.710450717068434000e+09
1.710450718669169903e+09
1.710450720270332098e+09
1.710450721893753052e+09
1.710450723518173933e+09
1.710450725141900063e+09
1.710450726743467093e+09
1.710450728367486000e+09
1.710450729968257904e+09
1.710450731593322992e+09
1.710450733215884924e+09
1.710450734839473009e+09
1.710450736440685034e+09
1.710450738042006969e+09
1.710450739665478945e+09
1.710450741265872002e+09
1.710450742889580965e+09
1.710450744490803957e+09
1.710450746090874910e+09
1.710450747691088915e+09
1.710450749295145035e+09
1.710450750892971992e+09
1.710450752493814945e+09
1.710450754140489101e+09
1.710450755764333963e+09
1.710450757388242006e+09
1.710450759011960983e+09
1.710450760613807917e+09
1.710450762235548973e+09
1.710450763859858990e+09
1.710450765460628986e+09
1.710450767061053038e+09
1.710450768662069082e+09
1.710450770262346029e+09
1.710450771864135981e+09
1.710450773486701012e+09
1.710450775110196114e+09
1.710450776710901976e+09
1.710450778357789993e+09
1.710450779887233019e+09
1.710450781371844053e+09
1.710450782856282949e+09
1.710450784389177084e+09
1.710450786012324095e+09
1.710450787613153934e+09
1.710450789213710070e+09
1.710450790837239027e+09
1.710450792460794926e+09
1.710450794061556101e+09
1.710450795662460089e+09
1.710450797262722015e+09
1.710450798887815952e+09
1.710450800487947941e+09
1.710450802089180946e+09
1.710450803690152884e+09
1.710450805314133883e+09
1.710450806937517881e+09
1.710450808539383888e+09
1.710450810139503002e+09
1.710450811763508081e+09
1.710450813364351988e+09
1.710450814989356041e+09
1.710450816589420080e+09
1.710450818214684963e+09
1.710450819839848042e+09
1.710450821462038994e+09
1.710450823086625099e+09
1.710450824710515022e+09
1.710450826333878994e+09
1.710450827941308022e+09
1.710450829558906078e+09
1.710450831183454037e+09
1.710450832784333944e+09
1.710450834337382078e+09
1.710450835822448969e+09
1.710450837307005882e+09
1.710450838816380024e+09
1.710450840416966915e+09
1.710450842017463923e+09
1.710450843641499043e+09
1.710450845265763998e+09
1.710450846866853952e+09
1.710450848467523098e+09
1.710450850090528965e+09
1.710450851694648981e+09
1.710450853315448046e+09
1.710450854962915897e+09
1.710450856586730003e+09
1.710450858210206985e+09
1.710450859810286999e+09
1.710450861410501003e+09
1.710450863011266947e+09
1.710450864635349989e+09
1.710450866259243011e+09
1.710450867861540079e+09
1.710450869484703064e+09
1.710450871109050989e+09
1.710450872709827900e+09
1.710450874334638119e+09
1.710450875959474087e+09
1.710450877559693098e+09
1.710450879164798975e+09
1.710450880785155058e+09
1.710450882409600973e+09
1.710450884010477066e+09
1.710450885612190962e+09
1.710450887214061022e+09
1.710450888814531088e+09
1.710450890415133953e+09
1.710450892040155888e+09
1.710450893641190052e+09
1.710450895266182899e+09
1.710450896866179943e+09
1.710450898466979027e+09
1.710450900091375113e+09
1.710450901739731073e+09
1.710450903340537071e+09
1.710450904964791059e+09
1.710450906615256071e+09
1.710450908236522913e+09
1.710450909837579012e+09
1.710450911438456059e+09
1.710450913039261103e+09
1.710450914663419962e+09
1.710450916287092924e+09
1.710450917910825968e+09
1.710450919511431932e+09
1.710450921134792089e+09
1.710450922735179901e+09
1.710450924335325003e+09
1.710450925935817003e+09
1.710450927582931042e+09
1.710450929183149099e+09
1.710450930807055950e+09
1.710450932407706976e+09
1.710450934054523945e+09
1.710450935677964926e+09
1.710450937301645041e+09
1.710450938926052094e+09
1.710450940549607038e+09
1.710450942173144102e+09
1.710450943774543047e+09
1.710450945374645948e+09
1.710450946998857975e+09
1.710450948598000050e+09
1.710450950221808910e+09
1.710450951845215082e+09
1.710450953468993902e+09
1.710450955069847107e+09
1.710450956669709921e+09
1.710450958269581079e+09
1.710450959893266916e+09
1.710450961493705988e+09
1.710450963095199108e+09
1.710450964695801020e+09
1.710450966318917036e+09
1.710450967919802904e+09
1.710450969519892931e+09
1.710450971119832993e+09
1.710450972744508982e+09
1.710450974344625950e+09
1.710450975946288109e+09
1.710450977545941114e+09
1.710450979169980049e+09
1.710450980793735981e+09
1.710450982394489050e+09
1.710450984021692038e+09
1.710450985642394066e+09
1.710450987243124962e+09
1.710450988844189882e+09
1.710450990445091009e+09
1.710450992070252895e+09
1.710450993692892075e+09
1.710450995318825960e+09
1.710450996941653967e+09
1.710450998564810038e+09
1.710451000188713074e+09
1.710451001789287090e+09
1.710451003412946939e+09
1.710451005036793947e+09
1.710451006637001991e+09
1.710451008261497021e+09
1.710451009886066914e+09
1.710451011509439945e+09
1.710451013114507914e+09
1.710451014735027075e+09
1.710451016335206032e+09
1.710451017959240913e+09
1.710451019582525969e+09
1.710451021206840992e+09
1.710451022830929995e+09
1.710451024384721994e+09
1.710451025893126011e+09
1.710451026826082945e+09
