1.710272010591819048e+09
1.710272022514312983e+09
1.710272034506395102e+09
1.710272046407871962e+09
1.710272058397604942e+09
1.710272070318217993e+09
1.710272082216357946e+09
1.710272094139405966e+09
1.710272106063640118e+09
1.710272118078632116e+09
1.710272130030438900e+09
1.710272142017682076e+09
1.710272153942068100e+09
1.710272165886733055e+09
1.710272177832340002e+09
1.710272189779153109e+09
1.710272201747814894e+09
1.710272213694729090e+09
1.710272225662421942e+09
1.710272237561602116e+09
1.710272249532521009e+09
1.710272261499846935e+09
1.710272273443217993e+09
1.710272285435518980e+09
1.710272297403913021e+09
1.710272309371356010e+09
1.710272321292654991e+09
1.710272333260071993e+09
1.710272345206324100e+09
1.710272357174526930e+09
1.710272369072460890e+09
1.710272381041589975e+09
1.710272392940303087e+09
1.710272404862391949e+09
1.710272416923707962e+09
1.710272428850939989e+09
1.710272440792609930e+09
1.710272452951903105e+09
1.710272464918431044e+09
1.710272476932235003e+09
1.710272488829473972e+09
1.710272500798690081e+09
1.710272512724066973e+09
1.710272524757396936e+09
1.710272536702739954e+09
1.710272548625144005e+09
1.710272560546484947e+09
1.710272572562614918e+09
1.710272584580013990e+09
1.710272596530347109e+09
1.710272600107628107e+09
