1.710516780617191076e+09
1.710516782102446079e+09
1.710516783610053062e+09
1.710516785141491890e+09
1.710516786673094988e+09
1.710516788181024075e+09
1.710516789690310001e+09
1.710516791197352886e+09
1.710516792681860924e+09
1.710516794189922094e+09
1.710516795698354006e+09
1.710516797205595016e+09
1.710516798690589905e+09
1.710516800176213026e+09
1.710516801683836937e+09
1.710516803191966057e+09
1.710516804699908972e+09
1.710516806231307983e+09
1.710516807715929031e+09
1.710516809223834038e+09
1.710516810710144997e+09
1.710516812216476917e+09
1.710516813724199057e+09
1.710516815208894968e+09
1.710516816739954948e+09
1.710516818225553036e+09
1.710516819709661007e+09
1.710516821201080084e+09
1.710516822725924969e+09
1.710516824210796118e+09
1.710516825695482016e+09
1.710516827226568937e+09
1.710516828711424112e+09
1.710516830219243050e+09
1.710516831703944921e+09
1.710516833211740017e+09
1.710516834719887972e+09
1.710516836204849005e+09
1.710516837689451933e+09
1.710516839174086094e+09
1.710516840658371925e+09
1.710516842166151047e+09
1.710516843673882961e+09
1.710516845181808949e+09
1.710516846690023899e+09
1.710516848174571037e+09
1.710516849682693958e+09
1.710516851167684078e+09
1.710516852651910067e+09
1.710516854136806011e+09
1.710516855644844055e+09
1.710516857129502058e+09
1.710516858614027977e+09
1.710516860122901917e+09
1.710516861630476952e+09
1.710516863137701988e+09
1.710516864622360945e+09
1.710516866106914043e+09
1.710516867615298033e+09
1.710516869122570038e+09
1.710516870607629061e+09
1.710516872139497042e+09
1.710516873646334887e+09
1.710516875177406073e+09
1.710516876661897898e+09
1.710516878171592951e+09
1.710516879701240063e+09
1.710516881185549021e+09
1.710516882670407057e+09
1.710516884155456066e+09
1.710516885663484097e+09
1.710516887194639921e+09
1.710516888681231976e+09
1.710516890187361956e+09
1.710516891695101023e+09
1.710516893226166010e+09
1.710516894757961988e+09
1.710516896265539885e+09
1.710516897750382900e+09
1.710516899258817911e+09
1.710516900788305998e+09
1.710516902319359064e+09
1.710516903804085970e+09
1.710516905335140944e+09
1.710516906819575071e+09
1.710516908327378988e+09
1.710516909812664032e+09
1.710516911389020920e+09
1.710516912896812916e+09
1.710516914404783964e+09
1.710516915912756920e+09
1.710516917420263052e+09
1.710516918928236008e+09
1.710516920460196018e+09
1.710516921990456104e+09
1.710516923475450993e+09
1.710516924960539103e+09
1.710516926468485117e+09
1.710516927953191996e+09
1.710516929460843086e+09
1.710516930946434975e+09
1.710516932453465939e+09
1.710516933938036919e+09
1.710516935445838928e+09
1.710516936930551052e+09
1.710516938438584089e+09
1.710516939945859909e+09
1.710516941477901936e+09
1.710516943006989956e+09
1.710516944514082909e+09
1.710516946021100044e+09
1.710516947527791023e+09
1.710516949058058977e+09
1.710516950565246105e+09
1.710516952050092936e+09
1.710516953579425097e+09
1.710516955063568115e+09
1.710516956546941996e+09
1.710516958030792952e+09
1.710516959514722109e+09
1.710516961022253036e+09
1.710516962530328989e+09
1.710516964035957098e+09
1.710516965543086052e+09
1.710516967049971104e+09
1.710516968557338953e+09
1.710516970041409016e+09
1.710516971548587084e+09
1.710516973033224106e+09
1.710516974563292027e+09
1.710516976070558071e+09
1.710516977554828882e+09
1.710516979062258005e+09
1.710516980546714067e+09
1.710516982054063082e+09
1.710516983539143085e+09
1.710516985071291924e+09
1.710516986553206921e+09
1.710516988060487032e+09
1.710516989544821978e+09
1.710516991028079033e+09
1.710516992535286903e+09
1.710516994043920994e+09
1.710516995549688101e+09
1.710516997079927921e+09
1.710516998564095020e+09
1.710517000048160076e+09
1.710517001532758951e+09
1.710517003039724112e+09
1.710517004548135996e+09
1.710517006054210901e+09
1.710517007538232088e+09
1.710517009022233009e+09
1.710517010506377935e+09
1.710517011990365982e+09
1.710517013499291897e+09
1.710517014982058048e+09
1.710517016487879992e+09
1.710517017971930981e+09
1.710517019456079006e+09
1.710517020940128088e+09
1.710517022424062967e+09
1.710517023907901049e+09
1.710517025392807007e+09
1.710517026899084091e+09
1.710517028382994890e+09
1.710517029890225887e+09
1.710517031374056101e+09
1.710517032857728958e+09
1.710517034341599941e+09
1.710517035826297045e+09
1.710517037332405090e+09
1.710517038816032887e+09
1.710517040299964905e+09
1.710517041783840895e+09
1.710517043267751932e+09
1.710517044751933098e+09
1.710517046236990929e+09
1.710517047743678093e+09
1.710517049227587938e+09
1.710517050711491108e+09
1.710517052197530985e+09
1.710517053679754972e+09
1.710517055163692951e+09
1.710517056648452044e+09
1.710517058163070917e+09
1.710517059639000893e+09
1.710517061145961046e+09
1.710517062629853964e+09
1.710517064113859892e+09
1.710517065597846031e+09
1.710517067082504988e+09
1.710517068588996887e+09
1.710517070072971106e+09
1.710517071556636095e+09
1.710517073040494919e+09
1.710517074525074005e+09
1.710517076009162903e+09
1.710517077493630886e+09
1.710517079000509977e+09
1.710517080484215975e+09
1.710517081968533993e+09
1.710517083452112913e+09
1.710517084935978889e+09
1.710517086420084953e+09
1.710517087905153036e+09
1.710517089411782980e+09
1.710517090895396948e+09
1.710517092379367113e+09
1.710517093863358974e+09
1.710517095347337008e+09
1.710517096831204891e+09
1.710517098315896034e+09
1.710517099822236061e+09
1.710517101306010008e+09
1.710517102790046930e+09
1.710517104274133921e+09
1.710517105757817984e+09
1.710517107241894960e+09
1.710517108726460934e+09
1.710517110233004093e+09
1.710517111740118980e+09
1.710517113224201918e+09
1.710517114708482027e+09
1.710517116192864895e+09
1.710517117676881075e+09
1.710517119161998034e+09
1.710517120667962074e+09
1.710517122152234077e+09
1.710517123636605978e+09
1.710517125120918036e+09
1.710517126604854107e+09
1.710517128089097023e+09
1.710517129573962927e+09
1.710517131080774069e+09
1.710517132565048933e+09
1.710517134049524069e+09
1.710517135534018040e+09
1.710517137018343925e+09
1.710517138502317905e+09
1.710517139987554073e+09
1.710517141494254112e+09
1.710517142978283882e+09
1.710517144462789059e+09
1.710517145947096109e+09
1.710517147431819916e+09
1.710517148915973902e+09
1.710517150401391983e+09
1.710517151907974958e+09
1.710517153391916990e+09
1.710517154876445055e+09
1.710517156360975027e+09
1.710517157845195055e+09
1.710517159329262018e+09
1.710517160837224007e+09
1.710517162344430923e+09
1.710517163828418016e+09
1.710517165311988115e+09
1.710517166796550035e+09
1.710517168280930996e+09
1.710517169764935017e+09
1.710517171250294924e+09
1.710517172757122993e+09
1.710517174241787910e+09
1.710517175726219893e+09
1.710517177210505962e+09
1.710517178694936037e+09
1.710517180179053068e+09
1.710517181664292097e+09
1.710517183171638966e+09
1.710517184656430960e+09
1.710517186141637087e+09
1.710517187626384974e+09
1.710517189111372948e+09
1.710517190596240044e+09
1.710517192081800938e+09
1.710517193588995934e+09
1.710517195073853970e+09
1.710517196558353901e+09
1.710517198066191912e+09
1.710517199551124096e+09
1.710517201035511971e+09
1.710517202521303892e+09
1.710517204028194904e+09
1.710517205512897968e+09
1.710517206997390985e+09
1.710517208481631041e+09
1.710517209966417074e+09
1.710517211451014996e+09
1.710517212961232901e+09
1.710517214489887953e+09
1.710517215974006891e+09
1.710517217458502054e+09
1.710517218943003893e+09
1.710517220427185059e+09
1.710517221911643982e+09
1.710517223396255016e+09
1.710517224903706074e+09
1.710517226387940884e+09
1.710517227872725010e+09
1.710517229380516052e+09
1.710517230865237951e+09
1.710517232348937988e+09
1.710517233836116076e+09
1.710517235340692043e+09
1.710517236825042963e+09
1.710517238309890032e+09
1.710517239794051886e+09
1.710517241278316021e+09
1.710517242763020039e+09
1.710517244248111010e+09
1.710517245754827023e+09
1.710517247239279032e+09
1.710517248723576069e+09
1.710517250207896948e+09
1.710517251692486048e+09
1.710517253176666021e+09
1.710517254661386013e+09
1.710517256169528961e+09
1.710517257652507067e+09
1.710517259159975052e+09
1.710517260643929005e+09
1.710517262128364086e+09
1.710517263612804890e+09
1.710517265121527910e+09
1.710517266627806902e+09
1.710517268112301111e+09
1.710517269596518040e+09
1.710517271080725908e+09
1.710517272565006971e+09
1.710517274050693035e+09
1.710517275558119059e+09
1.710517277087558985e+09
1.710517278571918964e+09
1.710517280056303024e+09
1.710517281540915012e+09
1.710517283025105000e+09
1.710517284509471893e+09
1.710517285994090080e+09
1.710517287478254080e+09
1.710517288964617014e+09
1.710517290470601082e+09
1.710517291955349922e+09
1.710517293439666986e+09
1.710517294923909903e+09
1.710517296408221006e+09
1.710517297892787933e+09
1.710517299376816988e+09
1.710517300884268045e+09
1.710517302368463039e+09
1.710517303853108883e+09
1.710517305338144064e+09
1.710517306822094917e+09
1.710517308306116104e+09
1.710517309790498972e+09
1.710517311274863958e+09
1.710517312759337902e+09
1.710517314243630886e+09
1.710517315727607965e+09
1.710517317211558104e+09
1.710517318695683002e+09
1.710517320179704905e+09
1.710517321663944006e+09
1.710517323171247959e+09
1.710517324655580997e+09
1.710517326139916897e+09
1.710517327624270916e+09
1.710517329108686924e+09
1.710517330592914104e+09
1.710517332077078104e+09
1.710517333561268091e+09
1.710517335045373917e+09
1.710517336529458046e+09
1.710517338014106989e+09
1.710517339498187065e+09
1.710517340982769012e+09
1.710517342466747999e+09
1.710517343950900078e+09
1.710517345435132027e+09
1.710517346919507027e+09
1.710517348404473066e+09
1.710517349888163090e+09
1.710517351372243881e+09
1.710517352856417894e+09
1.710517354340521097e+09
1.710517355824786901e+09
1.710517357309111118e+09
1.710517358793129921e+09
1.710517360277120113e+09
1.710517361761159897e+09
1.710517363245640039e+09
1.710517364729971886e+09
1.710517366215388060e+09
1.710517367698348045e+09
1.710517369182914019e+09
1.710517370667288065e+09
1.710517372152899981e+09
1.710517373659197092e+09
1.710517375143614054e+09
1.710517376629976988e+09
1.710517378141300917e+09
1.710517379644017935e+09
1.710517380228205919e+09
