9.199231992138665048e-03
6.324738272224793810e-03
6.118884977563595826e-03
7.483686088679248651e-03
5.729008466762892937e-03
7.147906255377850689e-03
7.416779560660028900e-03
5.915611270975909552e-03
8.463998980435859590e-03
7.684010981253331860e-03
6.805523970993818290e-03
7.175795411920957850e-03
8.348668989018447062e-03
7.122826912082302550e-03
5.899264331609633399e-03
7.251588895680652694e-03
6.918125093264835754e-03
8.264928849122979773e-03
5.392552738479470392e-03
6.096419163299751816e-03
5.589307790152420879e-03
7.969387659407784971e-03
6.186973988754933956e-03
7.277196851529306801e-03
5.823690137192253508e-03
6.372087456219044550e-03
7.581074945636047911e-03
5.586147937316237287e-03
6.561456487872188194e-03
6.283210625590908947e-03
7.881738306236854563e-03
6.042040492793771325e-03
7.422559015164407505e-03
5.693778743768580612e-03
6.411310695174323414e-03
9.556934849120174782e-03
8.328821817900263283e-03
6.367178332496052640e-03
8.190127583358944655e-03
9.503854922311375658e-03
5.926185768188762214e-03
5.792993007668970247e-03
6.491120864517758993e-03
7.314694275530090120e-03
6.801618332621489973e-03
1.226841988216012536e-02
8.637158098984094173e-03
5.908781043719349424e-03
8.689863681243539806e-03
8.438068505055655241e-03
5.513023461388584165e-03
1.027692888082783022e-02
6.412999962261333939e-03
6.882206267342479838e-03
8.288190216612967981e-03
5.985739271116497645e-03
6.013591038314727681e-03
8.662940249586760164e-03
5.164114979590375860e-03
9.610694683838141850e-03
1.057050817501792826e-02
6.100624008182019102e-03
6.993298444535200539e-03
9.616012166553646046e-03
5.308807085787385464e-03
5.980828772837068312e-03
1.167404937011921016e-02
6.270439329166830993e-03
8.418813729587470984e-03
7.526329239409661372e-03
7.145683891898615622e-03
5.627186946475281996e-03
9.142522860975502846e-03
6.883351028179686242e-03
7.263536218196380359e-03
5.958601997050190675e-03
1.125815139035024268e-02
7.058408421706898958e-03
1.382990647745952276e-02
9.502613655266025500e-03
1.053262340917805913e-02
7.470824729302017256e-03
8.855099445775520620e-03
6.034968252561726670e-03
9.866687997077967787e-03
7.406932071223565860e-03
9.179192648156430517e-03
6.220993412610452064e-03
8.490787764100603610e-03
8.371959028762756064e-03
5.555459834963923094e-03
5.880157999759920255e-03
6.661058043869854881e-03
4.164434172191091958e-03
7.809043376839773683e-03
8.710553515501654603e-03
1.368314511587587386e-02
1.033692079423364531e-02
8.755261636593189914e-03
7.850060481173131571e-03
8.162903510479536245e-03
7.612024838814200611e-03
6.575136975897057263e-03
8.402243557879824146e-03
7.504444650279339796e-03
6.241649861497519311e-03
5.748504095834085226e-03
6.702176408738044940e-03
5.957757640655442916e-03
5.852753801990734708e-03
1.001738291680802015e-02
8.823288057216030836e-03
7.473671739644557714e-03
7.754763348320846579e-03
7.498885698593493222e-03
6.082325934739737407e-03
8.659092402104388159e-03
6.319730177093967928e-03
7.699782914675876340e-03
9.019635955596802881e-03
5.967004941476491964e-03
5.602167938558578857e-03
8.290085626023797893e-03
5.395139854411639714e-03
5.365932103598683792e-03
7.395864935479050384e-03
6.974652059320209790e-03
5.459374245410991353e-03
1.157725634152425957e-02
7.917132630528862097e-03
6.741803058210334328e-03
7.674713374075316404e-03
7.735177058973836429e-03
5.287634900796354433e-03
7.142495246675541545e-03
7.270866018034554713e-03
6.702552406262369741e-03
5.097519004523212542e-03
6.131499280648651344e-03
5.947169144397583714e-03
6.080607385379277127e-03
6.429509281798909646e-03
7.960544823061460953e-03
7.880995075693371724e-03
5.197931219891517574e-03
8.327171246505477020e-03
7.214686350695920757e-03
7.794673683418575430e-03
8.148857518558417362e-03
5.768039494410297403e-03
7.085797676190705441e-03
5.531752002408732091e-03
8.388781509443436757e-03
1.072337601157296282e-02
7.544247410972489132e-03
6.428659459051176174e-03
9.845840614045973591e-03
9.815431165585081566e-03
7.311885423464260791e-03
8.905707758858677839e-03
8.246649293885128032e-03
6.698594624401435493e-03
5.949454919157457465e-03
5.786976715847855918e-03
6.167458886652842087e-03
8.008434598908023908e-03
8.783459580595863458e-03
6.870805504133322555e-03
7.836939938957411186e-03
8.155685891072695856e-03
6.725277961863912295e-03
5.244465688448219677e-03
9.722644148718467133e-03
7.228450899669014613e-03
6.086891987089703034e-03
7.475957494434715481e-03
6.193438544855082821e-03
7.161473859171015380e-03
6.190326085853395041e-03
5.227856356482102861e-03
6.584468183281667192e-03
7.171588653467628541e-03
5.986223125577754510e-03
6.178581852425241334e-03
5.386635343923424322e-03
5.076450047224561647e-03
5.752289931206164102e-03
9.261972283553925392e-03
5.983212667347219925e-03
9.104814965820587705e-03
6.642898174727198367e-03
6.229985611937218296e-03
6.064675418994405418e-03
7.135268305241379214e-03
6.902196992002860264e-03
6.697218519762709876e-03
7.006363485185683124e-03
7.053468433420532341e-03
6.163836159628842057e-03
8.034554916226130730e-03
5.802808492864908185e-03
6.596443038679693574e-03
6.870961390391569848e-03
7.454931657821709141e-03
5.942211720306291370e-03
8.058980890301593175e-03
7.421180205040608067e-03
9.044896531455843061e-03
7.517188497315576041e-03
8.671983855131328023e-03
7.054273370266374646e-03
1.132871622624273024e-02
6.420335684327148004e-03
7.697867015920964798e-03
8.404119337842659923e-03
5.366353621638197437e-03
7.087231175423745234e-03
1.189330782819593424e-02
1.238708125232001502e-02
5.837438291424553241e-03
7.104197548907812895e-03
1.028056530205910188e-02
6.667566122910895642e-03
8.422753396001349604e-03
1.037991668395923245e-02
6.764216174639043656e-03
6.693547213950550197e-03
1.026183649842927689e-02
8.584680692634577212e-03
6.307854973639245508e-03
9.286989823736080049e-03
7.045915538256825213e-03
6.710848300044038386e-03
7.073927993969511552e-03
7.893598708531530256e-03
7.548606986253274601e-03
6.375369666291989985e-03
7.682300577589805390e-03
5.466458530138286129e-03
1.034189241822392608e-02
6.049329722283164693e-03
5.859440344054420852e-03
7.318185616349780730e-03
6.622094076567849527e-03
7.914268176724425369e-03
5.734282896385525102e-03
6.058177786836970238e-03
8.342869996885975831e-03
8.970789932354795645e-03
7.723189601666970681e-03
1.042452319135436789e-02
8.645814854613805001e-03
7.196954443922843996e-03
7.548782626840254591e-03
6.036551499259856790e-03
5.827131069796828190e-03
6.188099398588221313e-03
7.212226099674622255e-03
1.209436540730839810e-02
5.204734165740018854e-03
1.166240350093116461e-02
6.272576628599888481e-03
5.203696065424958696e-03
8.238068053105210634e-03
5.637743264667883711e-03
7.015620438072730190e-03
6.831753395693460074e-03
8.942439014686449916e-03
6.891792723510389504e-03
6.268981187981667418e-03
8.556373710981331898e-03
8.312977197308635616e-03
5.593060371623155384e-03
8.830269774109307870e-03
9.221512218659954144e-03
6.242877367719175397e-03
5.855397963463257992e-03
8.140543951591593802e-03
6.022783675063442949e-03
1.040246622787064680e-02
7.456756088710890344e-03
5.975151956229752225e-03
1.181252596293179240e-02
6.062494937980346041e-03
5.300164610171222146e-03
1.103332836609141783e-02
5.769221080405303667e-03
5.266023083412996880e-03
6.664285045359826833e-03
5.222240164161048859e-03
7.621132935719127262e-03
1.596852064228329940e-02
9.381398456930409302e-03
6.405190618295265523e-03
9.757328588419838036e-03
6.266417791566159662e-03
8.601921220039443483e-03
6.944313547990768783e-03
1.008893773860508949e-02
5.901277658219413781e-03
9.236964373544306883e-03
8.729688248350164423e-03
8.452063114232749239e-03
6.236240037223591930e-03
5.272693989924140227e-03
5.115467033135337634e-03
6.354884584247742947e-03
8.770347263937206678e-03
6.980557397011414276e-03
9.400591982838468405e-03
8.107669254012796548e-03
7.984184985079228331e-03
7.939233772469444714e-03
6.795596708122037671e-03
6.106739587699917295e-03
8.580611189797441793e-03
8.383122859791243206e-03
8.461328194134816461e-03
7.871658967034929691e-03
7.193819910050504307e-03
8.087253930187734974e-03
1.095089872632990825e-02
7.623142701876415780e-03
6.293446852300011232e-03
6.868244848398644652e-03
8.262722989489849554e-03
8.459209722762884784e-03
7.527382711064720122e-03
9.780860599523873850e-03
6.221290107223867785e-03
5.420431018883414657e-03
8.639722425893031632e-03
6.480398202215243743e-03
6.725011857303301623e-03
7.465778048910415819e-03
7.464192876926488592e-03
1.125879351831660796e-02
7.883774580612618391e-03
9.160886050481405543e-03
5.936819505447350070e-03
8.203123554083785463e-03
7.478095782410666345e-03
9.641458571387659729e-03
8.828560127711340688e-03
9.072622842286402756e-03
7.546470540305317415e-03
1.122334892608950301e-02
7.678366102957904192e-03
7.444828262366132848e-03
7.402683474881800729e-03
6.963281816540258136e-03
7.621009768048654827e-03
6.282045685865284695e-03
6.097888869894210577e-03
5.508392857898034706e-03
7.014428452063362941e-03
6.835747524359772273e-03
7.151475891133962648e-03
7.509613799822288313e-03
1.003793027363436563e-02
7.037875986789633373e-03
8.379502186766875013e-03
6.256140548211644795e-03
6.015221393066102519e-03
7.520091802726506375e-03
5.931043915112017839e-03
6.113311337149869400e-03
5.869352124041838856e-03
7.738645958210829852e-03
7.246280788055824498e-03
6.837502740796492368e-03
1.040284971327398202e-02
6.668036028569825774e-03
5.145866495117865785e-03
9.502487393701642901e-03
8.654585142829700553e-03
6.552564840360351923e-03
6.050485475352030719e-03
6.706097964689986153e-03
8.658489397182568201e-03
6.455580600334376654e-03
7.625001725709608900e-03
8.105944955864183288e-03
8.085784360710638816e-03
7.008853138018549499e-03
6.369244352083931922e-03
1.947537528113880978e-02
7.741184401480665465e-03
6.470772811032164673e-03
7.053019272357495713e-03
6.263391001965486031e-03
8.118479152414606603e-03
6.601072288470287083e-03
4.787667053161913898e-03
7.621602799097176341e-03
5.892289406742365690e-03
4.823061558000909382e-03
5.984800030410106046e-03
8.203094709358581607e-03
5.499439627541015743e-03
5.637404633649836967e-03
6.663240973914769105e-03
8.078559926782070272e-03
5.232695702321803026e-03
9.801154261431702097e-03
6.000502168088202651e-03
6.929877518753566230e-03
6.122929360817161784e-03
8.786054555779236608e-03
7.428695912455310878e-03
7.649556720232482225e-03
8.794818644412536607e-03
7.515421495403782660e-03
7.412170842718972773e-03
6.202020320575800209e-03
6.178989708610059702e-03
8.047032816177546524e-03
7.907655453610541035e-03
7.726876049852750977e-03
7.936144297316444912e-03
