6.912320116648132569e-03
6.112731579924667036e-03
3.302898579122821865e-02
7.230095279650283584e-03
7.789942698792301154e-03
8.022866440990806397e-03
7.432922528195015296e-03
6.383398991479940013e-03
5.768711795215825631e-03
8.501415684073193937e-03
5.288009630880476097e-03
9.531765178855882564e-03
7.850580269726356933e-03
8.189344090290108166e-03
9.363200726582726618e-03
9.882906452661117253e-03
6.850642025963380420e-03
9.761842996462146912e-03
8.775478769433395221e-03
7.466926593616823697e-03
8.188320226202626742e-03
1.052634920438411982e-02
7.110675879261387985e-03
9.467672430821178972e-03
7.337337742973077358e-03
6.350876250923714189e-03
6.679422338732541979e-03
8.539545816388469796e-03
8.704907116154571647e-03
1.085055940148566683e-02
7.786072389212611577e-03
6.425280838787078216e-03
1.099820870482411637e-02
9.243107458321355233e-03
8.371895192544581699e-03
7.073761836106464036e-03
1.061135156570949811e-02
9.157311373014533767e-03
8.668162527322406316e-03
7.877485928642203108e-03
1.014777007795277658e-02
8.216809019423013810e-03
7.928222725080938393e-03
7.558779248500916738e-03
6.232789181106907980e-03
1.270675645913959054e-02
9.744946477849800517e-03
7.552150396022572904e-03
1.389353773897100165e-02
9.471114590606575026e-03
1.367756827456952443e-02
8.576184257490914592e-03
8.039462137666800526e-03
8.897021748280420014e-03
8.924211970925972903e-03
9.381450189575486764e-03
7.508457217502957984e-03
7.154637535693228641e-03
8.252549405750791989e-03
9.810635740942952668e-03
7.332810382226251887e-03
7.773832634230676275e-03
6.091114954501056222e-03
8.806603080549885859e-03
7.565846410959883514e-03
8.747654909423986311e-03
1.458540065785273593e-02
8.270558402810487125e-03
8.890070696267605987e-03
9.771822016206310052e-03
8.600532018933097420e-03
6.419283780647737012e-03
7.523138667102746702e-03
6.160603362090353100e-03
7.112194330105489452e-03
8.083708299226060809e-03
7.660135770952613589e-03
7.777187732763252495e-03
9.270737412859135149e-03
7.708928557309254609e-03
7.842955172541543965e-03
8.165417862996338788e-03
1.379855163979751970e-02
9.784576186873039302e-03
6.851785740061188540e-03
7.792423369439143918e-03
7.908720566300073834e-03
9.242872221905101132e-03
1.193181889391056912e-02
7.344884394340839805e-03
6.862268684894141761e-03
8.598208996628168427e-03
1.074415955733197363e-02
6.146993029931337692e-03
8.399250957057501424e-03
9.777025445709035603e-03
1.090925709157907278e-02
9.826942801309730344e-03
7.763286426539344094e-03
9.252467069297675567e-03
1.023727947028583649e-02
7.901957273770871676e-03
6.385056453400680780e-03
8.916077571330125254e-03
7.759251825004778030e-03
6.954015641930147082e-03
8.240265684266867216e-03
9.451090990160298036e-03
8.831262641244830985e-03
1.008009919477055767e-02
9.734570839196024852e-03
7.669038218095889856e-03
9.377703369810686668e-03
1.133470289945006683e-02
1.014474692942962490e-02
1.166168495884484062e-02
7.235991699501975218e-03
1.298005522734162892e-02
1.172525142498254992e-02
8.286223783429219614e-03
7.365182126991444769e-03
7.848018386081118472e-03
1.212499904334949155e-02
1.335479296539237790e-02
7.840231709106176144e-03
6.857207174774631979e-03
1.140472877729884968e-02
9.487642894310727160e-03
1.146596125139604655e-02
1.079002246971343289e-02
7.074981083502685821e-03
7.757375610950694930e-03
9.763357301809903743e-03
7.502063465944197942e-03
7.754187229554415466e-03
1.065338271959445290e-02
7.364941511099742238e-03
6.518913654754284956e-03
7.850466266072152546e-03
8.597566780628371902e-03
8.705724460405260545e-03
1.075421399658496591e-02
9.067228801681355074e-03
1.023103880877594685e-02
7.434069861024909971e-03
8.085601956083647568e-03
6.249862790716271231e-03
8.961022887403012963e-03
9.611694645926652930e-03
7.889890675691029268e-03
8.074500515512865115e-03
6.761692456389484934e-03
7.682026927108563316e-03
7.879804950313686052e-03
9.108688300720590991e-03
7.756198767437568094e-03
7.653277107417892286e-03
6.723991009689565465e-03
6.760519739439766786e-03
8.081527309787362237e-03
1.224565765038721464e-02
9.444326440273785594e-03
1.137151932911947480e-02
7.093245430602162192e-03
6.891776195124564575e-03
1.211563264505570968e-02
1.473273919491473009e-02
7.016323692222038028e-03
1.006678546587669310e-02
9.281379510631893731e-03
6.915331354114319720e-03
7.080688590855106941e-03
7.489763130872102194e-03
1.195088196333003901e-02
8.756858586008650636e-03
1.102251563943337093e-02
9.751575975101281143e-03
1.123309389728477208e-02
7.743174925837703615e-03
7.879169581886847837e-03
1.235564303355171818e-02
9.465878672544661074e-03
1.476064272732955165e-02
5.771575205572286767e-03
7.128406418614741287e-03
8.939128340889026386e-03
8.601051069734895124e-03
6.581948722129504423e-03
1.432959388713923865e-02
8.161270296892758624e-03
1.243555933260011466e-02
8.382681769135905472e-03
9.535179765091409895e-03
1.229556445915251650e-02
9.713852008530641721e-03
1.323968639481607791e-02
8.708292333028817486e-03
8.196271984518565396e-03
9.074167276415466207e-03
1.431338628044810657e-02
1.248851525153518716e-02
8.009289736622121972e-03
1.278505813367202849e-02
1.066919349760252558e-02
6.421254352489273384e-03
9.223462765534685970e-03
1.030045511675742147e-02
7.669086679778223600e-03
6.218405037544632967e-03
1.275088963871623057e-02
6.999544532358958036e-03
8.279420069689784334e-03
1.016937518200559595e-02
6.717107966008345303e-03
9.503477122386229381e-03
5.477764062192723611e-03
7.372637034776478165e-03
1.154987294176583468e-02
5.743151883850988217e-03
7.086652777660819996e-03
7.254440348506189205e-03
6.476354879983560985e-03
7.234728556895727615e-03
6.746234914121249440e-03
9.480544146127074454e-03
8.804272895005182953e-03
9.561717926813224216e-03
5.819940128402444936e-03
8.211856403829138548e-03
7.766592766861843238e-03
8.367793702963510424e-03
9.526563279819877383e-03
1.025949563105701783e-02
5.417853213236282182e-03
8.923321770054323809e-03
1.189598022591437619e-02
9.079854587239337069e-03
7.711157634601730274e-03
6.709870405823771880e-03
9.519009468425767076e-03
9.272619431718512675e-03
8.175249359334176014e-03
6.689191265837434244e-03
7.496621654284086299e-03
9.274562271533831961e-03
7.315049527211335036e-03
8.784618233768430942e-03
7.786243634679600525e-03
1.253587466909054406e-02
7.673058591958927151e-03
9.064660634087446170e-03
1.001576314410840274e-02
9.253229509176855161e-03
6.584117874881931232e-03
7.825397393502497509e-03
7.961470040104055498e-03
-5.572371741353469021e-01
6.563829521893210263e-03
8.164798398151162234e-03
1.200570231230696505e-02
6.081087041925564360e-03
8.846639973823367323e-03
6.998913071890067519e-03
7.669158672974023434e-03
8.418462676868524591e-03
7.281354673032069610e-03
9.914707414613543185e-03
1.201733464899050821e-02
8.901480106669600045e-03
8.871613513660871198e-03
8.112635704825892080e-03
1.410446873327487853e-02
5.264412358678670530e-03
1.173916630711297100e-02
1.127370639471704690e-02
8.601353808636280282e-03
9.246807705997036123e-03
1.243351765813403495e-02
7.280442843531196098e-03
6.455683760387080812e-03
9.600598894017655163e-03
5.276239801589456546e-03
8.974665460752746446e-03
7.736239883110714553e-03
7.323361058584671422e-03
6.536883164899549153e-03
9.229700903747237173e-03
6.162113731078446358e-03
9.666063412834886848e-03
1.171211987147187210e-02
5.734913840523610251e-03
5.713138131537081124e-03
1.006257259363202775e-02
5.715360329113904590e-03
1.231331802904246132e-02
5.151672413982228207e-03
5.511216904592220779e-03
7.388148612990531362e-03
8.060577901878749826e-03
7.274142924124897200e-03
7.029978563730100022e-03
1.234862730422221257e-02
5.448106524858263057e-03
9.687239393720526934e-03
9.902786977266044358e-03
5.842638977964940625e-03
5.560559864792691959e-03
7.144834964806245393e-03
5.015583743221161371e-03
6.144979440274432429e-03
7.596286387031040734e-03
9.231379805196419583e-03
4.602279278678782226e-03
7.274677420658531672e-03
5.980288018664905829e-03
5.616570479020704595e-03
7.708475739839300289e-03
5.764852426285652608e-03
7.668867944853877648e-03
6.274944366230984089e-03
6.279461296593858051e-03
9.137957848372965999e-03
5.666114325058791389e-03
7.336421047900261970e-03
8.472984517568509996e-03
5.276095750969972582e-03
8.058322501251142730e-03
8.372870517299076110e-03
1.004716488672320954e-02
1.079193649582680520e-02
6.145665450448449182e-03
7.232920928348133063e-03
1.013732309630132299e-02
7.290678529602911094e-03
8.920079932725779454e-03
8.476709843685743470e-03
7.436571679720664629e-03
1.253265686612354060e-02
9.852146455117293672e-03
1.377016089251183704e-02
8.296966737413206255e-03
9.902873064005245085e-03
8.482809359311511976e-03
1.227155577038045557e-02
9.138044948452214017e-03
1.224948654089773326e-02
9.854429708193022941e-03
1.498355472216339641e-02
1.346659876910024159e-02
9.561102174646573387e-03
1.583141451767145977e-02
2.794270999770336397e-02
1.364066165636299184e-02
1.819019882960483739e-02
2.888179906475208530e-02
1.186434876736402674e-02
1.544887709069765400e-02
1.283178335203017523e-02
1.165768297883413955e-02
1.086055486622704812e-02
1.189220049947856649e-02
8.664499095667280507e-03
1.603657608745111957e-02
2.051203997199478254e-02
1.148103532532855631e-02
1.003605325392924880e-02
1.195846352070465031e-02
1.168592634446070574e-02
9.893532116742249569e-03
9.421765548723922551e-03
8.744314909232588084e-03
1.232324988984705508e-02
1.430574305171882638e-02
1.284037098903094247e-02
1.204404087491726429e-02
1.399140919417600146e-02
1.448476392777540804e-02
9.131197778853076402e-03
1.208771941444664565e-02
1.594374779883930490e-02
1.151464922634438254e-02
7.796831720279917034e-03
1.021795164561097209e-02
1.522528460257244198e-02
1.447925424074568770e-02
1.210692330641613412e-02
7.398305107168085155e-03
2.445292976235061144e-02
1.123254181279482837e-02
2.001522543837669019e-02
1.245193936982814595e-02
1.203750155579784778e-02
9.073201121230917154e-03
1.866885332689642574e-02
1.060259024519431478e-02
1.291470582054658929e-02
1.410256717207557936e-02
9.209090251090654849e-03
1.111086454908669779e-02
1.152252856047248676e-02
9.322465317587073225e-03
1.359763413125606411e-02
1.146725278937113339e-02
8.056721083426568800e-03
8.669658780837396703e-03
1.167933663057432910e-02
1.180381075893456588e-02
7.821867625186539399e-03
1.474852415037707955e-02
1.059646360454062110e-02
8.188786032656074007e-03
1.092615180581700540e-02
1.294277636436799023e-02
7.258335684952921078e-03
1.224210622189958811e-02
8.501820765511170289e-03
9.773819539819173299e-03
9.000066851655934286e-03
9.894441599786529817e-03
1.492917985833239376e-02
