1.710180981415410042e+09
1.710180994218220949e+09
1.710181006879813910e+09
1.710181019567416906e+09
1.710181032276880980e+09
1.710181044961515903e+09
1.710181057675348043e+09
1.710181070407232046e+09
1.710181083094871044e+09
1.710181095526890993e+09
1.710181108238045931e+09
1.710181120901737928e+09
1.710181133751265049e+09
1.710181146576591015e+09
1.710181159309509993e+09
1.710181172065946102e+09
1.710181184916600943e+09
1.710181197695987940e+09
1.710181210500103951e+09
1.710181223355175972e+09
1.710181236159563065e+09
1.710181248986150026e+09
1.710181261839884996e+09
1.710181274549499035e+09
1.710181287426018953e+09
1.710181300210325956e+09
1.710181312992403030e+09
1.710181325798918962e+09
1.710181338607518911e+09
1.710181351436300039e+09
1.710181364172914028e+09
1.710181376930002928e+09
1.710181389803344965e+09
1.710181402585865974e+09
1.710181415369584084e+09
1.710181428102315903e+09
1.710181440835393906e+09
1.710181453547159910e+09
1.710181466283055067e+09
1.710181478994138956e+09
1.710181491516819954e+09
1.710181504207941055e+09
1.710181516918301105e+09
1.710181529673063993e+09
1.710181542429527998e+09
1.710181554791873932e+09
1.710181567504946947e+09
1.710181569694237947e+09
