1.705524211391922951e+09
1.705524212730868101e+09
1.705524213569010973e+09
1.705524230509834051e+09
1.705524231847069025e+09
1.705524233018239975e+09
1.705524245548677921e+09
1.705524246944070101e+09
1.705524248422447920e+09
1.705524249707277060e+09
1.705524256279927969e+09
1.705524257616316080e+09
1.705524258952600956e+09
1.705524260120839119e+09
1.705524285115083933e+09
1.705524286450896025e+09
1.705524287792496920e+09
1.705524289040992975e+09
1.705524301922794104e+09
1.705524303384532928e+09
1.705524304850606918e+09
1.705524306317801952e+09
1.705524306514561892e+09
1.705524318539602041e+09
1.705524319874485970e+09
1.705524321334661961e+09
1.705524321521742105e+09
1.705524349893788099e+09
1.705524351374639034e+09
1.705524352292233944e+09
1.705524359876430035e+09
1.705524361221323967e+09
1.705524362392843962e+09
1.705524368922990084e+09
1.705524370381344080e+09
1.705524371817001104e+09
1.705524373109674931e+09
