1.710272749380726099e+09
1.710272761327665091e+09
1.710272773274612904e+09
1.710272785289227962e+09
1.710272797234268904e+09
1.710272809177257061e+09
1.710272821121227026e+09
1.710272833043359995e+09
1.710272844987957001e+09
1.710272856910713911e+09
1.710272868858380079e+09
1.710272880846051931e+09
1.710272892769054890e+09
1.710272904759264946e+09
1.710272916680769920e+09
1.710272928623023987e+09
1.710272940590986967e+09
1.710272952582763910e+09
1.710272964551651001e+09
1.710272976589339972e+09
1.710272988508444071e+09
1.710273000473392010e+09
1.710273012394987106e+09
1.710273024342451096e+09
1.710273036263046980e+09
1.710273048278011084e+09
1.710273060264564037e+09
1.710273072231581926e+09
1.710273084176160097e+09
1.710273096143826962e+09
1.710273108065598965e+09
1.710273120061444044e+09
1.710273132032912970e+09
1.710273144029938936e+09
1.710273156050460100e+09
1.710273168019119978e+09
1.710273180015647888e+09
1.710273191940521955e+09
1.710273203953140974e+09
1.710273215896310091e+09
1.710273227841285944e+09
1.710273239810831070e+09
1.710273251799844027e+09
1.710273263765688896e+09
1.710273275686276913e+09
1.710273287794837952e+09
1.710273299807092905e+09
1.710273311775168896e+09
1.710273323742615938e+09
1.710273335713018894e+09
1.710273338526201010e+09
