1.710354683679622889e+09
1.710354685186471939e+09
1.710354686693670988e+09
1.710354688225126028e+09
1.710354689825504065e+09
1.710354691425251961e+09
1.710354693026753902e+09
1.710354694577455044e+09
1.710354696061490059e+09
1.710354697545413017e+09
1.710354699054761887e+09
1.710354700653863907e+09
1.710354702276675940e+09
1.710354703876951933e+09
1.710354705500030041e+09
1.710354707099948883e+09
1.710354708699898958e+09
1.710354710322696924e+09
1.710354711945717096e+09
1.710354713570178986e+09
1.710354715192114115e+09
1.710354716792125940e+09
1.710354718414817095e+09
1.710354720037776947e+09
1.710354721660806894e+09
1.710354723263216019e+09
1.710354724884066105e+09
1.710354726506886005e+09
1.710354728106616974e+09
1.710354729729825974e+09
1.710354731352606058e+09
1.710354732975344896e+09
1.710354734574932098e+09
1.710354736174557924e+09
1.710354737775532961e+09
1.710354739376012087e+09
1.710354740998651028e+09
1.710354742621551037e+09
1.710354744221339941e+09
1.710354745845320940e+09
1.710354747456808090e+09
1.710354749068211079e+09
1.710354750691625118e+09
1.710354752314620972e+09
1.710354753914561033e+09
1.710354755515414000e+09
1.710354757139329910e+09
1.710354758761832952e+09
1.710354760361907005e+09
1.710354761985306978e+09
1.710354763608356953e+09
1.710354765232573986e+09
1.710354766854635954e+09
1.710354768454993963e+09
1.710354770078632116e+09
1.710354771679040909e+09
1.710354773302221060e+09
1.710354774901998997e+09
1.710354776526056051e+09
1.710354778149683952e+09
1.710354779749882936e+09
1.710354781350039959e+09
1.710354782973603010e+09
1.710354784597079039e+09
1.710354786197021008e+09
1.710354787797259092e+09
1.710354789420660973e+09
1.710354791043919086e+09
1.710354792667522907e+09
1.710354794266933918e+09
1.710354795890894890e+09
1.710354797514448881e+09
1.710354799137445927e+09
1.710354800760423899e+09
1.710354802384670973e+09
1.710354804007442951e+09
1.710354805607851028e+09
1.710354807232952118e+09
1.710354808854640007e+09
1.710354810477504969e+09
1.710354812078010082e+09
1.710354813701575994e+09
1.710354815301702023e+09
1.710354816924381018e+09
1.710354818547787905e+09
1.710354820147913933e+09
1.710354821793852091e+09
1.710354823416987896e+09
1.710354825018697023e+09
1.710354826640486002e+09
1.710354828263506889e+09
1.710354829886512041e+09
1.710354831487513065e+09
1.710354833087174892e+09
1.710354834687653065e+09
1.710354836216418982e+09
1.710354837700186014e+09
1.710354839184658051e+09
1.710354840722481012e+09
1.710354842338812113e+09
1.710354843939327955e+09
1.710354845539180040e+09
1.710354847139740944e+09
1.710354848762379885e+09
1.710354850385252953e+09
1.710354851985025883e+09
1.710354853584790945e+09
1.710354855231479883e+09
1.710354856831202984e+09
1.710354858431577921e+09
1.710354860030963898e+09
1.710354861631700993e+09
1.710354863233696938e+09
1.710354864856832981e+09
1.710354866480927944e+09
1.710354868104507923e+09
1.710354869705023050e+09
1.710354871306025028e+09
1.710354872907391071e+09
1.710354874531303883e+09
1.710354876154856920e+09
1.710354877755865097e+09
1.710354879356477022e+09
1.710354880957094908e+09
1.710354882557979107e+09
1.710354884158763885e+09
1.710354885783252001e+09
1.710354887406624079e+09
1.710354889030920029e+09
1.710354890655528069e+09
1.710354892256834984e+09
1.710354893856868982e+09
1.710354895481138945e+09
1.710354897082020044e+09
1.710354898705831051e+09
1.710354900330725908e+09
1.710354901954844952e+09
1.710354903580223083e+09
1.710354905130966902e+09
1.710354906615482092e+09
1.710354908099975109e+09
1.710354909655688047e+09
1.710354911256874084e+09
1.710354912878911018e+09
1.710354914502314091e+09
1.710354916126080990e+09
1.710354917749058008e+09
1.710354919372052908e+09
1.710354920995867968e+09
1.710354922619446993e+09
1.710354924242474079e+09
1.710354925866154909e+09
1.710354927500091076e+09
1.710354929113571882e+09
1.710354930736080885e+09
1.710354932359415054e+09
1.710354933983603954e+09
1.710354935583497047e+09
1.710354937207065105e+09
1.710354938830590010e+09
1.710354940430706024e+09
1.710354942031841993e+09
1.710354943654196978e+09
1.710354945207030058e+09
1.710354946691404104e+09
1.710354948175705910e+09
1.710354949707351923e+09
1.710354951330912113e+09
1.710354952931844950e+09
1.710354954554308891e+09
1.710354956178306103e+09
1.710354957777849913e+09
1.710354959377284050e+09
1.710354961004096031e+09
1.710354962624296904e+09
1.710354964248270035e+09
1.710354965848045111e+09
1.710354967471930027e+09
1.710354969073587894e+09
1.710354970695888996e+09
1.710354972296622992e+09
1.710354973897099018e+09
1.710354975520319939e+09
1.710354977143843889e+09
1.710354978744653940e+09
1.710354980344105959e+09
1.710354981967292070e+09
1.710354983590568066e+09
1.710354985191634893e+09
1.710354986790692091e+09
1.710354988414087057e+09
1.710354990037614107e+09
1.710354991638745070e+09
1.710354993239531994e+09
1.710354994863703966e+09
1.710354996487854958e+09
1.710354998088521004e+09
1.710354999712622881e+09
1.710355001336396933e+09
1.710355002936748028e+09
1.710355004537441015e+09
1.710355006136883974e+09
1.710355007621373892e+09
1.710355009105878115e+09
1.710355010590720892e+09
1.710355012145970106e+09
1.710355013773221016e+09
1.710355015394035101e+09
1.710355017017947912e+09
1.710355018618618011e+09
1.710355020241739035e+09
1.710355021842854977e+09
1.710355023466696024e+09
1.710355025091269970e+09
1.710355026714693069e+09
1.710355028339288950e+09
1.710355029962393999e+09
1.710355031562834024e+09
1.710355033186953068e+09
1.710355034811350107e+09
1.710355036435025930e+09
1.710355038058748007e+09
1.710355039683305979e+09
1.710355041306895971e+09
1.710355042930676937e+09
1.710355044554312944e+09
1.710355046154911995e+09
1.710355047778930902e+09
1.710355049404098034e+09
1.710355051026099920e+09
1.710355052649818897e+09
1.710355054249991894e+09
1.710355055874023914e+09
1.710355057497706890e+09
1.710355059098323107e+09
1.710355060721854925e+09
1.710355062345118046e+09
1.710355063945468903e+09
1.710355065545701027e+09
1.710355067169312954e+09
1.710355068769896030e+09
1.710355070393488884e+09
1.710355071994527102e+09
1.710355073618776083e+09
1.710355075241854906e+09
1.710355076866154909e+09
1.710355078489993095e+09
1.710355080113925934e+09
1.710355081740333080e+09
1.710355083362684011e+09
1.710355084963465929e+09
1.710355086587621927e+09
1.710355088211440086e+09
1.710355089835417986e+09
1.710355091460284948e+09
1.710355093060110092e+09
1.710355094683909893e+09
1.710355096284229040e+09
1.710355097908013105e+09
1.710355099460640907e+09
1.710355100945255995e+09
1.710355102429258108e+09
1.710355103984250069e+09
1.710355105584481001e+09
1.710355107207920074e+09
1.710355108831799984e+09
1.710355110455010891e+09
1.710355112055565119e+09
1.710355113678807974e+09
1.710355115279397011e+09
1.710355116880712032e+09
1.710355118480564117e+09
1.710355120104517937e+09
1.710355121706018925e+09
1.710355123258969069e+09
1.710355124742968082e+09
1.710355126227370977e+09
1.710355127738895893e+09
1.710355129360111952e+09
1.710355130984206915e+09
1.710355132607752085e+09
1.710355134256295919e+09
1.710355135903254032e+09
1.710355137526981115e+09
1.710355139150960922e+09
1.710355140776829004e+09
1.710355142400492907e+09
1.710355144022317886e+09
1.710355145623281956e+09
1.710355147224191904e+09
1.710355148824950933e+09
1.710355150449166059e+09
1.710355152073476076e+09
1.710355153696980953e+09
1.710355155296925068e+09
1.710355156920264006e+09
1.710355158520441055e+09
1.710355160144090891e+09
1.710355161744012117e+09
1.710355163367630005e+09
1.710355164968518019e+09
1.710355166591759920e+09
1.710355168192332029e+09
1.710355169816209078e+09
1.710355171439594984e+09
1.710355173062535048e+09
1.710355174686094999e+09
1.710355176285845041e+09
1.710355177886168003e+09
1.710355179510245085e+09
1.710355181133994102e+09
1.710355182757018089e+09
1.710355184380748987e+09
1.710355185981359959e+09
1.710355187581088066e+09
1.710355189204214096e+09
1.710355190804591894e+09
1.710355192404352903e+09
1.710355194004911900e+09
1.710355195605271101e+09
1.710355197228658915e+09
1.710355198852078915e+09
1.710355200452552080e+09
1.710355202053368092e+09
1.710355203675761938e+09
1.710355205277113914e+09
1.710355206876806021e+09
1.710355208500253916e+09
1.710355210123855114e+09
1.710355211747462034e+09
1.710355213347652912e+09
1.710355214947972059e+09
1.710355216548228025e+09
1.710355218170834064e+09
1.710355219770550013e+09
1.710355221393460035e+09
1.710355223017448902e+09
1.710355224640145063e+09
1.710355226239857912e+09
1.710355227839063883e+09
1.710355229439412117e+09
1.710355231061400890e+09
1.710355232684217930e+09
1.710355234306927919e+09
1.710355235929601908e+09
1.710355237552685976e+09
1.710355239175257921e+09
1.710355240798475027e+09
1.710355242420754910e+09
1.710355244043910027e+09
1.710355245642663956e+09
1.710355247241851091e+09
1.710355248842078924e+09
1.710355250466494083e+09
1.710355252064501047e+09
1.710355253686779022e+09
1.710355255309695005e+09
1.710355256932281971e+09
1.710355258533400059e+09
1.710355260132886887e+09
1.710355261756356955e+09
1.710355263357094049e+09
1.710355264957442999e+09
1.710355266557538033e+09
1.710355268158032894e+09
1.710355269781300068e+09
1.710355271404233932e+09
1.710355272979856968e+09
1.710355274486920118e+09
1.710355275971028090e+09
1.710355277454113960e+09
1.710355279031826019e+09
1.710355280631380081e+09
1.710355282230390072e+09
1.710355282890665054e+09
