1.703095748599351883e+09
1.703095751278345108e+09
1.703095754193862915e+09
1.703095757079643965e+09
1.703095759950314045e+09
1.703095762862147093e+09
1.703095765787549973e+09
1.703095768696120977e+09
1.703095771623162031e+09
1.703095774521512985e+09
1.703095777410429001e+09
1.703095780306545973e+09
1.703095783212399960e+09
1.703095786114607096e+09
1.703095789025942087e+09
1.703095791913705111e+09
1.703095794811142921e+09
1.703095797710084915e+09
1.703095800592793941e+09
1.703095803489010096e+09
1.703095806357275009e+09
1.703095809247787952e+09
1.703095812150448084e+09
1.703095815069021940e+09
1.703095817964422941e+09
1.703095820869368076e+09
1.703095823547732115e+09
1.703095826242439985e+09
1.703095828948585033e+09
1.703095831624432087e+09
1.703095834551615000e+09
1.703095837423193932e+09
1.703095840301690102e+09
1.703095842966296911e+09
1.703095845683080912e+09
1.703095848567506075e+09
1.703095851480530024e+09
1.703095854390773058e+09
1.703095857256239891e+09
1.703095860156616926e+09
1.703095863077235937e+09
1.703095866000618935e+09
1.703095868900763035e+09
1.703095871803977966e+09
1.703095874676625013e+09
1.703095877549161911e+09
1.703095880470650911e+09
1.703095883372442961e+09
1.703095886264291048e+09
1.703095889155626059e+09
1.703095892073115110e+09
1.703095894945950031e+09
1.703095897852355003e+09
1.703095900710011959e+09
1.703095903608408928e+09
1.703095906516958952e+09
1.703095909408441067e+09
1.703095912311929941e+09
1.703095915207463980e+09
1.703095918093059063e+09
1.703095921005568981e+09
1.703095923922700882e+09
1.703095926816241980e+09
1.703095929719367027e+09
1.703095932600457907e+09
1.703095935482678890e+09
1.703095938375787973e+09
1.703095941256105900e+09
1.703095944168070078e+09
1.703095947046087027e+09
1.703095949936086893e+09
1.703095952828166008e+09
1.703095955709918022e+09
1.703095958594850063e+09
1.703095961475399971e+09
1.703095964360704899e+09
1.703095967249422073e+09
1.703095970139117956e+09
1.703095973031883955e+09
1.703095975927402973e+09
1.703095978810864925e+09
1.703095981701149940e+09
1.703095984590279102e+09
1.703095987475001097e+09
1.703095990343679905e+09
1.703095993226677895e+09
1.703095996117506027e+09
1.703095999008856058e+09
1.703096001890065908e+09
1.703096004774065971e+09
1.703096007666861057e+09
1.703096010562686920e+09
1.703096013458581924e+09
1.703096016340976000e+09
1.703096019210350037e+09
1.703096022115602970e+09
1.703096025010451078e+09
1.703096027894704103e+09
1.703096030793441057e+09
1.703096033679819107e+09
1.703096036558770895e+09
1.703096039450628996e+09
1.703096042336222887e+09
1.703096045223809004e+09
1.703096048100393057e+09
1.703096050986190081e+09
1.703096053872356892e+09
1.703096056586539030e+09
1.703096059247412920e+09
1.703096062115036011e+09
1.703096065000997066e+09
1.703096067885143042e+09
1.703096070763870955e+09
1.703096073673307896e+09
1.703096076562161922e+09
1.703096079452101946e+09
1.703096082346117020e+09
1.703096085226104975e+09
1.703096088115751982e+09
1.703096090996068954e+09
1.703096093802092075e+09
1.703096096462305069e+09
1.703096099246026993e+09
1.703096102147066116e+09
1.703096105048279047e+09
1.703096107943092108e+09
1.703096110816705942e+09
1.703096113708908081e+09
1.703096116601460934e+09
1.703096119487576962e+09
1.703096122373590946e+09
1.703096125263278961e+09
1.703096128151810884e+09
1.703096131037885904e+09
1.703096133903230906e+09
1.703096136789665937e+09
1.703096139674640894e+09
1.703096142569474936e+09
1.703096145449124098e+09
1.703096148335690975e+09
1.703096151227091074e+09
1.703096154119502068e+09
1.703096157004067898e+09
1.703096159895112038e+09
1.703096162785330057e+09
1.703096165677366018e+09
1.703096168572007895e+09
1.703096171463851929e+09
1.703096174365080118e+09
1.703096177244193077e+09
1.703096180123109102e+09
1.703096183005604982e+09
1.703096185895402908e+09
1.703096188795759916e+09
1.703096191685940027e+09
1.703096194557945013e+09
1.703096197450445890e+09
1.703096200339559078e+09
1.703096203235804081e+09
1.703096206134382010e+09
1.703096209019047976e+09
1.703096211904666901e+09
1.703096214785126925e+09
1.703096217675005913e+09
1.703096220570610046e+09
1.703096223456264973e+09
1.703096226337119102e+09
1.703096229225052118e+09
1.703096232114207983e+09
1.703096235017668962e+09
1.703096237888694048e+09
1.703096240787935019e+09
1.703096243674516916e+09
1.703096246562886000e+09
1.703096249459042072e+09
1.703096252337308884e+09
1.703096255208076954e+09
1.703096258094227076e+09
1.703096260984323978e+09
1.703096263880825996e+09
1.703096266756742001e+09
1.703096269643518925e+09
1.703096272539458036e+09
1.703096275422174931e+09
1.703096278312944889e+09
1.703096281207752943e+09
1.703096284099325895e+09
1.703096287000349045e+09
1.703096289880625010e+09
1.703096292785206079e+09
1.703096295675841093e+09
1.703096298552316904e+09
1.703096301433135986e+09
1.703096304331650972e+09
1.703096307215600014e+09
1.703096310086429119e+09
1.703096312979541063e+09
1.703096315868911982e+09
1.703096318751269102e+09
1.703096321632674932e+09
1.703096324503767014e+09
1.703096327393462896e+09
1.703096330285051107e+09
1.703096333177509069e+09
1.703096335954022884e+09
1.703096338615997076e+09
1.703096341426107883e+09
1.703096344322041035e+09
1.703096347200943947e+09
1.703096350080988884e+09
1.703096352975002050e+09
1.703096355873342037e+09
1.703096358759285927e+09
1.703096361651202917e+09
1.703096364544804096e+09
1.703096367441720009e+09
1.703096370324152946e+09
1.703096373207153082e+09
1.703096376100991964e+09
1.703096378988225937e+09
1.703096381855252028e+09
1.703096384754620075e+09
1.703096387625180006e+09
1.703096390519242048e+09
1.703096393414690971e+09
1.703096396294118881e+09
1.703096399193500042e+09
1.703096402093240023e+09
1.703096404988033056e+09
1.703096407872575998e+09
1.703096410772968054e+09
1.703096413670361042e+09
1.703096416565371990e+09
1.703096419457036018e+09
1.703096422329534054e+09
1.703096425226876020e+09
1.703096428117003918e+09
1.703096431015693903e+09
1.703096433905334949e+09
1.703096436805408001e+09
1.703096439694298983e+09
1.703096442565619946e+09
1.703096445456479073e+09
1.703096448348299026e+09
1.703096451242201090e+09
1.703096454133595943e+09
1.703096457034847975e+09
1.703096459923767090e+09
1.703096462805366993e+09
1.703096465689161062e+09
1.703096468572071075e+09
1.703096471464334011e+09
1.703096474368906975e+09
1.703096477275898933e+09
1.703096480166178942e+09
1.703096483060414076e+09
1.703096485928530931e+09
1.703096488802875042e+09
1.703096491713139057e+09
1.703096494602849960e+09
1.703096497497419119e+09
1.703096500386461020e+09
1.703096503287378073e+09
1.703096506181827068e+09
1.703096509072839975e+09
1.703096511976408005e+09
1.703096514877347946e+09
1.703096517765069008e+09
1.703096520658562899e+09
1.703096523564249039e+09
1.703096526447103024e+09
1.703096529336098909e+09
1.703096532219330072e+09
1.703096535098073959e+09
1.703096537991072893e+09
1.703096540889909983e+09
1.703096543778376102e+09
1.703096546676249027e+09
1.703096549549282074e+09
1.703096552441457033e+09
1.703096555343080044e+09
1.703096558243033886e+09
1.703096561139163017e+09
1.703096564034423113e+09
1.703096566932996035e+09
1.703096569816876888e+09
1.703096572706959009e+09
1.703096575586822033e+09
1.703096578463572979e+09
1.703096581374169111e+09
1.703096584271277905e+09
1.703096587168401957e+09
1.703096590075164080e+09
1.703096592976053953e+09
1.703096595878412962e+09
1.703096598771356106e+09
1.703096601665698051e+09
1.703096604560653925e+09
1.703096607451611042e+09
1.703096610344182014e+09
1.703096613236268997e+09
1.703096616128881931e+09
1.703096619007644892e+09
1.703096621883680105e+09
1.703096624783641100e+09
1.703096627671561956e+09
1.703096630557163954e+09
1.703096633448668957e+09
1.703096636331845999e+09
1.703096639233567953e+09
1.703096642124089003e+09
1.703096645017695904e+09
1.703096647912904024e+09
1.703096650807339907e+09
1.703096653681088924e+09
1.703096656574157000e+09
1.703096659466106892e+09
1.703096662365746975e+09
1.703096665236085892e+09
1.703096668131927967e+09
1.703096671021955967e+09
1.703096673921967030e+09
1.703096676828738928e+09
1.703096679729485989e+09
1.703096682622781038e+09
1.703096685522111893e+09
1.703096688411757946e+09
1.703096691303818941e+09
1.703096694204561949e+09
1.703096697088601112e+09
1.703096699995465994e+09
1.703096702890074015e+09
1.703096705762063980e+09
1.703096708660469055e+09
1.703096711547103882e+09
1.703096714440002918e+09
1.703096717320239067e+09
1.703096720216366053e+09
1.703096723109550953e+09
1.703096726012861967e+09
1.703096728906490088e+09
1.703096731806919098e+09
1.703096734707442999e+09
1.703096737605067015e+09
1.703096740487941980e+09
1.703096743390149117e+09
1.703096746283437967e+09
1.703096749178348064e+09
1.703096752080923080e+09
1.703096754967097044e+09
1.703096757852127075e+09
1.703096760741528988e+09
1.703096763636639118e+09
1.703096766531320095e+09
1.703096769428690910e+09
1.703096772315869093e+09
1.703096775199544907e+09
1.703096778095694065e+09
1.703096780995644093e+09
1.703096783905463934e+09
1.703096786807183027e+09
1.703096789706945896e+09
1.703096792599857092e+09
1.703096795499707937e+09
1.703096798391747952e+09
1.703096801303713083e+09
1.703096804207573891e+09
1.703096807112236977e+09
1.703096809999742031e+09
1.703096812894658089e+09
1.703096815762295961e+09
1.703096818646961927e+09
1.703096821551740885e+09
1.703096824451664925e+09
1.703096827342654943e+09
1.703096830240222931e+09
1.703096833130815029e+09
1.703096836001094103e+09
1.703096838898241043e+09
1.703096841791073084e+09
1.703096844694987059e+09
1.703096847594508886e+09
1.703096850489104986e+09
1.703096853390253067e+09
1.703096856286515951e+09
1.703096859197149038e+09
1.703096862090509892e+09
1.703096864987365961e+09
1.703096867878890038e+09
1.703096870775000095e+09
1.703096873662900925e+09
1.703096876555505037e+09
1.703096879446619034e+09
1.703096882323442936e+09
1.703096885232686996e+09
1.703096888145451069e+09
1.703096891051703930e+09
1.703096893947326899e+09
1.703096896832238913e+09
1.703096899720953941e+09
1.703096902627533913e+09
1.703096905521559000e+09
1.703096908424521923e+09
1.703096911298383951e+09
1.703096914201396942e+09
1.703096917092228889e+09
1.703096919985702038e+09
1.703096922874280930e+09
1.703096925764803886e+09
1.703096928660453081e+09
1.703096931549242973e+09
1.703096934445550919e+09
1.703096937339814901e+09
1.703096940230705023e+09
1.703096943118419886e+09
1.703096946013530970e+09
1.703096948907655954e+09
1.703096951805022001e+09
1.703096954687345028e+09
1.703096957584393978e+09
1.703096960474376917e+09
1.703096963357279062e+09
1.703096966251534939e+09
1.703096969158749104e+09
1.703096972061583042e+09
1.703096974950499058e+09
1.703096977845468998e+09
1.703096980742892027e+09
1.703096983645267963e+09
1.703096986540347099e+09
1.703096989432673931e+09
1.703096992326591969e+09
1.703096995231913090e+09
1.703096998111268044e+09
1.703097001006866932e+09
1.703097003917979956e+09
1.703097006818290949e+09
1.703097009715257883e+09
1.703097012608530998e+09
1.703097015494421005e+09
1.703097018391257048e+09
1.703097021290386915e+09
1.703097024176661968e+09
1.703097027075193882e+09
1.703097029976308107e+09
1.703097032849977016e+09
1.703097035747735023e+09
1.703097038638748884e+09
1.703097041521708012e+09
1.703097044425502062e+09
1.703097047316363096e+09
1.703097050217236996e+09
1.703097053109618902e+09
1.703097056010257959e+09
1.703097058916443110e+09
1.703097061818767071e+09
1.703097064710328102e+09
1.703097067604093075e+09
1.703097070505394936e+09
1.703097073404898882e+09
1.703097076307780027e+09
1.703097079219326973e+09
1.703097082124562025e+09
1.703097085017157078e+09
1.703097087911349058e+09
1.703097090809592009e+09
1.703097093710268974e+09
1.703097096608505011e+09
1.703097099500549078e+09
1.703097102409660101e+09
1.703097105310323000e+09
1.703097108206471920e+09
1.703097111105443001e+09
1.703097114002629042e+09
1.703097116897665977e+09
1.703097119795387030e+09
1.703097122695421934e+09
1.703097125597341061e+09
1.703097128493242979e+09
1.703097131389518976e+09
1.703097134289618969e+09
1.703097137188885927e+09
1.703097140081837893e+09
1.703097142983700037e+09
1.703097145878099918e+09
1.703097148781960964e+09
1.703097151692786932e+09
1.703097154588200092e+09
1.703097157476205111e+09
1.703097160369460106e+09
1.703097163268857956e+09
1.703097166164711952e+09
1.703097169063559055e+09
1.703097171960491896e+09
1.703097174857156992e+09
1.703097177764220953e+09
1.703097180662189007e+09
1.703097183558075905e+09
1.703097186448729038e+09
1.703097189347101927e+09
1.703097192240564108e+09
1.703097195137957096e+09
1.703097198023185968e+09
1.703097200914951086e+09
1.703097203805999994e+09
1.703097206705552101e+09
1.703097209598073006e+09
1.703097212475337029e+09
1.703097215352437973e+09
1.703097218237504005e+09
1.703097221128557920e+09
1.703097224025146961e+09
1.703097226924489021e+09
1.703097229823986053e+09
1.703097232727401018e+09
1.703097235612867117e+09
1.703097238518167019e+09
1.703097241418551922e+09
1.703097244314342976e+09
1.703097247207922935e+09
1.703097250110716105e+09
1.703097253018079996e+09
1.703097255912555933e+09
1.703097258812318087e+09
1.703097261706608057e+09
1.703097264601936102e+09
1.703097267483078003e+09
1.703097270369904995e+09
1.703097273267205954e+09
1.703097276170896053e+09
1.703097279070774078e+09
1.703097281967138052e+09
1.703097284847889900e+09
1.703097287747476101e+09
1.703097290650991917e+09
1.703097293561403990e+09
1.703097296438648939e+09
1.703097299347084045e+09
1.703097302249228954e+09
1.703097305147419930e+09
1.703097308027122974e+09
1.703097310934686899e+09
1.703097313838129044e+09
1.703097316733599901e+09
1.703097319618478060e+09
1.703097322509625912e+09
1.703097325403613091e+09
1.703097328306523085e+09
1.703097331217905045e+09
1.703097334114973068e+09
1.703097337016499996e+09
1.703097339912358999e+09
1.703097342804738998e+09
1.703097345710228920e+09
1.703097348598712921e+09
1.703097351500368118e+09
1.703097354402460098e+09
1.703097357297246933e+09
1.703097360211934090e+09
1.703097363113451958e+09
1.703097366025407076e+09
1.703097368928128004e+09
1.703097371812613964e+09
1.703097374710834980e+09
1.703097377613177061e+09
1.703097380486828089e+09
1.703097383374258041e+09
1.703097386273571014e+09
1.703097389182337999e+09
1.703097392098056078e+09
1.703097395009111881e+09
1.703097397886276007e+09
1.703097400779365063e+09
1.703097403674297094e+09
1.703097406562973022e+09
1.703097409458220959e+09
1.703097412355217934e+09
1.703097415259088993e+09
1.703097418143965960e+09
1.703097421046866894e+09
1.703097423933579922e+09
1.703097426834881067e+09
1.703097429735290051e+09
1.703097432643641949e+09
1.703097435550259113e+09
1.703097438459753990e+09
1.703097441367033005e+09
1.703097444271606922e+09
1.703097447173345089e+09
1.703097450074549913e+09
1.703097452956558943e+09
1.703097455860261917e+09
1.703097458761236906e+09
1.703097461658720016e+09
1.703097464538197994e+09
1.703097467438386917e+09
1.703097470331005096e+09
1.703097473245023012e+09
1.703097476141457081e+09
1.703097479041924000e+09
1.703097481922648907e+09
1.703097484823724985e+09
1.703097487712851048e+09
1.703097490589054108e+09
1.703097493503654003e+09
1.703097496396131992e+09
1.703097499298029900e+09
1.703097502187093973e+09
1.703097505086954117e+09
1.703097507968890905e+09
1.703097510874434948e+09
1.703097513773827076e+09
1.703097516673494101e+09
1.703097519575422049e+09
1.703097522471136093e+09
1.703097525367878914e+09
1.703097528252269983e+09
1.703097531158118963e+09
1.703097534057907104e+09
1.703097536954907894e+09
1.703097539858160973e+09
1.703097542758305073e+09
1.703097545670980930e+09
1.703097548569977045e+09
1.703097551467611074e+09
1.703097554366029024e+09
1.703097557270245075e+09
1.703097560184649944e+09
1.703097563096479893e+09
1.703097566014854908e+09
1.703097568910902023e+09
1.703097571812879086e+09
1.703097574710959911e+09
1.703097577601017952e+09
1.703097580498442888e+09
1.703097583395795107e+09
1.703097586295999050e+09
1.703097589171330929e+09
1.703097592078975916e+09
1.703097594979280949e+09
1.703097597878030062e+09
1.703097600776858091e+09
1.703097603669074059e+09
1.703097606558933973e+09
1.703097609463987112e+09
1.703097612362291098e+09
1.703097615252660990e+09
1.703097618153336048e+09
1.703097621052536964e+09
1.703097623951852083e+09
1.703097626853363991e+09
1.703097629733542919e+09
1.703097632647305965e+09
1.703097635552150011e+09
1.703097638452743053e+09
1.703097641343184948e+09
1.703097644242826939e+09
1.703097647132411957e+09
1.703097650032430887e+09
1.703097652941929102e+09
1.703097655850852013e+09
1.703097658753353119e+09
1.703097661652663946e+09
1.703097664557353020e+09
1.703097667473536968e+09
1.703097670377566099e+09
1.703097673257921934e+09
1.703097676157221079e+09
1.703097679057957888e+09
1.703097681939959049e+09
1.703097684836208105e+09
1.703097687730717897e+09
1.703097690622037888e+09
1.703097693536576986e+09
1.703097696449686050e+09
1.703097699363334894e+09
1.703097702259543896e+09
1.703097705168097973e+09
1.703097708073846102e+09
1.703097710966240883e+09
1.703097713860551119e+09
1.703097716759891033e+09
1.703097719652595997e+09
1.703097722551646948e+09
1.703097725450417995e+09
1.703097728333079100e+09
1.703097731229902983e+09
1.703097734139604092e+09
1.703097737044471979e+09
1.703097739950153112e+09
1.703097742858791113e+09
1.703097745752155066e+09
1.703097748650424957e+09
1.703097751553920031e+09
1.703097754455732107e+09
1.703097757352816105e+09
1.703097760250478983e+09
1.703097763161509037e+09
1.703097766069961071e+09
1.703097768970082998e+09
1.703097771873095036e+09
1.703097774773097992e+09
1.703097777665220022e+09
1.703097780568830013e+09
1.703097783468352079e+09
1.703097786378823042e+09
1.703097789278166056e+09
1.703097792174855947e+09
1.703097795066409111e+09
1.703097797958035946e+09
1.703097800859690905e+09
1.703097803757622957e+09
1.703097806655733109e+09
1.703097809568902016e+09
1.703097812465948105e+09
1.703097815362652063e+09
1.703097818266700983e+09
1.703097821139893055e+09
1.703097824048846006e+09
1.703097826949086905e+09
1.703097829847157955e+09
1.703097832753446102e+09
1.703097835658070087e+09
1.703097838566425085e+09
1.703097841465425968e+09
1.703097844370141029e+09
1.703097847126480103e+09
1.703097849788499117e+09
1.703097852629585981e+09
1.703097855538466930e+09
1.703097858438044071e+09
1.703097861341387033e+09
1.703097864239950895e+09
1.703097867144689083e+09
1.703097870053427935e+09
1.703097872950861931e+09
1.703097875852018118e+09
1.703097878737845898e+09
1.703097881648521900e+09
1.703097884540929079e+09
1.703097887422409058e+09
1.703097890328583002e+09
1.703097893211863995e+09
1.703097896116324902e+09
1.703097899017860889e+09
1.703097901926311970e+09
1.703097904824182987e+09
1.703097907728503942e+09
1.703097910635118961e+09
1.703097913531086922e+09
1.703097916435247898e+09
1.703097919333656073e+09
1.703097922226737022e+09
1.703097925112957954e+09
1.703097928027828932e+09
1.703097930938816071e+09
1.703097933833708048e+09
1.703097936738166094e+09
1.703097939628742933e+09
1.703097942530668020e+09
1.703097945446938992e+09
1.703097948346751928e+09
1.703097951241561890e+09
1.703097954151770115e+09
1.703097957059437990e+09
1.703097959970530033e+09
1.703097962869198084e+09
1.703097965778841972e+09
1.703097968680197001e+09
1.703097971557876110e+09
1.703097974463473082e+09
1.703097977355936050e+09
1.703097980259773970e+09
1.703097983173604012e+09
1.703097986081641912e+09
1.703097988971487045e+09
1.703097991871656895e+09
1.703097994768718958e+09
1.703097997676661968e+09
1.703098000575028896e+09
1.703098003476677895e+09
1.703098006377728939e+09
1.703098009277992964e+09
1.703098012178741932e+09
1.703098015082511902e+09
1.703098017976443052e+09
1.703098020887495995e+09
1.703098023788687944e+09
1.703098026681631088e+09
1.703098029584465027e+09
1.703098032490573883e+09
1.703098035398603916e+09
1.703098038307224989e+09
1.703098041214288950e+09
1.703098044113554955e+09
1.703098047016155958e+09
1.703098049922828913e+09
1.703098052828212976e+09
1.703098055739135981e+09
1.703098058651104927e+09
1.703098061542628050e+09
1.703098064450711966e+09
1.703098067354150057e+09
1.703098070266838074e+09
1.703098073170438051e+09
1.703098076076445103e+09
1.703098078983041048e+09
1.703098081889902115e+09
1.703098084794789076e+09
1.703098087703588963e+09
1.703098090614448071e+09
1.703098093516963959e+09
1.703098096411406040e+09
1.703098099289272070e+09
1.703098102202640057e+09
1.703098105102484941e+09
1.703098108008213997e+09
1.703098110901406050e+09
1.703098113799803019e+09
1.703098116703074932e+09
1.703098119618979931e+09
1.703098122517497063e+09
1.703098125415169001e+09
1.703098128327755928e+09
1.703098131210391045e+09
1.703098134115242004e+09
1.703098137019319057e+09
1.703098139904489040e+09
1.703098142822829962e+09
1.703098145740787029e+09
1.703098148645322084e+09
1.703098151547045946e+09
1.703098154460464954e+09
1.703098157365318060e+09
1.703098160271080017e+09
1.703098163030339956e+09
1.703098165700607061e+09
1.703098168537852049e+09
1.703098171429497004e+09
1.703098174328891993e+09
1.703098177224252939e+09
1.703098180068943024e+09
1.703098182740240097e+09
1.703098185498693943e+09
1.703098188415431976e+09
1.703098191317439079e+09
1.703098194233388901e+09
1.703098197126565933e+09
1.703098200030473948e+09
1.703098202930952072e+09
1.703098205828119993e+09
1.703098208723632097e+09
1.703098211600156069e+09
1.703098214515372992e+09
1.703098217422471046e+09
1.703098220338176966e+09
1.703098223246757984e+09
1.703098226155668974e+09
1.703098229056689978e+09
1.703098231957614899e+09
1.703098234863804102e+09
1.703098237764132023e+09
1.703098240657160044e+09
1.703098243566351891e+09
1.703098246485363007e+09
1.703098249400259018e+09
1.703098252286801100e+09
1.703098255185921907e+09
1.703098258084297895e+09
1.703098260999476910e+09
1.703098263922745943e+09
1.703098266803977966e+09
1.703098269720911980e+09
1.703098272632333994e+09
1.703098275515264034e+09
1.703098278420239925e+09
1.703098281334484100e+09
1.703098284024141073e+09
1.703098286716973066e+09
1.703098289624335051e+09
1.703098292527745008e+09
1.703098295433345079e+09
1.703098298343473911e+09
1.703098301257705927e+09
1.703098304162549019e+09
1.703098307049700975e+09
1.703098309960149050e+09
1.703098312870609999e+09
1.703098315782416105e+09
1.703098318685257912e+09
1.703098321597234011e+09
1.703098324499192953e+09
1.703098327397391081e+09
1.703098330306329966e+09
1.703098333199307919e+09
1.703098336102072954e+09
1.703098338999986887e+09
1.703098341907603025e+09
1.703098344812036991e+09
1.703098347719541073e+09
1.703098350599972963e+09
1.703098353493522882e+09
1.703098356375390053e+09
1.703098359283703089e+09
1.703098362201857090e+09
1.703098365107462883e+09
1.703098368011341095e+09
1.703098370897505999e+09
1.703098373801420927e+09
1.703098376695193052e+09
1.703098379592811108e+09
1.703098382508464098e+09
1.703098385413089037e+09
1.703098388321748972e+09
1.703098391234798908e+09
1.703098394138660908e+09
1.703098397056185961e+09
1.703098399962135077e+09
1.703098402867487907e+09
1.703098405766253948e+09
1.703098408667073965e+09
1.703098411571223021e+09
1.703098414484513998e+09
1.703098417380628109e+09
1.703098420274389029e+09
1.703098423183150053e+09
1.703098426110419989e+09
1.703098429020731926e+09
1.703098431927798986e+09
1.703098434824804068e+09
1.703098437722872019e+09
1.703098440628016949e+09
1.703098443508547068e+09
1.703098446401070118e+09
1.703098449296298981e+09
1.703098452197475910e+09
1.703098455099598885e+09
1.703098458004237890e+09
1.703098460912947893e+09
1.703098463824495077e+09
1.703098466744402885e+09
1.703098469626688004e+09
1.703098472544137001e+09
1.703098475444793940e+09
1.703098478357337952e+09
1.703098481252680063e+09
1.703098484159410954e+09
1.703098487080153942e+09
1.703098489983232021e+09
1.703098492894330025e+09
1.703098495793287992e+09
1.703098498688249111e+09
1.703098501597695112e+09
1.703098504502811909e+09
1.703098507400322914e+09
1.703098510305742025e+09
1.703098513211757898e+09
1.703098516104257107e+09
1.703098519011842966e+09
1.703098521918158054e+09
1.703098524834220886e+09
1.703098527720583916e+09
1.703098530629901886e+09
1.703098533531044006e+09
1.703098536438503981e+09
1.703098539340809107e+09
1.703098542249572039e+09
1.703098545151850939e+09
1.703098548052697897e+09
1.703098550978295088e+09
1.703098553898441076e+09
1.703098556804276943e+09
1.703098559705868006e+09
1.703098562611236095e+09
1.703098565517299891e+09
1.703098568427155018e+09
1.703098571343873024e+09
1.703098574260884047e+09
1.703098577164989948e+09
1.703098580063381910e+09
1.703098582961325884e+09
1.703098585860515118e+09
1.703098588737922907e+09
1.703098591651019096e+09
1.703098594555957079e+09
1.703098597454125881e+09
1.703098600351479053e+09
1.703098603263205051e+09
1.703098606174678087e+09
1.703098609091970921e+09
1.703098612004472971e+09
1.703098614914824963e+09
1.703098617817181110e+09
1.703098620726703882e+09
1.703098623639278889e+09
1.703098626556364059e+09
1.703098629478709936e+09
1.703098632393260956e+09
1.703098635315109968e+09
1.703098638213627100e+09
1.703098641123578072e+09
1.703098644018788099e+09
1.703098646946607113e+09
1.703098649863941908e+09
1.703098652778513908e+09
1.703098655686436892e+09
1.703098658576412916e+09
1.703098661482007027e+09
1.703098664396591902e+09
1.703098667302429914e+09
1.703098670209443092e+09
1.703098673110645056e+09
1.703098676011070013e+09
1.703098678912087917e+09
1.703098681810245037e+09
1.703098684716881990e+09
1.703098687620240927e+09
1.703098690527976990e+09
1.703098693441852093e+09
1.703098696357325077e+09
1.703098699268727064e+09
1.703098702160900116e+09
1.703098705066456079e+09
1.703098707983901024e+09
1.703098710884573936e+09
1.703098713777024031e+09
1.703098716679559946e+09
1.703098719571291924e+09
1.703098722463429928e+09
1.703098725371417999e+09
1.703098728284073114e+09
1.703098731184415102e+09
1.703098734097939014e+09
1.703098737002325058e+09
1.703098739909828901e+09
1.703098742818583965e+09
1.703098745724678993e+09
1.703098748622167110e+09
1.703098751509463072e+09
1.703098754421354055e+09
1.703098757329561949e+09
1.703098760219894886e+09
1.703098763125905991e+09
1.703098766016400099e+09
1.703098768925729990e+09
1.703098771804999113e+09
1.703098774706222057e+09
1.703098777599472046e+09
1.703098780510880947e+09
1.703098783423516035e+09
1.703098786326689005e+09
1.703098789238285065e+09
1.703098792119204044e+09
1.703098795028073072e+09
1.703098797936140060e+09
1.703098800819335938e+09
1.703098803737519026e+09
1.703098806636518955e+09
1.703098809543895006e+09
1.703098812457005024e+09
1.703098815359249115e+09
1.703098818264036894e+09
1.703098821169369936e+09
1.703098824063430071e+09
1.703098826944658995e+09
1.703098829857319117e+09
1.703098832776428938e+09
1.703098835684263945e+09
1.703098838569511890e+09
1.703098841417617083e+09
1.703098844087722063e+09
1.703098846867794037e+09
1.703098849785154104e+09
1.703098852693262100e+09
1.703098855608696938e+09
1.703098858511188030e+09
1.703098861400397062e+09
1.703098864300376892e+09
1.703098867208827972e+09
1.703098870116221905e+09
1.703098873034538031e+09
1.703098875949651957e+09
1.703098878833991051e+09
1.703098881747091055e+09
1.703098884669004917e+09
1.703098887576472998e+09
1.703098890483755112e+09
1.703098893392209053e+09
1.703098896302706957e+09
1.703098899214977980e+09
1.703098902116266012e+09
1.703098905024003983e+09
1.703098907947981119e+09
1.703098910855413914e+09
1.703098913768273115e+09
1.703098916669560909e+09
1.703098919567121983e+09
1.703098922461898088e+09
1.703098925361440897e+09
1.703098928254760981e+09
1.703098931174031019e+09
1.703098934098938942e+09
1.703098937010426044e+09
1.703098939918221951e+09
1.703098942816042900e+09
1.703098945715662003e+09
1.703098948629607916e+09
1.703098951544096947e+09
1.703098954430032015e+09
1.703098957343810081e+09
1.703098960247590065e+09
1.703098963158185005e+09
1.703098966071625948e+09
1.703098968975296974e+09
1.703098971878335953e+09
1.703098974771626949e+09
1.703098977691529036e+09
1.703098980600295067e+09
1.703098983511946917e+09
1.703098986415127039e+09
1.703098989342050076e+09
1.703098992263000011e+09
1.703098995174513102e+09
1.703098998091183901e+09
1.703099000976782084e+09
1.703099003890503883e+09
1.703099006793618917e+09
1.703099009674774885e+09
1.703099012598819971e+09
1.703099015512759924e+09
1.703099018420001984e+09
1.703099021327024937e+09
1.703099024236341953e+09
1.703099027141391993e+09
1.703099030039124966e+09
1.703099032958204031e+09
1.703099035872545004e+09
1.703099038779016018e+09
1.703099041691837072e+09
1.703099044583645105e+09
1.703099047503659010e+09
1.703099050402633905e+09
1.703099053305943012e+09
1.703099056215203047e+09
1.703099059112162113e+09
1.703099061960541010e+09
1.703099064631093025e+09
1.703099067365600109e+09
1.703099070270014048e+09
1.703099073156158924e+09
1.703099076053725958e+09
1.703099078966546059e+09
1.703099081881366014e+09
1.703099084796471119e+09
1.703099087704840899e+09
1.703099090582652092e+09
1.703099093495230913e+09
1.703099096413392067e+09
1.703099099320492983e+09
1.703099102222661972e+09
1.703099105112200022e+09
1.703099108028359890e+09
1.703099110932701111e+09
1.703099113845740080e+09
1.703099116757529020e+09
1.703099119673176050e+09
1.703099122577141047e+09
1.703099125487534046e+09
1.703099128410828114e+09
1.703099131324301004e+09
1.703099134232626915e+09
1.703099137146317005e+09
1.703099140045346022e+09
1.703099142949377060e+09
1.703099145854985952e+09
1.703099148768713951e+09
1.703099151672286987e+09
1.703099154580024958e+09
1.703099157471406937e+09
1.703099160380979061e+09
1.703099163283972979e+09
1.703099166207976103e+09
1.703099169121436119e+09
1.703099172017244101e+09
1.703099174933419943e+09
1.703099177844104052e+09
1.703099180756918907e+09
1.703099183663151026e+09
1.703099186572637081e+09
1.703099189481484890e+09
1.703099192384310961e+09
1.703099195285991907e+09
1.703099198199465036e+09
1.703099201085063934e+09
1.703099203932437897e+09
1.703099206606087923e+09
1.703099209366144896e+09
1.703099212270287037e+09
1.703099215182202101e+09
1.703099218095150948e+09
1.703099221016433001e+09
1.703099223913996935e+09
1.703099226828244925e+09
1.703099229736752987e+09
1.703099232658612013e+09
1.703099235571160078e+09
1.703099238478858948e+09
1.703099241391782045e+09
1.703099244294915915e+09
1.703099247196302891e+09
1.703099250088707924e+09
1.703099252980051994e+09
1.703099255916619062e+09
1.703099258831250906e+09
1.703099261727631092e+09
1.703099264623004913e+09
1.703099267503257036e+09
1.703099270419706106e+09
1.703099273298310995e+09
1.703099276206448078e+09
1.703099279113435030e+09
1.703099282008286953e+09
1.703099284893733978e+09
1.703099287807295084e+09
1.703099290723494053e+09
1.703099293628402948e+09
1.703099296546611071e+09
1.703099299455439091e+09
1.703099302355920076e+09
1.703099305246903896e+09
1.703099308161374092e+09
1.703099311088552952e+09
1.703099314004086971e+09
1.703099316907670975e+09
1.703099319832110882e+09
1.703099322694587946e+09
1.703099325387439013e+09
1.703099328111464977e+09
1.703099330789669037e+09
1.703099333575608969e+09
1.703099336492804050e+09
1.703099339411742926e+09
1.703099342308980942e+09
1.703099345226799965e+09
1.703099348136038065e+09
1.703099349099653959e+09
