1.709929229144906998e+09
1.709929232706330061e+09
1.709929236441962957e+09
1.709929240177221060e+09
1.709929243913727999e+09
1.709929247647887945e+09
1.709929251383320093e+09
1.709929255119113922e+09
1.709929258852755070e+09
1.709929262589095116e+09
1.709929266324337959e+09
1.709929270058815956e+09
1.709929273819216967e+09
1.709929277552983046e+09
1.709929281288110971e+09
1.709929285024768114e+09
1.709929288781441927e+09
1.709929292544028044e+09
1.709929296274887085e+09
1.709929300008932114e+09
1.709929303744926929e+09
1.709929307478255987e+09
1.709929311213083029e+09
1.709929314949353933e+09
1.709929318707076073e+09
1.709929322469795942e+09
1.709929326200382948e+09
1.709929329934839964e+09
1.709929333671478033e+09
1.709929337404505014e+09
1.709929341163688898e+09
1.709929344900536060e+09
1.709929348636470079e+09
1.709929352372256041e+09
1.709929356134795904e+09
1.709929359868565083e+09
1.709929363606245995e+09
1.709929367342829943e+09
1.709929371079349995e+09
1.709929374816458941e+09
1.709929378575583935e+09
1.709929382313112974e+09
1.709929386073488951e+09
1.709929389810662985e+09
1.709929393547451973e+09
1.709929397283813000e+09
1.709929401018707037e+09
1.709929404754801989e+09
1.709929408488182068e+09
1.709929412228540897e+09
1.709929415957142115e+09
1.709929419702689886e+09
1.709929423453607082e+09
1.709929427206690073e+09
1.709929430940608025e+09
1.709929434676851034e+09
1.709929438433212042e+09
1.709929442167645931e+09
1.709929445901983023e+09
1.709929449637047052e+09
1.709929453370234966e+09
1.709929457103629112e+09
1.709929460861633062e+09
1.709929464596662998e+09
1.709929468331990957e+09
1.709929472063627005e+09
1.709929475799609900e+09
1.709929479533355951e+09
1.709929483268112898e+09
1.709929486637262106e+09
1.709929490199712038e+09
1.709929493642576933e+09
1.709929497115495920e+09
1.709929500845664024e+09
1.709929504602271080e+09
1.709929508336945057e+09
1.709929512071520090e+09
1.709929515806168079e+09
1.709929519540308952e+09
1.709929523272962093e+09
1.709929527006899118e+09
1.709929530623399019e+09
1.709929533974392891e+09
1.709929537633328915e+09
1.709929541368514061e+09
1.709929545121598959e+09
1.709929548856676102e+09
1.709929552572289944e+09
1.709929556326210976e+09
1.709929560060523033e+09
1.709929563818679094e+09
1.709929567552531958e+09
1.709929571289484978e+09
1.709929575044295073e+09
1.709929578779402018e+09
1.709929582513375998e+09
1.709929586246723890e+09
1.709929589980549097e+09
1.709929593715648890e+09
1.709929597447964907e+09
1.709929601184385061e+09
1.709929604939773083e+09
1.709929608674144030e+09
1.709929612409616947e+09
1.709929616141180992e+09
1.709929619875140905e+09
1.709929623609812975e+09
1.709929627367264032e+09
1.709929631103751898e+09
1.709929634836214066e+09
1.709929638594254017e+09
1.709929642329436064e+09
1.709929646062810898e+09
1.709929649796561956e+09
1.709929653531112909e+09
1.709929657265683889e+09
1.709929661001091957e+09
1.709929664740104914e+09
1.709929668469944954e+09
1.709929671995539904e+09
1.709929675406403065e+09
1.709929679142604113e+09
1.709929682876831055e+09
1.709929686248064041e+09
1.709929689789218903e+09
1.709929693523164034e+09
1.709929696907851934e+09
1.709929700461282015e+09
1.709929704194571018e+09
1.709929707927618027e+09
1.709929711661118984e+09
1.709929715400769949e+09
1.709929719129982948e+09
1.709929722863305092e+09
1.709929726599622965e+09
1.709929730332689047e+09
1.709929734089739084e+09
1.709929737827847958e+09
1.709929741558846951e+09
1.709929745292402029e+09
1.709929749030771017e+09
1.709929752761727095e+09
1.709929756146774054e+09
1.709929759699793100e+09
1.709929763434216022e+09
1.709929767164619923e+09
1.709929770923990965e+09
1.709929774655118942e+09
1.709929778393817902e+09
1.709929782122560024e+09
1.709929785748713970e+09
1.709929789100647926e+09
1.709929792765985966e+09
1.709929796521805048e+09
1.709929800255599022e+09
1.709929803992105007e+09
1.709929807725461960e+09
1.709929811457418919e+09
1.709929815190532923e+09
1.709929818926953077e+09
1.709929822553420067e+09
1.709929825973746061e+09
1.709929826637839079e+09
