1.710455561793760061e+09
1.710455563277441025e+09
1.710455564807749033e+09
1.710455566292114019e+09
1.710455567776664019e+09
1.710455569261297941e+09
1.710455570746143103e+09
1.710455572230664015e+09
1.710455573715050936e+09
1.710455575199242115e+09
1.710455576706674099e+09
1.710455578193790913e+09
1.710455579675349951e+09
1.710455581159329891e+09
1.710455582666640043e+09
1.710455584185614109e+09
1.710455585682030916e+09
1.710455587166260958e+09
1.710455588650407076e+09
1.710455590134627104e+09
1.710455591641809940e+09
1.710455593126146078e+09
1.710455594657061100e+09
1.710455596164345980e+09
1.710455597671732903e+09
1.710455599156014919e+09
1.710455600663202047e+09
1.710455602150820971e+09
1.710455603654568911e+09
1.710455605138703108e+09
1.710455606622642040e+09
1.710455608110327959e+09
1.710455609590703011e+09
1.710455611074810982e+09
1.710455612558896065e+09
1.710455614066358089e+09
1.710455615573957920e+09
1.710455617081284046e+09
1.710455618588728905e+09
1.710455620072912931e+09
1.710455621580158949e+09
1.710455623064230919e+09
1.710455624548408031e+09
1.710455626056188107e+09
1.710455627587022066e+09
1.710455629071362019e+09
1.710455630578789949e+09
1.710455632063194990e+09
1.710455633570738077e+09
1.710455635078535080e+09
1.710455636563069105e+09
1.710455638071065903e+09
1.710455639555826902e+09
1.710455641063600063e+09
1.710455642593831062e+09
1.710455644078033924e+09
1.710455645562269926e+09
1.710455647069864035e+09
1.710455648577382088e+09
1.710455650084646940e+09
1.710455651591912985e+09
1.710455653099535942e+09
1.710455654607124090e+09
1.710455656114825964e+09
1.710455657599152088e+09
1.710455659106695890e+09
1.710455660614023924e+09
1.710455662098412991e+09
1.710455663606024981e+09
1.710455665090553999e+09
1.710455666598304033e+09
1.710455668105967045e+09
1.710455669613703012e+09
1.710455671098558903e+09
1.710455672582653046e+09
1.710455674067076921e+09
1.710455675551717997e+09
1.710455677036542892e+09
1.710455678544433117e+09
1.710455680029094934e+09
1.710455681513890982e+09
1.710455683021862030e+09
1.710455684506617069e+09
1.710455686014046907e+09
1.710455687498415947e+09
1.710455689005897999e+09
1.710455690490257978e+09
1.710455691974325895e+09
1.710455693458501101e+09
1.710455694942929029e+09
1.710455696450097084e+09
1.710455697934904099e+09
1.710455699419069052e+09
1.710455700903649092e+09
1.710455702412559986e+09
1.710455703895783901e+09
1.710455705380326986e+09
1.710455706864474058e+09
1.710455708348599911e+09
1.710455709856626987e+09
1.710455711363334894e+09
1.710455712847558022e+09
1.710455714331856012e+09
1.710455715839566946e+09
1.710455717347136021e+09
1.710455718831712961e+09
1.710455720339221001e+09
1.710455721823379040e+09
1.710455723307696104e+09
1.710455724815067053e+09
1.710455726299336910e+09
1.710455727806746006e+09
1.710455729291110992e+09
1.710455730798724890e+09
1.710455732306209087e+09
1.710455733813457012e+09
1.710455735297760963e+09
1.710455736781680107e+09
1.710455738289203882e+09
1.710455739773736000e+09
1.710455741281078100e+09
1.710455742765361071e+09
1.710455744249917030e+09
1.710455745734065056e+09
1.710455747241547108e+09
1.710455748748976946e+09
1.710455750256391048e+09
1.710455751740546942e+09
1.710455753224510908e+09
1.710455754708671093e+09
1.710455756192851067e+09
1.710455757677347898e+09
1.710455759184154034e+09
1.710455760668293953e+09
1.710455762198843956e+09
1.710455763706271887e+09
1.710455765190438032e+09
1.710455766674619913e+09
1.710455768181899071e+09
1.710455769665384054e+09
1.710455771178582907e+09
1.710455772680815935e+09
1.710455774164339066e+09
1.710455775648428917e+09
1.710455777155544996e+09
1.710455778639646053e+09
1.710455780147176981e+09
1.710455781631727934e+09
1.710455783115936041e+09
1.710455784600528955e+09
1.710455786107717991e+09
1.710455787592096090e+09
1.710455789076467991e+09
1.710455790584227085e+09
1.710455792072072029e+09
1.710455793599411011e+09
1.710455795083897114e+09
1.710455796568497896e+09
1.710455798099562883e+09
1.710455799583940983e+09
1.710455801068667889e+09
1.710455802552850962e+09
1.710455804060097933e+09
1.710455805567574024e+09
1.710455807051764011e+09
1.710455808537220955e+09
1.710455810067132950e+09
1.710455811551470995e+09
1.710455813059261084e+09
1.710455814566982031e+09
1.710455816051493883e+09
1.710455817535568953e+09
1.710455819020849943e+09
1.710455820550482988e+09
1.710455822034774065e+09
1.710455823542037010e+09
1.710455825026146889e+09
1.710455826533600092e+09
1.710455828017791033e+09
1.710455829526375055e+09
1.710455831032454967e+09
1.710455832539705038e+09
1.710455834047081947e+09
1.710455835531260967e+09
1.710455837015383959e+09
1.710455838499439001e+09
1.710455840007611990e+09
1.710455841537491083e+09
1.710455843044781923e+09
1.710455844552083969e+09
1.710455846059602976e+09
1.710455847543850899e+09
1.710455849051275015e+09
1.710455850537030935e+09
1.710455852042943001e+09
1.710455853527400970e+09
1.710455855035171986e+09
1.710455856519556046e+09
1.710455858027297020e+09
1.710455859534708977e+09
1.710455861043951988e+09
1.710455862550024033e+09
1.710455864057926893e+09
1.710455865542773962e+09
1.710455867050436020e+09
1.710455868534934998e+09
1.710455870019653082e+09
1.710455871504674911e+09
1.710455873034523964e+09
1.710455874519124031e+09
1.710455876026534081e+09
1.710455877511168003e+09
1.710455879018625021e+09
1.710455880526370049e+09
1.710455882034912109e+09
1.710455883564698935e+09
1.710455885072319984e+09
1.710455886556876898e+09
1.710455888064474106e+09
1.710455889548746109e+09
1.710455891032982111e+09
1.710455892540713072e+09
1.710455894025048971e+09
1.710455895509385109e+09
1.710455896993938923e+09
1.710455898501713991e+09
1.710455900009690046e+09
1.710455901517546892e+09
1.710455903025572062e+09
1.710455904579587936e+09
1.710455906087477922e+09
1.710455907572323084e+09
1.710455909079819918e+09
1.710455910587804079e+09
1.710455912072787046e+09
1.710455913580418110e+09
1.710455915064948082e+09
1.710455916572530985e+09
1.710455918080245018e+09
1.710455919588155031e+09
1.710455921095731020e+09
1.710455922580377102e+09
1.710455924111005068e+09
1.710455925595525980e+09
1.710455927103393078e+09
1.710455928611639977e+09
1.710455930119877100e+09
1.710455931604983091e+09
1.710455933113689899e+09
1.710455934645437002e+09
1.710455936153533936e+09
1.710455937638854027e+09
1.710455939123727083e+09
1.710455940632365942e+09
1.710455942140527964e+09
1.710455943625586987e+09
1.710455945157128096e+09
1.710455946642374992e+09
1.710455948127499104e+09
1.710455949613132954e+09
1.710455951120646000e+09
1.710455952628851891e+09
1.710455954113980055e+09
1.710455955599061012e+09
1.710455957084413052e+09
1.710455958592859030e+09
1.710455960126466990e+09
1.710455961633286953e+09
1.710455963118874073e+09
1.710455964603425026e+09
1.710455966111610889e+09
1.710455967596723080e+09
1.710455969081669092e+09
1.710455970566788912e+09
1.710455972075064898e+09
1.710455973559963942e+09
1.710455975068357944e+09
1.710455976576729059e+09
1.710455978084856033e+09
1.710455979593118906e+09
1.710455981101644993e+09
1.710455982610279083e+09
1.710455984095493078e+09
1.710455985604320049e+09
1.710455987112498999e+09
1.710455988620647907e+09
1.710455990105875969e+09
1.710455991615386009e+09
1.710455993122663021e+09
1.710455994630894899e+09
1.710455996116142988e+09
1.710455997624516964e+09
1.710455999132998943e+09
1.710456000618457079e+09
1.710456002128138065e+09
1.710456003635062933e+09
1.710456005120379925e+09
1.710456006628798962e+09
1.710456008137492895e+09
1.710456009622889996e+09
1.710456011131665945e+09
1.710456012641459942e+09
1.710456014171911955e+09
1.710456015657546043e+09
1.710456017166136026e+09
1.710456018651108027e+09
1.710456020136035919e+09
1.710456021643754005e+09
1.710456023129060984e+09
1.710456024636298895e+09
1.710456026144052029e+09
1.710456027628798008e+09
1.710456029136822939e+09
1.710456030621617079e+09
1.710456032129791975e+09
1.710456033639209986e+09
1.710456035168260098e+09
1.710456036676111937e+09
1.710456038160835981e+09
1.710456039645420074e+09
1.710456041153347969e+09
1.710456042661084890e+09
1.710456044145472050e+09
1.710456045653248072e+09
1.710456047161077023e+09
1.710456048645430088e+09
1.710456050176528931e+09
1.710456051661164045e+09
1.710456053145560026e+09
1.710456054652867079e+09
1.710456056160475969e+09
1.710456057644896030e+09
1.710456059152637959e+09
1.710456060660432100e+09
1.710456062145005941e+09
1.710456063653521061e+09
1.710456065161537886e+09
1.710456066668282986e+09
1.710456068152729034e+09
1.710456069637382984e+09
1.710456071144918919e+09
1.710456072629488945e+09
1.710456074139352083e+09
1.710456075622400999e+09
1.710456077152301073e+09
1.710456078636619091e+09
1.710456080143815994e+09
1.710456081674434900e+09
1.710456083181705952e+09
1.710456084665931940e+09
1.710456086173392057e+09
1.710456087681232929e+09
1.710456089166075945e+09
1.710456090673657894e+09
1.710456092206691980e+09
1.710456093689429045e+09
1.710456095174084902e+09
1.710456096659013033e+09
1.710456098189292908e+09
1.710456099674113035e+09
1.710456101182128906e+09
1.710456102667054892e+09
1.710456104174952030e+09
1.710456105682926893e+09
1.710456107168730974e+09
1.710456108744980097e+09
1.710456110229532957e+09
1.710456111737570047e+09
1.710456113268518925e+09
1.710456114752933025e+09
1.710456116237451077e+09
1.710456117721905947e+09
1.710456119206796885e+09
1.710456120691756010e+09
1.710456122176779032e+09
1.710456123684900045e+09
1.710456125169545889e+09
1.710456126654345989e+09
1.710456128139972925e+09
1.710456129646791935e+09
1.710456131131422997e+09
1.710456132615559101e+09
1.710456134100392103e+09
1.710456135584758997e+09
1.710456137092592001e+09
1.710456138577249050e+09
1.710456140061986923e+09
1.710456141546544075e+09
1.710456143054265976e+09
1.710456144539057970e+09
1.710456146023679018e+09
1.710456147508251905e+09
1.710456148992655039e+09
1.710456150477152109e+09
1.710456151961556911e+09
1.710456153446253061e+09
1.710456154930614948e+09
1.710456156415149927e+09
1.710456157899674892e+09
1.710456159407330036e+09
1.710456160914829969e+09
1.710456161502238035e+09
