1.709750632060699940e+09
1.709750644728949070e+09
1.709750657370949984e+09
1.709750670040988922e+09
1.709750682684283972e+09
1.709750695353065014e+09
1.709750707996475935e+09
1.709750720639399052e+09
1.709750733284187078e+09
1.709750745950418949e+09
1.709750758359117985e+09
1.709750770938741922e+09
1.709750783601682901e+09
1.709750796267508030e+09
1.709750808910321951e+09
1.709750821573750019e+09
1.709750834212548018e+09
1.709750846874540091e+09
1.709750859541111946e+09
1.709750872178268909e+09
1.709750884818464994e+09
1.709750897482623100e+09
1.709750910124145031e+09
1.709750922787921906e+09
1.709750935406481028e+09
1.709750948044811010e+09
1.709750960684915066e+09
1.709750973326416016e+09
1.709750985707201958e+09
1.709750998302937031e+09
1.709751010967304945e+09
1.709751023629769087e+09
1.709751036270787954e+09
1.709751048910132885e+09
1.709751061573385954e+09
1.709751074239545107e+09
1.709751086901796103e+09
1.709751099565452099e+09
1.709751112232518911e+09
1.709751124896620035e+09
1.709751137537462950e+09
1.709751150176239014e+09
1.709751162838244915e+09
1.709751175502588034e+09
1.709751188189956903e+09
1.709751200829202890e+09
1.709751213491658926e+09
1.709751220774725914e+09
