1.710367148987549067e+09
1.710367150494841099e+09
1.710367152026282072e+09
1.710367153556729078e+09
1.710367155087512016e+09
1.710367156595176935e+09
1.710367158127171993e+09
1.710367159728044033e+09
1.710367161329185009e+09
1.710367162929701090e+09
1.710367164530132055e+09
1.710367166153501987e+09
1.710367167755686998e+09
1.710367169355796099e+09
1.710367170980632067e+09
1.710367172603549957e+09
1.710367174227736950e+09
1.710367175828419924e+09
1.710367177428890944e+09
1.710367179030456066e+09
1.710367180653829098e+09
1.710367182277550936e+09
1.710367183878906012e+09
1.710367185479444981e+09
1.710367187103380919e+09
1.710367188703877926e+09
1.710367190305423975e+09
1.710367191928939104e+09
1.710367193552805901e+09
1.710367195176876068e+09
1.710367196799535036e+09
1.710367198422673941e+09
1.710367200046544075e+09
1.710367201646143913e+09
1.710367203269706011e+09
1.710367204916296959e+09
1.710367206515769958e+09
1.710367208139552116e+09
1.710367209739998102e+09
1.710367211362626076e+09
1.710367212986181021e+09
1.710367214609364033e+09
1.710367216210125923e+09
1.710367217856781960e+09
1.710367219456814051e+09
1.710367221056427956e+09
1.710367222657475948e+09
1.710367224257667065e+09
1.710367225881200075e+09
1.710367227481370926e+09
1.710367229056670904e+09
1.710367230540855885e+09
1.710367232048593998e+09
1.710367233583136082e+09
1.710367235180248976e+09
1.710367236827706099e+09
1.710367238449904919e+09
1.710367240050252914e+09
1.710367241673166990e+09
1.710367243296327114e+09
1.710367244919471025e+09
1.710367246519445896e+09
1.710367248120075941e+09
1.710367249719631910e+09
1.710367251343046904e+09
1.710367252989279985e+09
1.710367254589428902e+09
1.710367256212294102e+09
1.710367257835680008e+09
1.710367259481720924e+09
1.710367261106308937e+09
1.710367262728274107e+09
1.710367264351645947e+09
1.710367265951351881e+09
1.710367267574449062e+09
1.710367269197613001e+09
1.710367270821235895e+09
1.710367272445173979e+09
1.710367274067924023e+09
1.710367275694176912e+09
1.710367277315201998e+09
1.710367278938535929e+09
1.710367280561526060e+09
1.710367282184700012e+09
1.710367283808206081e+09
1.710367285431042910e+09
1.710367287031023979e+09
1.710367288631198883e+09
1.710367290277709007e+09
1.710367291877796888e+09
1.710367293501796007e+09
1.710367295125422955e+09
1.710367296748176098e+09
1.710367298348968983e+09
1.710367299948947906e+09
1.710367301572038889e+09
1.710367303195485115e+09
1.710367304841747046e+09
1.710367306465769053e+09
1.710367308088620901e+09
1.710367309712382078e+09
1.710367311312931061e+09
1.710367312912925959e+09
1.710367314537364006e+09
1.710367316160729885e+09
1.710367317761440039e+09
1.710367319407916069e+09
1.710367321031322956e+09
1.710367322654316902e+09
1.710367324277977943e+09
1.710367325878201962e+09
1.710367327502161980e+09
1.710367329125627041e+09
1.710367330748527050e+09
1.710367332349277973e+09
1.710367333950004101e+09
1.710367335549052000e+09
1.710367337149223089e+09
1.710367338748830080e+09
1.710367340349059105e+09
1.710367341972862959e+09
1.710367343572608948e+09
1.710367345197669983e+09
1.710367346820414066e+09
1.710367348444058895e+09
1.710367350090540886e+09
1.710367351691658974e+09
1.710367353291035891e+09
1.710367354914949894e+09
1.710367356538549900e+09
1.710367358161519051e+09
1.710367359785188913e+09
1.710367361408241987e+09
1.710367363054167032e+09
1.710367364654297113e+09
1.710367366255214930e+09
1.710367367854865074e+09
1.710367369477977991e+09
1.710367371077850103e+09
1.710367372701668024e+09
1.710367374347050905e+09
1.710367375947820902e+09
1.710367377570379972e+09
1.710367379171506882e+09
1.710367380793765068e+09
1.710367382394090891e+09
1.710367383994396925e+09
1.710367385617078066e+09
1.710367387239732981e+09
1.710367388862415075e+09
1.710367390462452888e+09
1.710367392062695980e+09
1.710367393686703920e+09
1.710367395309339046e+09
1.710367396909750938e+09
1.710367398532541037e+09
1.710367400155898094e+09
1.710367401801392078e+09
1.710367403448684931e+09
1.710367405071845055e+09
1.710367406694688082e+09
1.710367408317699909e+09
1.710367409918734074e+09
1.710367411518276930e+09
1.710367413141247988e+09
1.710367414765125036e+09
1.710367416388618946e+09
1.710367418012378931e+09
1.710367419635649920e+09
1.710367421258699894e+09
1.710367422882579088e+09
1.710367424483418941e+09
1.710367426107037067e+09
1.710367427753300905e+09
1.710367429377018929e+09
1.710367431000792027e+09
1.710367432624144077e+09
1.710367434223851919e+09
1.710367435871264935e+09
1.710367437494514942e+09
1.710367439094815969e+09
1.710367440694864988e+09
1.710367442295388937e+09
1.710367443895459890e+09
1.710367445520642042e+09
1.710367447120182991e+09
1.710367448720052004e+09
1.710367450344263077e+09
1.710367451967050076e+09
1.710367453568053961e+09
1.710367455191517115e+09
1.710367456813674927e+09
1.710367458437458038e+09
1.710367460061130047e+09
1.710367461661676884e+09
1.710367463284593105e+09
1.710367464907622099e+09
1.710367466507922888e+09
1.710367468131033897e+09
1.710367469754077911e+09
1.710367471377665043e+09
1.710367473001533031e+09
1.710367474624257088e+09
1.710367476247608900e+09
1.710367477871340036e+09
1.710367479494483948e+09
1.710367481094305038e+09
1.710367482695031881e+09
1.710367484318185091e+09
1.710367485918895960e+09
1.710367487542162895e+09
1.710367489166008949e+09
1.710367490789515972e+09
1.710367492389857054e+09
1.710367493990058899e+09
1.710367495613513947e+09
1.710367497237457037e+09
1.710367498884521008e+09
1.710367500485116005e+09
1.710367502131900072e+09
1.710367503732942104e+09
1.710367505355370998e+09
1.710367506955955029e+09
1.710367508557069063e+09
1.710367510157465935e+09
1.710367511781122923e+09
1.710367513381771088e+09
1.710367514983546019e+09
1.710367516582914114e+09
1.710367518207221985e+09
1.710367519808024883e+09
1.710367521432485104e+09
1.710367523056330919e+09
1.710367524680361986e+09
1.710367526329251051e+09
1.710367527952722073e+09
1.710367529577166080e+09
1.710367531178289890e+09
1.710367532802572012e+09
1.710367534426271915e+09
1.710367536051220894e+09
1.710367537651884079e+09
1.710367539275542021e+09
1.710367540877037048e+09
1.710367542501106024e+09
1.710367544125648022e+09
1.710367545728266954e+09
1.710367547350583076e+09
1.710367548974395037e+09
1.710367550622450113e+09
1.710367552246182919e+09
1.710367553870851040e+09
1.710367555495238066e+09
1.710367557118802071e+09
1.710367558743278980e+09
1.710367560367516041e+09
1.710367561991663933e+09
1.710367563615880013e+09
1.710367565216494083e+09
1.710367566840245962e+09
1.710367568416249037e+09
1.710367569923845053e+09
1.710367571431524992e+09
1.710367572986215115e+09
1.710367574586626053e+09
1.710367576139363050e+09
1.710367577646955967e+09
1.710367579154480934e+09
1.710367580733006954e+09
1.710367582356365919e+09
1.710367583956734896e+09
1.710367585556963921e+09
1.710367587180821896e+09
1.710367588804861069e+09
1.710367590429151058e+09
1.710367592052609921e+09
1.710367593675952911e+09
1.710367595300018072e+09
1.710367596946252108e+09
1.710367598569827080e+09
1.710367600193609953e+09
1.710367601818061113e+09
1.710367603464174032e+09
1.710367605087526083e+09
1.710367606688129902e+09
1.710367608311763048e+09
1.710367609912853003e+09
1.710367611513142109e+09
1.710367613136833906e+09
1.710367614762646914e+09
1.710367616384680033e+09
1.710367617985399008e+09
1.710367619586033106e+09
1.710367621209657907e+09
1.710367622809984922e+09
1.710367624434006929e+09
1.710367626059319973e+09
1.710367627633558989e+09
1.710367629141010046e+09
1.710367630648755074e+09
1.710367632181309938e+09
1.710367633804704905e+09
1.710367635405339956e+09
1.710367637006134987e+09
1.710367638629869938e+09
1.710367640230235100e+09
1.710367641853822947e+09
1.710367643454287052e+09
1.710367645078044891e+09
1.710367646702395916e+09
1.710367648325836897e+09
1.710367649926791906e+09
1.710367651527633905e+09
1.710367653151355982e+09
1.710367654752386093e+09
1.710367656352204084e+09
1.710367657976627111e+09
1.710367659600665092e+09
1.710367661201109886e+09
1.710367662801785946e+09
1.710367664402193069e+09
1.710367666026190996e+09
1.710367667649878025e+09
1.710367669250056028e+09
1.710367670849996090e+09
1.710367672474107981e+09
1.710367674074934006e+09
1.710367675675934076e+09
1.710367677276247025e+09
1.710367678899702072e+09
1.710367680500031948e+09
1.710367682100667953e+09
1.710367683724453926e+09
1.710367685253946066e+09
1.710367686761552095e+09
1.710367688268970013e+09
1.710367689848031044e+09
1.710367691471230984e+09
1.710367693095012903e+09
1.710367694694745064e+09
1.710367696318339109e+09
1.710367697942218065e+09
1.710367699565664053e+09
1.710367701212822914e+09
1.710367702813189983e+09
1.710367704436445951e+09
1.710367706059973955e+09
1.710367707660691023e+09
1.710367709283821106e+09
1.710367710907416105e+09
1.710367712530843973e+09
1.710367714131318092e+09
1.710367715755271912e+09
1.710367717377808094e+09
1.710367719001053095e+09
1.710367720624361992e+09
1.710367722247642994e+09
1.710367723848180056e+09
1.710367725471375942e+09
1.710367727094012976e+09
1.710367728716936111e+09
1.710367730340365887e+09
1.710367731940236092e+09
1.710367733540641069e+09
1.710367735140757084e+09
1.710367736764339924e+09
1.710367738386941910e+09
1.710367740010365009e+09
1.710367741610955000e+09
1.710367743234128952e+09
1.710367744834851027e+09
1.710367746457469940e+09
1.710367748127720118e+09
1.710367749136944056e+09
