1.709927532275266886e+09
1.709927544914982080e+09
1.709927557556721926e+09
1.709927569900888920e+09
1.709927582543967009e+09
1.709927595182770014e+09
1.709927607520318985e+09
1.709927620143686056e+09
1.709927632810237885e+09
1.709927645450453043e+09
1.709927658093162060e+09
1.709927670762115955e+09
1.709927683402642012e+09
1.709927696067823887e+09
1.709927708709779024e+09
1.709927721373935938e+09
1.709927734038404942e+09
1.709927746681224108e+09
1.709927759325032949e+09
1.709927771993124962e+09
1.709927784657672882e+09
1.709927797323084116e+09
1.709927809641562939e+09
1.709927822305214882e+09
1.709927834948293924e+09
1.709927847610461950e+09
1.709927859996330976e+09
1.709927872270685911e+09
1.709927884957201958e+09
1.709927897621015072e+09
1.709927910287415981e+09
1.709927922927007914e+09
1.709927935593525887e+09
1.709927948234389067e+09
1.709927960875471115e+09
1.709927973541029930e+09
1.709927986209183931e+09
1.709927998847557068e+09
1.709928011489089966e+09
1.709928024130042076e+09
1.709928036793483973e+09
1.709928049456254959e+09
1.709928062120331049e+09
1.709928074846370935e+09
1.709928087504897118e+09
1.709928100173780918e+09
1.709928112814244986e+09
1.709928120989634037e+09
