1.710359551169080019e+09
1.710359552653928995e+09
1.710359554161844015e+09
1.710359555669680119e+09
1.710359557177707911e+09
1.710359558685652971e+09
1.710359560172156096e+09
1.710359561773237944e+09
1.710359563396949053e+09
1.710359564998099089e+09
1.710359566599647045e+09
1.710359568200803995e+09
1.710359569801641941e+09
1.710359571402795076e+09
1.710359573026529074e+09
1.710359574650139093e+09
1.710359576273490906e+09
1.710359577896784067e+09
1.710359579497087002e+09
1.710359581121078968e+09
1.710359582744736910e+09
1.710359584345174074e+09
1.710359585944955111e+09
1.710359587545085907e+09
1.710359589168732882e+09
1.710359590769855022e+09
1.710359592394802094e+09
1.710359593996727943e+09
1.710359595620469093e+09
1.710359597221803904e+09
1.710359598846178055e+09
1.710359600447808027e+09
1.710359602071752071e+09
1.710359603696115017e+09
1.710359605295871973e+09
1.710359606780885935e+09
1.710359608265923977e+09
1.710359609751137018e+09
1.710359611330593109e+09
1.710359612954437971e+09
1.710359614578605890e+09
1.710359616179707050e+09
1.710359617780836105e+09
1.710359619404756069e+09
1.710359621005675077e+09
1.710359622606622934e+09
1.710359624206943035e+09
1.710359625831463099e+09
1.710359627455876112e+09
1.710359629056924105e+09
1.710359630658281088e+09
1.710359632259197950e+09
1.710359633883606911e+09
1.710359635507656097e+09
1.710359637108602047e+09
1.710359638709814072e+09
1.710359640334080935e+09
1.710359641934492111e+09
1.710359643537008047e+09
1.710359645135246992e+09
1.710359646758923054e+09
1.710359648360239983e+09
1.710359649960526943e+09
1.710359651584146023e+09
1.710359653208131075e+09
1.710359654832293987e+09
1.710359656456578016e+09
1.710359658080295086e+09
1.710359659704648972e+09
1.710359661328064919e+09
1.710359662975560904e+09
1.710359664599400043e+09
1.710359666200062037e+09
1.710359667753550053e+09
1.710359669238132954e+09
1.710359670722826004e+09
1.710359672255033016e+09
1.710359673879995108e+09
1.710359675503515005e+09
1.710359677127896070e+09
1.710359678752553940e+09
1.710359680399802923e+09
1.710359682000818968e+09
1.710359683601552010e+09
1.710359685226139069e+09
1.710359686851006031e+09
1.710359688475862026e+09
1.710359690077611923e+09
1.710359691701847076e+09
1.710359693326170921e+09
1.710359694928143024e+09
1.710359696552874088e+09
1.710359698176695108e+09
1.710359699801980972e+09
1.710359701425941944e+09
1.710359703050544024e+09
1.710359704674633026e+09
1.710359706299501896e+09
1.710359707924093962e+09
1.710359709525804043e+09
1.710359711149991989e+09
1.710359712774112940e+09
1.710359714375932932e+09
1.710359715977111101e+09
1.710359717602322102e+09
1.710359719226543903e+09
1.710359720851023912e+09
1.710359722475280046e+09
1.710359724099812984e+09
1.710359725724853992e+09
1.710359727349210024e+09
1.710359728950078964e+09
1.710359730551841021e+09
1.710359732175959110e+09
1.710359733800417900e+09
1.710359735424902916e+09
1.710359737049000978e+09
1.710359738673928022e+09
1.710359740276077032e+09
1.710359741877573967e+09
1.710359743501952887e+09
1.710359745127729893e+09
1.710359746728002071e+09
1.710359748329093933e+09
1.710359749953577042e+09
1.710359751554680109e+09
1.710359753156383991e+09
1.710359754781097889e+09
1.710359756404544115e+09
1.710359758005086899e+09
1.710359759629612923e+09
1.710359761231338978e+09
1.710359762856554985e+09
1.710359764479590893e+09
1.710359766104284048e+09
1.710359767705169916e+09
1.710359769329631090e+09
1.710359770954199076e+09
1.710359772578434944e+09
1.710359774202696085e+09
1.710359775826905966e+09
1.710359777451179028e+09
1.710359779075731039e+09
1.710359780677639961e+09
1.710359782277818918e+09
1.710359783901990891e+09
1.710359785526324987e+09
1.710359787127460957e+09
1.710359788751969099e+09
1.710359790376138926e+09
1.710359792000308990e+09
1.710359793601583958e+09
1.710359795202286959e+09
1.710359796826957941e+09
1.710359798428931952e+09
1.710359800029637098e+09
1.710359801630376101e+09
1.710359803232033968e+09
1.710359804856199980e+09
1.710359806457623959e+09
1.710359808081948042e+09
1.710359809705296040e+09
1.710359811307044983e+09
1.710359812929660082e+09
1.710359814553698063e+09
1.710359816177309036e+09
1.710359817801465034e+09
1.710359819401252031e+09
1.710359821026345015e+09
1.710359822626151085e+09
1.710359824226206064e+09
1.710359825850039959e+09
1.710359827473853111e+09
1.710359829098220110e+09
1.710359830699364901e+09
1.710359832300124884e+09
1.710359833900295019e+09
1.710359835524038076e+09
1.710359837148381948e+09
1.710359838747977018e+09
1.710359840348390102e+09
1.710359841972173929e+09
1.710359843596385956e+09
1.710359845196050882e+09
1.710359846681068897e+09
1.710359848166078091e+09
1.710359849652503014e+09
1.710359851276001930e+09
1.710359852877008915e+09
1.710359854477225065e+09
1.710359856078120947e+09
1.710359857701837063e+09
1.710359859326483011e+09
1.710359860949076891e+09
1.710359862576381922e+09
1.710359864174978018e+09
1.710359865798767090e+09
1.710359867421010017e+09
1.710359869021357059e+09
1.710359870622174978e+09
1.710359872223939896e+09
1.710359873846554041e+09
1.710359875447437048e+09
1.710359877071038961e+09
1.710359878694463968e+09
1.710359880318085909e+09
1.710359881918379068e+09
1.710359883519573927e+09
1.710359885142544985e+09
1.710359886766114950e+09
1.710359888365797997e+09
1.710359889966348886e+09
1.710359891589760065e+09
1.710359893213159084e+09
1.710359894860107899e+09
1.710359896484926939e+09
1.710359898084419966e+09
1.710359899707462072e+09
1.710359901330981970e+09
1.710359902931174994e+09
1.710359904554080009e+09
1.710359906106707096e+09
1.710359907591018915e+09
1.710359909075669050e+09
1.710359910630805969e+09
1.710359912254498005e+09
1.710359913854832888e+09
1.710359915454828978e+09
1.710359917079567909e+09
1.710359918702485085e+09
1.710359920326747894e+09
1.710359921926029921e+09
1.710359923526325941e+09
1.710359925150513887e+09
1.710359926750310898e+09
1.710359928374551058e+09
1.710359929975878000e+09
1.710359931598783016e+09
1.710359933199201107e+09
1.710359934799403906e+09
1.710359936423881054e+09
1.710359938046518087e+09
1.710359939670797110e+09
1.710359941294827938e+09
1.710359942917830944e+09
1.710359944541560888e+09
1.710359946165795088e+09
1.710359947765625000e+09
1.710359949365545988e+09
1.710359950989731073e+09
1.710359952588908911e+09
1.710359954188914061e+09
1.710359955742183924e+09
1.710359957227036953e+09
1.710359958734311104e+09
1.710359960265500069e+09
1.710359961888554096e+09
1.710359963512386084e+09
1.710359965136429071e+09
1.710359966759357929e+09
1.710359968358995914e+09
1.710359969959414959e+09
1.710359971560652971e+09
1.710359973160196066e+09
1.710359974784226894e+09
1.710359976409506083e+09
1.710359978031806946e+09
1.710359979655208111e+09
1.710359981279572964e+09
1.710359982879724979e+09
1.710359984503484964e+09
1.710359986125848055e+09
1.710359987749279976e+09
1.710359989372519016e+09
1.710359990972743988e+09
1.710359992596075058e+09
1.710359994219954967e+09
1.710359995843410969e+09
1.710359997466413021e+09
1.710359999066807032e+09
1.710360000690157890e+09
1.710360002314193010e+09
1.710360003913283110e+09
1.710360005513194084e+09
1.710360007136792898e+09
1.710360008759990931e+09
1.710360010383493900e+09
1.710360012006288052e+09
1.710360013630069971e+09
1.710360015253942966e+09
1.710360016853574991e+09
1.710360018454099894e+09
1.710360020078619957e+09
1.710360021678392887e+09
1.710360023301896095e+09
1.710360024924984932e+09
1.710360026547655106e+09
1.710360028170805931e+09
1.710360029771855116e+09
1.710360031371903896e+09
1.710360032973469019e+09
1.710360034595904112e+09
1.710360036196525097e+09
1.710360037799410105e+09
1.710360039397068024e+09
1.710360041020951033e+09
1.710360042644428015e+09
1.710360044245085001e+09
1.710360045868985891e+09
1.710360047494075060e+09
1.710360049117187023e+09
1.710360050740850925e+09
1.710360052364398956e+09
1.710360053987766981e+09
1.710360055611020088e+09
1.710360057234658957e+09
1.710360058858215094e+09
1.710360060482233047e+09
1.710360062082197905e+09
1.710360063705936909e+09
1.710360065212176085e+09
1.710360066696805954e+09
1.710360068181070089e+09
1.710360069713459015e+09
1.710360071313601971e+09
1.710360072937088966e+09
1.710360074560671091e+09
1.710360076161043882e+09
1.710360077784778118e+09
1.710360079407826900e+09
1.710360081007847071e+09
1.710360082631268978e+09
1.710360084231009960e+09
1.710360085854176998e+09
1.710360087454472065e+09
1.710360089078531981e+09
1.710360090701242924e+09
1.710360092301330090e+09
1.710360093901648998e+09
1.710360095501532078e+09
1.710360097124814987e+09
1.710360098748483896e+09
1.710360100348594904e+09
1.710360101972614050e+09
1.710360103594808102e+09
1.710360105218072891e+09
1.710360106841747999e+09
1.710360108441996098e+09
1.710360110042252064e+09
1.710360111642781973e+09
1.710360113242554903e+09
1.710360114843756914e+09
1.710360116466337919e+09
1.710360118089617968e+09
1.710360119691898108e+09
1.710360121291271925e+09
1.710360122913896084e+09
1.710360124537673950e+09
1.710360126161003113e+09
1.710360127761118889e+09
1.710360129384627104e+09
1.710360131008272886e+09
1.710360132632050037e+09
1.710360134255644083e+09
1.710360135879620075e+09
1.710360137503443956e+09
1.710360139102679014e+09
1.710360140610307932e+09
1.710360142094947100e+09
1.710360143603257895e+09
1.710360145203762054e+09
1.710360146804084063e+09
1.710360148404443979e+09
1.710360150004760027e+09
1.710360150644176006e+09
