1.705080740362554073e+09
1.705080741716177940e+09
1.705080743051732063e+09
1.705080744395266056e+09
1.705080745849281073e+09
1.705080747308887959e+09
1.705080748777051926e+09
1.705080750225419998e+09
1.705080751726129055e+09
1.705080753189012051e+09
1.705080754665678024e+09
1.705080756136045933e+09
1.705080757595479965e+09
1.705080759065987110e+09
1.705080760528760910e+09
1.705080761993503094e+09
1.705080763463612080e+09
1.705080764929229021e+09
1.705080766264130116e+09
1.705080767601413965e+09
1.705080768939719915e+09
1.705080770329569101e+09
1.705080771776005983e+09
1.705080773251429081e+09
1.705080774709683895e+09
1.705080776184870005e+09
1.705080777683952093e+09
1.705080779146744967e+09
1.705080780592689037e+09
1.705080782054955006e+09
1.705080783511328936e+09
1.705080784975090027e+09
1.705080786426290035e+09
1.705080787905970097e+09
1.705080789369415045e+09
1.705080790828314066e+09
1.705080792306859970e+09
1.705080793743421078e+09
1.705080795206239939e+09
1.705080796686814070e+09
1.705080798143832922e+09
1.705080799601866961e+09
1.705080801081429958e+09
1.705080802540038109e+09
1.705080803996357918e+09
1.705080805465478897e+09
1.705080806940201044e+09
1.705080808412538052e+09
1.705080809876332998e+09
1.705080811330976009e+09
1.705080812810833931e+09
1.705080814280705929e+09
1.705080815737977982e+09
1.705080817215095997e+09
1.705080818689431906e+09
1.705080820125463963e+09
1.705080821592983007e+09
1.705080823073179960e+09
1.705080824539001942e+09
1.705080826000016928e+09
1.705080827467417955e+09
1.705080828925589085e+09
1.705080830401813984e+09
1.705080831873246908e+09
1.705080833327790976e+09
1.705080834806236982e+09
1.705080836273005009e+09
1.705080837713011980e+09
1.705080839178452015e+09
1.705080840639009953e+09
1.705080842113641024e+09
1.705080843590936899e+09
1.705080845068891048e+09
1.705080846429553032e+09
1.705080846601964951e+09
1.705080854427752018e+09
1.705080855763935089e+09
1.705080855933948994e+09
