1.704312797618069887e+09
1.704312812935478926e+09
1.704312813002991915e+09
1.704312849049580097e+09
1.704312871501491070e+09
1.704312893417798042e+09
1.704312915219436884e+09
1.704312937723916054e+09
1.704312959548670053e+09
1.704312981394814968e+09
1.704313004184984922e+09
1.704313026427422047e+09
1.704313048908792019e+09
1.704313071550091982e+09
1.704313093625247002e+09
1.704313116068411112e+09
1.704313138931049109e+09
1.704313161380922079e+09
1.704313184224160910e+09
1.704313206646745920e+09
1.704313229112221003e+09
1.704313251601238966e+09
1.704313274054877996e+09
1.704313296913533926e+09
1.704313319761441946e+09
1.704313342442725897e+09
1.704313365076957941e+09
1.704313387562515974e+09
1.704313409615432024e+09
1.704313432477178097e+09
1.704313454160087109e+09
1.704313476635462046e+09
1.704313499477571964e+09
1.704313521963659048e+09
1.704313544816760063e+09
1.704313567671855927e+09
1.704313590153064966e+09
1.704313612352870941e+09
1.704313634364293098e+09
1.704313656836688995e+09
1.704313679664836884e+09
1.704313702152504921e+09
1.704313724743055105e+09
1.704313747445626020e+09
1.704313769602727890e+09
1.704313792083611965e+09
1.704313814523392916e+09
1.704313837355869055e+09
1.704313860181477070e+09
1.704313882641144037e+09
1.704313905514539003e+09
1.704313927983709097e+09
1.704313950444897890e+09
1.704313973302860975e+09
1.704313985624658108e+09
1.704313990582617998e+09
1.704313991995616913e+09
1.704313993456860065e+09
1.704313994803082943e+09
1.704313996140954018e+09
1.704313997474759102e+09
1.704313998830997944e+09
1.704314000299623013e+09
1.704314001766468048e+09
1.704314003231683016e+09
1.704314004511085987e+09
1.704314030439786911e+09
1.704314122956988096e+09
1.704314124390630007e+09
1.704314125848402977e+09
1.704314127298621893e+09
1.704314128566627979e+09
1.704314138176980972e+09
1.704314139507534027e+09
1.704314140876434088e+09
1.704314142334690094e+09
1.704314143797173023e+09
1.704314144008332968e+09
1.704314208771477938e+09
1.704314210111032963e+09
1.704314210954260111e+09
1.704314225122914076e+09
1.704314226455676079e+09
1.704314227811794043e+09
1.704314229096626043e+09
