1.711488810912513018e+09
1.711488813094266891e+09
1.711488815297683954e+09
1.711488817480231047e+09
1.711488819706238031e+09
1.711488821911261082e+09
1.711488824164997101e+09
1.711488826415488005e+09
1.711488828643433094e+09
1.711488830846031904e+09
1.711488833049438953e+09
1.711488835230722904e+09
1.711488837412295103e+09
1.711488839616163969e+09
1.711488841822556019e+09
1.711488844027646065e+09
1.711488846230592966e+09
1.711488848479650021e+09
1.711488850684890985e+09
1.711488852888159037e+09
1.711488855093189001e+09
1.711488857346869946e+09
1.711488859599056959e+09
1.711488861824619055e+09
1.711488864047916889e+09
1.711488866280812025e+09
1.711488868588088989e+09
1.711488870848445892e+09
1.711488873051497936e+09
1.711488875301394939e+09
1.711488877550216913e+09
1.711488879802227020e+09
1.711488882006433964e+09
1.711488884256875992e+09
1.711488886459835052e+09
1.711488888665796041e+09
1.711488890867878914e+09
1.711488893050188065e+09
1.711488895231192112e+09
1.711488897433676004e+09
1.711488899683871031e+09
1.711488901956396103e+09
1.711488904212362051e+09
1.711488906435684919e+09
1.711488908660248041e+09
1.711488910914643049e+09
1.711488913139179945e+09
1.711488915318443060e+09
1.711488917544609070e+09
1.711488919794029951e+09
1.711488921978096962e+09
1.711488924226788998e+09
1.711488926428224087e+09
1.711488928609144926e+09
1.711488930788053036e+09
1.711488932967504025e+09
1.711488935217695951e+09
1.711488937466352940e+09
1.711488939645898104e+09
1.711488941826401949e+09
1.711488944078267097e+09
1.711488946308228016e+09
1.711488948505156994e+09
1.711488950708878994e+09
1.711488952887686014e+09
1.711488955068111897e+09
1.711488957247373104e+09
1.711488959404449940e+09
1.711488961609399080e+09
1.711488963813640118e+09
1.711488966037729979e+09
1.711488968288460016e+09
1.711488970489043951e+09
1.711488972691431999e+09
1.711488974917841911e+09
1.711488977123691082e+09
1.711488979279223919e+09
1.711488981481759071e+09
1.711488983707520008e+09
1.711488985864733934e+09
1.711488988068953991e+09
1.711488990270375013e+09
1.711488992451443911e+09
1.711488994607680082e+09
1.711488996786916018e+09
1.711488998990931988e+09
1.711489001170948029e+09
1.711489003399995089e+09
1.711489005650027037e+09
1.711489007875092983e+09
1.711489010101346016e+09
1.711489012328270912e+09
1.711489014579582930e+09
1.711489016805615902e+09
1.711489019055032015e+09
1.711489021279598951e+09
1.711489023461035967e+09
1.711489025709374905e+09
1.711489027867264032e+09
1.711489030047931910e+09
1.711489032226702929e+09
1.711489034454025984e+09
1.711489036610675097e+09
1.711489038767884970e+09
1.711489040947068930e+09
1.711489043105246067e+09
1.711489045329546928e+09
1.711489047489454985e+09
1.711489049737008095e+09
1.711489051891707897e+09
1.711489054072218895e+09
1.711489056251058102e+09
1.711489058385787010e+09
1.711489060611100912e+09
1.711489062863045931e+09
1.711489065087579966e+09
1.711489067336966038e+09
1.711489069539594889e+09
1.711489071767824888e+09
1.711489073972040892e+09
1.711489076151027918e+09
1.711489078400469065e+09
1.711489080672240019e+09
1.711489082922028065e+09
1.711489085146379948e+09
1.711489087326724052e+09
1.711489089506006956e+09
1.711489091686846018e+09
1.711489093842003107e+09
1.711489096049709082e+09
1.711489098320713043e+09
1.711489100524713993e+09
1.711489102773618937e+09
1.711489104974039078e+09
1.711489107203560114e+09
1.711489109450885057e+09
1.711489111635647058e+09
1.711489113858743906e+09
1.711489116109463930e+09
1.711489118334033012e+09
1.711489120561810017e+09
1.711489122807949066e+09
1.711489125012413025e+09
1.711489127241786957e+09
1.711489129489480019e+09
1.711489131758837938e+09
1.711489133962014914e+09
1.711489136143970013e+09
1.711489138326340914e+09
1.711489140525398970e+09
1.711489142753226042e+09
1.711489144931278944e+09
1.711489147111407995e+09
1.711489149363503933e+09
1.711489151587546110e+09
1.711489153765486956e+09
1.711489155921070099e+09
1.711489158126002073e+09
1.711489160305715084e+09
1.711489162485863924e+09
1.711489164663701057e+09
1.711489166912935019e+09
1.711489169140307903e+09
1.711489171297871113e+09
1.711489173476490021e+09
1.711489175633857012e+09
1.711489177791629076e+09
1.711489179971663952e+09
1.711489182176856995e+09
1.711489184355084896e+09
1.711489186533406973e+09
1.711489188691433907e+09
1.711489190847242117e+09
1.711489193004812002e+09
1.711489195207106113e+09
1.711489197386596918e+09
1.711489199567468882e+09
1.711489201746352911e+09
1.711489203953644037e+09
1.711489206175923109e+09
1.711489208356854916e+09
1.711489210558517933e+09
1.711489212737811089e+09
1.711489214918706894e+09
1.711489217144290924e+09
1.711489219346610069e+09
1.711489221504789114e+09
1.711489223684932947e+09
1.711489225911467075e+09
1.711489228090840101e+09
1.711489230271383047e+09
1.711489232429398060e+09
1.711489234586884022e+09
1.711489236766804934e+09
1.711489238946031094e+09
1.711489241196520090e+09
1.711489243400429964e+09
1.711489245652254105e+09
1.711489247852726936e+09
1.711489250033417940e+09
1.711489252234113932e+09
1.711489254463166952e+09
1.711489256688092947e+09
1.711489258871174097e+09
1.711489261048868895e+09
1.711489263229656935e+09
1.711489265410022020e+09
1.711489267590568066e+09
1.711489269769870043e+09
1.711489271994865894e+09
1.711489274175348043e+09
1.711489276378232002e+09
1.711489278628623962e+09
1.711489280831439972e+09
1.711489283013485909e+09
1.711489285192653894e+09
1.711489287351205111e+09
1.711489289530940056e+09
1.711489291710582972e+09
1.711489293912967920e+09
1.711489296115336895e+09
1.711489298341025114e+09
1.711489300519741058e+09
1.711489302679085016e+09
1.711489304858628035e+09
1.711489307014444113e+09
1.711489309220402002e+09
1.711489311398226976e+09
1.711489313575784922e+09
1.711489315756644011e+09
1.711489317916080952e+09
1.711489320093293905e+09
1.711489322273205996e+09
1.711489324496412039e+09
1.711489326654460907e+09
1.711489328812211037e+09
1.711489330990246058e+09
1.711489333192925930e+09
1.711489335395100117e+09
1.711489337621248007e+09
1.711489339846894979e+09
1.711489342003664017e+09
1.711489344182192087e+09
1.711489346337030888e+09
1.711489348496234894e+09
1.711489350650229931e+09
1.711489352831501961e+09
1.711489355012624025e+09
1.711489357241036892e+09
1.711489359438568115e+09
1.711489361665004969e+09
1.711489363845303059e+09
1.711489366023722887e+09
1.711489368251055002e+09
1.711489370476979017e+09
1.711489372657434940e+09
1.711489374857366085e+09
1.711489377134805918e+09
1.711489379333540916e+09
1.711489381534924984e+09
1.711489383739320993e+09
1.711489385920269012e+09
1.711489388121773005e+09
1.711489390350913048e+09
1.711489392599317074e+09
1.711489394775208950e+09
1.711489396980514050e+09
1.711489399160223961e+09
1.711489401315717936e+09
1.711489403473117113e+09
1.711489405654077053e+09
1.711489407854955912e+09
1.711489410013859034e+09
1.711489412263775110e+09
1.711489414487308979e+09
1.711489416669596910e+09
1.711489418894385099e+09
1.711489421120111942e+09
1.711489423302249908e+09
1.711489425526635885e+09
1.711489427756136894e+09
1.711489429978384018e+09
1.711489432182862043e+09
1.711489434361109972e+09
1.711489436519906998e+09
1.711489438725739956e+09
1.711489440926078081e+09
1.711489443129964113e+09
1.711489445331809044e+09
1.711489447511889935e+09
1.711489449741000891e+09
1.711489451919774055e+09
1.711489454146667004e+09
1.711489456327133894e+09
1.711489458505788088e+09
1.711489460686619997e+09
1.711489462843900919e+09
1.711489464998531103e+09
1.711489467182323933e+09
1.711489469390291929e+09
1.711489471656034946e+09
1.711489473862287998e+09
1.711489476062774897e+09
1.711489478267452002e+09
1.711489480445622921e+09
1.711489482627717972e+09
1.711489484855146885e+09
1.711489487102264881e+09
1.711489489261069059e+09
1.711489491441133976e+09
1.711489493645420074e+09
1.711489495898349047e+09
1.711489498100435972e+09
1.711489500255863905e+09
1.711489502483370066e+09
1.711489504687324047e+09
1.711489506916009903e+09
1.711489509094892025e+09
1.711489511295309067e+09
1.711489513476505995e+09
1.711489515705853939e+09
1.711489517883307934e+09
1.711489520085774899e+09
1.711489522288985968e+09
1.711489524445192099e+09
1.711489526629369020e+09
1.711489528830204964e+09
1.711489530987934113e+09
1.711489533212320089e+09
1.711489535393536091e+09
1.711489537574079990e+09
1.711489539777432919e+09
1.711489541957838058e+09
1.711489544160876989e+09
1.711489546339844942e+09
1.711489548521353960e+09
1.711489550677265882e+09
1.711489552834038019e+09
1.711489554990283966e+09
1.711489557217000008e+09
1.711489559420269966e+09
1.711489561623399973e+09
1.711489563778831959e+09
1.711489565958884001e+09
1.711489568142190933e+09
1.711489570318104982e+09
1.711489572545274973e+09
1.711489574724210978e+09
1.711489576881313086e+09
1.711489579085824966e+09
1.711489581241549969e+09
1.711489583421247959e+09
1.711489585646739960e+09
1.711489587825120926e+09
1.711489590029237032e+09
1.711489592208725929e+09
1.711489594388608932e+09
1.711489596546457052e+09
1.711489598747379065e+09
1.711489600926661015e+09
1.711489603156516075e+09
1.711489605332386971e+09
1.711489607514695883e+09
1.711489609718214035e+09
1.711489611965888023e+09
1.711489614123646021e+09
1.711489616303311110e+09
1.711489618507359028e+09
1.711489620712608099e+09
1.711489622958476067e+09
1.711489625139497995e+09
1.711489627340415001e+09
1.711489629520988941e+09
1.711489631723994017e+09
1.711489633881655931e+09
1.711489636060534000e+09
1.711489638217552900e+09
1.711489640375596046e+09
1.711489642602710962e+09
1.711489644758954048e+09
1.711489646938770056e+09
1.711489649189125061e+09
1.711489651372265100e+09
1.711489653570620060e+09
1.711489655726810932e+09
1.711489657909466028e+09
1.711489660089003086e+09
1.711489662292339087e+09
1.711489664517117023e+09
1.711489666674079895e+09
1.711489668830262899e+09
1.711489670989005089e+09
1.711489673190160990e+09
1.711489675347346067e+09
1.711489677526540995e+09
1.711489679683537960e+09
1.711489681864521980e+09
1.711489684115169048e+09
1.711489686291728020e+09
1.711489688449613094e+09
1.711489690626313925e+09
1.711489692832379103e+09
1.711489695032454967e+09
1.711489697216075897e+09
1.711489699371757984e+09
1.711489701531141043e+09
1.711489703734581947e+09
1.711489705916969061e+09
1.711489708095684052e+09
1.711489710254298925e+09
1.711489712434015989e+09
1.711489714618386984e+09
1.711489716796967030e+09
1.711489718999932051e+09
1.711489721204612017e+09
1.711489723384960890e+09
1.711489725589319944e+09
1.711489727768482924e+09
1.711489729972043037e+09
1.711489732129694939e+09
1.711489734311048031e+09
1.711489736490045071e+09
1.711489738693986893e+09
1.711489740873111010e+09
1.711489743055152893e+09
1.711489745282259941e+09
1.711489747467118025e+09
1.711489749644267082e+09
1.711489751798768044e+09
1.711489753957675934e+09
1.711489756139461040e+09
1.711489758343931913e+09
1.711489760568820953e+09
1.711489762750212908e+09
1.711489764930133104e+09
1.711489767134586096e+09
1.711489769315510035e+09
1.711489771494354010e+09
1.711489773652692080e+09
1.711489775834466934e+09
1.711489778063903093e+09
1.711489780241070986e+09
1.711489782444224119e+09
1.711489784669281006e+09
1.711489786896065950e+09
1.711489789077328920e+09
1.711489791256256104e+09
1.711489793437362909e+09
1.711489795642663956e+09
1.711489797845096111e+09
1.711489800003464937e+09
1.711489802252662897e+09
1.711489804456934929e+09
1.711489806614223957e+09
1.711489808815893888e+09
1.711489810996211052e+09
1.711489813221748114e+09
1.711489815424339056e+09
1.711489817653260946e+09
1.711489819875209093e+09
1.711489822076694965e+09
1.711489824303041935e+09
1.711489826482959986e+09
1.711489828660247087e+09
1.711489830887145996e+09
1.711489833112602949e+09
1.711489835315596104e+09
1.711489837496980906e+09
1.711489839745300055e+09
1.711489841995732069e+09
1.711489844173233986e+09
1.711489846356175900e+09
1.711489848533740044e+09
1.711489850715477943e+09
1.711489852917459011e+09
1.711489855119980097e+09
1.711489857371140003e+09
1.711489859528964043e+09
1.711489861704879999e+09
1.711489863882086039e+09
1.711489866063472986e+09
1.711489868241020918e+09
1.711489870445481062e+09
1.711489872649632931e+09
1.711489874896732092e+09
1.711489877073276043e+09
1.711489879232007027e+09
1.711489881433617115e+09
1.711489883659406900e+09
1.711489885859057903e+09
1.711489888039838076e+09
1.711489890242593050e+09
1.711489892467488050e+09
1.711489894623761892e+09
1.711489896826905012e+09
1.711489899053443909e+09
1.711489901277915001e+09
1.711489903480922937e+09
1.711489905635629892e+09
1.711489907813678026e+09
1.711489909995095015e+09
1.711489912220128059e+09
1.711489914374552011e+09
1.711489916556567907e+09
1.711489918756467104e+09
1.711489920959394932e+09
1.711489923164544106e+09
1.711489925366966963e+09
1.711489927567187071e+09
1.711489929746849060e+09
1.711489931951716900e+09
1.711489934153256893e+09
1.711489936334853888e+09
1.711489938490442991e+09
1.711489940668802023e+09
1.711489942826061010e+09
1.711489945050380945e+09
1.711489947206549883e+09
1.711489949411871910e+09
1.711489951588337898e+09
1.711489953767690897e+09
1.711489955946271896e+09
1.711489958126482964e+09
1.711489960304858923e+09
1.711489962461972952e+09
1.711489964641985893e+09
1.711489966799992085e+09
1.711489968978097916e+09
1.711489971180464983e+09
1.711489973336829901e+09
1.711489975514539957e+09
1.711489977672899008e+09
1.711489979851587057e+09
1.711489982054052114e+09
1.711489984277800083e+09
1.711489986459284067e+09
1.711489988640113115e+09
1.711489990864123106e+09
1.711489993017574072e+09
1.711489995202404976e+09
1.711489997400088072e+09
1.711489999603328943e+09
1.711490001807437897e+09
1.711490003962169886e+09
1.711490006214660883e+09
1.711490008392092943e+09
1.711490010620183945e+09
1.711490012821376085e+09
1.711490015001027107e+09
1.711490017180377007e+09
1.711490019358566046e+09
1.711490021515084982e+09
1.711490023693823099e+09
1.711490025872500896e+09
1.711490028050528049e+09
1.711490030207401037e+09
1.711490032362893105e+09
1.711490034566035986e+09
1.711490036793237925e+09
1.711490038974608898e+09
1.711490041172715902e+09
1.711490043374737024e+09
1.711490045577658892e+09
1.711490047804477930e+09
1.711490049985914946e+09
1.711490052143125057e+09
1.711490054322442055e+09
1.711490056501874924e+09
1.711490058721002102e+09
1.711490060933244944e+09
1.711490063089181900e+09
1.711490065294294119e+09
1.711490067518728971e+09
1.711490069697452068e+09
1.711490071903353930e+09
1.711490074128653049e+09
1.711490076286185980e+09
1.711490078469249010e+09
1.711490080646733046e+09
1.711490082870663881e+09
1.711490085098953009e+09
1.711490087300072908e+09
1.711490089526140928e+09
1.711490091682872057e+09
1.711490093863317966e+09
1.711490096045213938e+09
1.711490098224217892e+09
1.711490100427639961e+09
1.711490102585655928e+09
1.711490104741192102e+09
1.711490106899178028e+09
1.711490109056484938e+09
1.711490111306854963e+09
1.711490113509680033e+09
1.711490115714581013e+09
1.711490117891465902e+09
1.711490120143271923e+09
1.711490122320503950e+09
1.711490124502239943e+09
1.711490126683525085e+09
1.711490128838978052e+09
1.711490131018517017e+09
1.711490133292031050e+09
1.711490135471030951e+09
1.711490137652657032e+09
1.711490139858196020e+09
1.711490142081980944e+09
1.711490144286153078e+09
1.711490146466350079e+09
1.711490148643930912e+09
1.711490150799488068e+09
1.711490152979391098e+09
1.711490155137566090e+09
1.711490157385664940e+09
1.711490159563812017e+09
1.711490161767127991e+09
1.711490163949973106e+09
1.711490166196301937e+09
1.711490168399349928e+09
1.711490170578639984e+09
1.711490172781172037e+09
1.711490174937298059e+09
1.711490177091846943e+09
1.711490179248501062e+09
1.711490181406879902e+09
1.711490183611737013e+09
1.711490185836927891e+09
1.711490188061467886e+09
1.711490190265319109e+09
1.711490192445014954e+09
1.711490194672189951e+09
1.711490196901361942e+09
1.711490199123554945e+09
1.711490201279007912e+09
1.711490203480348110e+09
1.711490205662656069e+09
1.711490207840948105e+09
1.711490210067915916e+09
1.711490212269717932e+09
1.711490214494592905e+09
1.711490216673441887e+09
1.711490218908062935e+09
1.711490221104705095e+09
1.711490223281339884e+09
1.711490225509313107e+09
1.711490227759351015e+09
1.711490229962390900e+09
1.711490232163187981e+09
1.711490234367258072e+09
1.711490236567240000e+09
1.711490238769035101e+09
1.711490240973051071e+09
1.711490243153309107e+09
1.711490245331718922e+09
1.711490247556847095e+09
1.711490249760461092e+09
1.711490251963051081e+09
1.711490254142873049e+09
1.711490256345638990e+09
1.711490258546152115e+09
1.711490260749872923e+09
1.711490262998204947e+09
1.711490265249840975e+09
1.711490267451167107e+09
1.711490269653467894e+09
1.711490271904808998e+09
1.711490274058798075e+09
1.711490276284337997e+09
1.711490278462956905e+09
1.711490280643785954e+09
1.711490282844530106e+09
1.711490285001193047e+09
1.711490287204488993e+09
1.711490289384572029e+09
1.711490291615158081e+09
1.711490293815076113e+09
1.711490295994183064e+09
1.711490298150635958e+09
1.711490300306092978e+09
1.711490302508691072e+09
1.711490304688970089e+09
1.711490306869143963e+09
1.711490309025856018e+09
1.711490311203855038e+09
1.711490313384991884e+09
1.711490315540385008e+09
1.711490317741986036e+09
1.711490319897895098e+09
1.711490322076850891e+09
1.711490324278717041e+09
1.711490326439681053e+09
1.711490328592160940e+09
1.711490330769342899e+09
1.711490332951342106e+09
1.711490335222733021e+09
1.711490337401984930e+09
1.711490339558796883e+09
1.711490341713526964e+09
1.711490343895804882e+09
1.711490346096817017e+09
1.711490348276952028e+09
1.711490350479093075e+09
1.711490352681099892e+09
1.711490354861417055e+09
1.711490357041054010e+09
1.711490359242274046e+09
1.711490361425455093e+09
1.711490363625390053e+09
1.711490365827593088e+09
1.711490368030778885e+09
1.711490370258322954e+09
1.711490372483861923e+09
1.711490374686121941e+09
1.711490376864952087e+09
1.711490379045269966e+09
1.711490381225135088e+09
1.711490383381268024e+09
1.711490385558917999e+09
1.711490387739813089e+09
1.711490389917656898e+09
1.711490392098628044e+09
1.711490394301249027e+09
1.711490396482244015e+09
1.711490398683176041e+09
1.711490400907540083e+09
1.711490403065460920e+09
1.711490405221765995e+09
1.711490407400615931e+09
1.711490409581645966e+09
1.711490411829559088e+09
1.711490413984848976e+09
1.711490416141037941e+09
1.711490418319956064e+09
1.711490420476413965e+09
1.711490422703907013e+09
1.711490424882256985e+09
1.711490427107741117e+09
1.711490429310278893e+09
1.711490431515527010e+09
1.711490433740489006e+09
1.711490435897012949e+09
1.711490438098278046e+09
1.711490440277998924e+09
1.711490442505883932e+09
1.711490444708703995e+09
1.711490446937199116e+09
1.711490449136603117e+09
1.711490451363998890e+09
1.711490453589158058e+09
1.711490455794161081e+09
1.711490457998215914e+09
1.711490460223470926e+09
1.711490462402621984e+09
1.711490464582482100e+09
1.711490466762146950e+09
1.711490468942643881e+09
1.711490471120532036e+09
1.711490473325131893e+09
1.711490475552375078e+09
1.711490477729188919e+09
1.711490479956849098e+09
1.711490482158536911e+09
1.711490484339334011e+09
1.711490486517488003e+09
1.711490488674149990e+09
1.711490490852685928e+09
1.711490493008955002e+09
1.711490495187375069e+09
1.711490497343102932e+09
1.711490499500279903e+09
1.711490501726664066e+09
1.711490503932216883e+09
1.711490506180052996e+09
1.711490508358557940e+09
1.711490510585289955e+09
1.711490512812113047e+09
1.711490514993155003e+09
1.711490517149755001e+09
1.711490519332155943e+09
1.711490521554555893e+09
1.711490523783816099e+09
1.711490526006704092e+09
1.711490528257261992e+09
1.711490530484915018e+09
1.711490532685326099e+09
1.711490534913871050e+09
1.711490537093492985e+09
1.711490539272902012e+09
1.711490541435344934e+09
1.711490543701865911e+09
1.711490545903386116e+09
1.711490548107826948e+09
1.711490550288053989e+09
1.711490552490978003e+09
1.711490554716922045e+09
1.711490556920193911e+09
1.711490559170049906e+09
1.711490561392617941e+09
1.711490563621217966e+09
1.711490565868375063e+09
1.711490568118119001e+09
1.711490570294519901e+09
1.711490572500787020e+09
1.711490574677386045e+09
1.711490576902313948e+09
1.711490579080183029e+09
1.711490581237572908e+09
1.711490583438234091e+09
1.711490585666178942e+09
1.711490587891799927e+09
1.711490590113363981e+09
1.711490592271318913e+09
1.711490594449951887e+09
1.711490596652908087e+09
1.711490598835347891e+09
1.711490601010601044e+09
1.711490603190931082e+09
1.711490605371541023e+09
1.711490607595438957e+09
1.711490609822124958e+09
1.711490612024395943e+09
1.711490613453305960e+09
