1.709743322820538998e+09
1.709743324304460049e+09
1.709743325788671017e+09
1.709743327320417881e+09
1.709743327930464983e+09
1.709743395525264978e+09
1.709743397057451963e+09
1.709743398657258034e+09
1.709743400257292986e+09
1.709743401857214928e+09
1.709743403433269024e+09
1.709743404917367935e+09
1.709743406401638031e+09
1.709743407703412056e+09
1.709743416304914951e+09
1.709743417789091110e+09
1.709743419367372036e+09
1.709743420969630957e+09
1.709743422544754982e+09
1.709743423892222881e+09
1.709743430150259972e+09
1.709743431634378910e+09
1.709743433166737080e+09
1.709743434566278934e+09
1.709743454060957909e+09
1.709743455545737028e+09
1.709743456521953106e+09
1.709743465262669086e+09
1.709743466746623993e+09
1.709743468324769020e+09
1.709743469257421017e+09
1.709743475999881983e+09
1.709743477507540941e+09
1.709743479015253067e+09
1.709743480417402029e+09
1.709743488545236111e+09
1.709743490029670000e+09
1.709743491536964893e+09
1.709743493068671942e+09
1.709743494071043015e+09
1.709743498612200975e+09
1.709743500142429113e+09
1.709743501742386103e+09
1.709743503365761042e+09
1.709743504965830088e+09
1.709743506566313982e+09
1.709743508119262934e+09
1.709743508307214022e+09
1.709743534090856075e+09
1.709743535600466967e+09
1.709743537200042963e+09
1.709743538603390932e+09
1.709743545061261892e+09
1.709743546545602083e+09
1.709743548052982092e+09
1.709743549537220955e+09
1.709743550502850056e+09
1.709743559555718899e+09
1.709743561062735081e+09
1.709743562594274998e+09
1.709743563597341061e+09
1.709743571521667957e+09
1.709743573005692959e+09
1.709743574537547112e+09
1.709743576161065102e+09
1.709743577736591101e+09
1.709743579220820904e+09
1.709743580705049992e+09
1.709743581635266066e+09
1.709743669543194056e+09
1.709743671098181009e+09
1.709743672497777939e+09
1.709743680166075945e+09
1.709743681650300980e+09
1.709743683182060003e+09
1.709743684783128977e+09
1.709743685816555977e+09
1.709743693384558916e+09
1.709743694868063927e+09
1.709743696351593018e+09
1.709743697905601025e+09
1.709743698910279989e+09
1.709743706389448881e+09
1.709743707872823954e+09
1.709743709453382969e+09
1.709743711095609903e+09
1.709743712601079941e+09
1.709743714084575891e+09
1.709743715568286896e+09
1.709743716968554020e+09
1.709743752013684034e+09
1.709743753496887922e+09
1.709743755096313953e+09
1.709743755723711967e+09
1.709743761749841928e+09
1.709743763301726103e+09
1.709743764808634043e+09
1.709743766292201042e+09
1.709743767823105097e+09
1.709743769445872068e+09
1.709743770449664116e+09
1.709743777697241068e+09
1.709743779204200029e+09
1.709743780734352112e+09
1.709743782428379059e+09
1.709743783867536068e+09
1.709743788617202997e+09
1.709743790216598034e+09
1.709743791839533091e+09
1.709743793441416025e+09
1.709743794443527937e+09
1.709743805819068909e+09
1.709743807397183895e+09
1.709743808996874094e+09
1.709743810596246004e+09
1.709743811216785908e+09
1.709743838481790066e+09
1.709743839965612888e+09
1.709743841449502945e+09
1.709743843026949883e+09
1.709743844626929998e+09
1.709743846031784058e+09
1.709743853297347069e+09
1.709743854804402113e+09
1.709743856288522959e+09
1.709743857820127964e+09
1.709743859372237921e+09
1.709743860302298069e+09
1.709743866910398960e+09
1.709743868394411087e+09
1.709743869924550056e+09
1.709743871522933960e+09
1.709743873122597933e+09
1.709743874722045898e+09
1.709743876321948051e+09
1.709743877876530886e+09
1.709743879359944105e+09
1.709743880843518019e+09
1.709743881771640062e+09
1.709743891411222935e+09
1.709743892894892931e+09
1.709743894450006962e+09
1.709743895078445911e+09
1.709743904857224941e+09
1.709743906365828037e+09
1.709743907965681076e+09
1.709743909586716890e+09
1.709743911186302900e+09
1.709743912809046984e+09
1.709743914206271887e+09
1.709743920227751970e+09
1.709743921825579882e+09
1.709743923425748110e+09
1.709743925025721073e+09
1.709743926625010014e+09
1.709743926841681004e+09
1.709743957484801054e+09
1.709743958990586996e+09
1.709743960590244055e+09
1.709743962212622881e+09
1.709743963612685919e+09
1.709743973316891909e+09
1.709743974825206041e+09
1.709743976425147057e+09
1.709743977430563927e+09
1.709743983006814003e+09
1.709743984561955929e+09
1.709743986160832882e+09
1.709743987761508942e+09
1.709743989360805035e+09
1.709743990759489059e+09
1.709746423312208891e+09
1.709746428576899052e+09
1.709746430201219082e+09
1.709746431825176954e+09
1.709746433425895929e+09
1.709746434979211092e+09
1.709746435540709019e+09
