1.704314287981481075e+09
1.704314310750931025e+09
1.704314333658818007e+09
1.704314356149358034e+09
1.704314379043858051e+09
1.704314401865756035e+09
1.704314424326309919e+09
1.704314447203418970e+09
1.704314470088284969e+09
1.704314492600069046e+09
1.704314515502094030e+09
1.704314538384247065e+09
1.704314561299709082e+09
1.704314584204926014e+09
1.704314607134407043e+09
1.704314629243510962e+09
1.704314651369682074e+09
1.704314673902132988e+09
1.704314696423384905e+09
1.704314719316760063e+09
1.704314742217495918e+09
1.704314765099179029e+09
1.704314788026207924e+09
1.704314810628079891e+09
1.704314832989300013e+09
1.704314855916637897e+09
1.704314867035319090e+09
