1.700511577050694942e+09
1.700511578454488039e+09
1.700511579900659084e+09
1.700511581308718920e+09
1.700511582761583090e+09
1.700511584214622021e+09
1.700511584430751085e+09
1.700512121839016914e+09
1.700512123549391031e+09
1.700512125305435896e+09
1.700512126785643101e+09
1.700512187723625898e+09
1.700512189411935091e+09
1.700512191083475113e+09
1.700512192752549887e+09
1.700512194442620039e+09
1.700512196114527941e+09
1.700512197788888931e+09
1.700512198816920042e+09
1.700512605221287012e+09
1.700512606647366047e+09
1.700512608090678930e+09
1.700512609514399052e+09
1.700512610913129091e+09
1.700512612318496943e+09
1.700512613587341070e+09
1.700512687644463062e+09
1.700512688950546980e+09
1.700512690324974060e+09
1.700512691629895926e+09
1.700512692946263075e+09
1.700512694257178068e+09
1.700512695689109087e+09
1.700512696931385994e+09
1.700512721990243912e+09
1.700512723301013947e+09
1.700512724613209009e+09
1.700512725994215965e+09
1.700512727425247908e+09
1.700512727980396032e+09
1.700512734493160963e+09
1.700512735891587973e+09
1.700512737291227102e+09
1.700512738724869013e+09
1.700512740146883011e+09
1.700512740716792107e+09
1.700512752661705971e+09
1.700512753982901096e+09
1.700512755299726009e+09
1.700512756672019005e+09
1.700512758053231955e+09
1.700512759366710901e+09
1.700512760685929060e+09
1.700512762000567913e+09
1.700512763380079031e+09
1.700512764796940088e+09
1.700512766148377895e+09
1.700512767462438107e+09
1.700512768880958080e+09
1.700512770195189953e+09
1.700512771530220032e+09
1.700512772864948034e+09
1.700512773371771097e+09
1.700512818262440920e+09
1.700512819686295986e+09
1.700512821048693895e+09
1.700512822360996008e+09
1.700512823669693947e+09
1.700512824494827032e+09
1.700512837484319925e+09
1.700512838790532112e+09
1.700512840141594887e+09
1.700512841573009968e+09
1.700512842931762934e+09
1.700512844079854965e+09
1.700512977995122910e+09
1.700512979310107946e+09
1.700512980617094040e+09
1.700512982026098013e+09
1.700512983427270889e+09
1.700512984859365940e+09
1.700512986252608061e+09
1.700512987649589062e+09
1.700512989092351913e+09
1.700512989272171974e+09
1.700512997304616928e+09
1.700512998612433910e+09
1.700512999929090977e+09
1.700513001293402910e+09
1.700513002689454079e+09
1.700513004088759899e+09
1.700513005486936092e+09
1.700513006919712067e+09
1.700513007492625952e+09
