1.699889910193638086e+09
1.699889911515410900e+09
1.699889912837938070e+09
1.699889914257129908e+09
1.699889915678313971e+09
1.699889917093240976e+09
1.699889918514090061e+09
1.699889919930352926e+09
1.699889921345575094e+09
1.699889922757930040e+09
1.699889924181443930e+09
1.699889925600184917e+09
1.699889927019851923e+09
1.699889928431838036e+09
1.699889929848191977e+09
1.699889931262445927e+09
1.699889932675759077e+09
1.699889934084579945e+09
1.699889935502516985e+09
1.699889936919851065e+09
1.699889938328352928e+09
1.699889939745534897e+09
1.699889941179688931e+09
1.699889942585172892e+09
1.699889944008563042e+09
1.699889945361923933e+09
1.699889946688102961e+09
1.699889948011121035e+09
1.699889949337157965e+09
1.699889950746973991e+09
1.699889952168652058e+09
1.699889953580459118e+09
1.699889955004604101e+09
1.699889956423485041e+09
1.699889957842318058e+09
1.699889959267648935e+09
1.699889960683573008e+09
1.699889962065398932e+09
1.699889963383524895e+09
1.699889964700442076e+09
1.699889966019180059e+09
1.699889967415374041e+09
1.699889968831125975e+09
1.699889970248517036e+09
1.699889971666461945e+09
1.699889973079210043e+09
1.699889974464095116e+09
1.699889975785531998e+09
1.699889977106329918e+09
1.699889978428330898e+09
1.699889979809062958e+09
1.699889981227235079e+09
1.699889982647535086e+09
1.699889984067375898e+09
1.699889985486170053e+09
1.699889986906001091e+09
1.699889988316922903e+09
1.699889989727658987e+09
1.699889991140868902e+09
1.699889992552809954e+09
1.699889993962776899e+09
1.699889995371711969e+09
1.699889996785018921e+09
1.699889998202512026e+09
1.699889999614808083e+09
1.699890001029006004e+09
1.699890002447355986e+09
1.699890003863542080e+09
1.699890005277312994e+09
1.699890006700720072e+09
1.699890008113374949e+09
1.699890009533682108e+09
1.699890010952624083e+09
1.699890012374763012e+09
1.699890013794780016e+09
1.699890015225905895e+09
1.699890016665874958e+09
1.699890018083862066e+09
1.699890019501179934e+09
1.699890020918102980e+09
1.699890022346040010e+09
1.699890023775646925e+09
1.699890025194228888e+09
1.699890026605024099e+09
1.699890028021480083e+09
1.699890029445632935e+09
1.699890030888653040e+09
1.699890032308682919e+09
1.699890033730240107e+09
1.699890035142849922e+09
1.699890036562299013e+09
1.699890037978590965e+09
1.699890039392771006e+09
1.699890040806849957e+09
1.699890042219944954e+09
1.699890043632488012e+09
1.699890045047550917e+09
1.699890046472846031e+09
1.699890047909490108e+09
1.699890049330142975e+09
1.699890050744647026e+09
1.699890052159662008e+09
1.699890053570621967e+09
1.699890054990782976e+09
1.699890056409754992e+09
1.699890057840696096e+09
1.699890059251528025e+09
1.699890060663260937e+09
1.699890062074563026e+09
1.699890063402004957e+09
1.699890064718930960e+09
1.699890066041078091e+09
1.699890067378026009e+09
1.699890068800632954e+09
1.699890070217032909e+09
1.699890071635425091e+09
1.699890073051481962e+09
1.699890074469842911e+09
1.699890075887700081e+09
1.699890077298163891e+09
1.699890078717556953e+09
1.699890080132340908e+09
1.699890081549305916e+09
1.699890082976722002e+09
1.699890084389393091e+09
1.699890085808901072e+09
1.699890087222471952e+09
1.699890088634181976e+09
1.699890090050805092e+09
1.699890091470999956e+09
1.699890092882603884e+09
1.699890094293185949e+09
1.699890095721529007e+09
1.699890097154673100e+09
1.699890098571626902e+09
1.699890099986275911e+09
1.699890101400733948e+09
1.699890102821981907e+09
1.699890104238322020e+09
1.699890105662309885e+09
1.699890107087902069e+09
1.699890108525291920e+09
1.699890109942249060e+09
1.699890111357764006e+09
1.699890112777329922e+09
1.699890114195439100e+09
1.699890115617289066e+09
1.699890116969706059e+09
1.699890118287528992e+09
1.699890119606180906e+09
1.699890120923486948e+09
1.699890122332096100e+09
1.699890123749918938e+09
1.699890125180574894e+09
1.699890126606086016e+09
1.699890128031153917e+09
1.699890129456592083e+09
1.699890130899446964e+09
1.699890132324707985e+09
1.699890133745564938e+09
1.699890135168337107e+09
1.699890136584283113e+09
1.699890138001414061e+09
1.699890139415549994e+09
1.699890140831716061e+09
1.699890142245650053e+09
1.699890143668107986e+09
1.699890145093869925e+09
1.699890146504484892e+09
1.699890147921051979e+09
1.699890149338313103e+09
1.699890150752216101e+09
1.699890152165086985e+09
1.699890153577285051e+09
1.699890154995079994e+09
1.699890156413091898e+09
1.699890157827339888e+09
1.699890159239906073e+09
1.699890160658561945e+09
1.699890162084283113e+09
1.699890163505819082e+09
1.699890164921747923e+09
1.699890166337755919e+09
1.699890167753778934e+09
1.699890169174968004e+09
1.699890170595845938e+09
1.699890172014657021e+09
1.699890173433281898e+09
1.699890174850894928e+09
1.699890176265862942e+09
1.699890177685686111e+09
1.699890179130201101e+09
1.699890180541047096e+09
1.699890181960653067e+09
1.699890183376455069e+09
1.699890184790226936e+09
1.699890186207391977e+09
1.699890187629453897e+09
1.699890189044563055e+09
1.699890190463377953e+09
1.699890191882121086e+09
1.699890193305572033e+09
1.699890194722359896e+09
1.699890196137758970e+09
1.699890197549573898e+09
1.699890198964157104e+09
1.699890200380673885e+09
1.699890201792987108e+09
1.699890203207366943e+09
1.699890204627578020e+09
1.699890206041294098e+09
1.699890207456078053e+09
1.699890208884984016e+09
1.699890210320563078e+09
1.699890211737095118e+09
1.699890213151807070e+09
1.699890214572256088e+09
1.699890215988101959e+09
1.699890217399123907e+09
1.699890218810609102e+09
1.699890220230321884e+09
1.699890221556265116e+09
1.699890222874711037e+09
1.699890224192668915e+09
1.699890225527730942e+09
1.699890226945768118e+09
1.699890228386288881e+09
1.699890229799967051e+09
1.699890231211186886e+09
1.699890232631784916e+09
1.699890234043128014e+09
1.699890235467891932e+09
1.699890236907457113e+09
1.699890238319289923e+09
1.699890239738914967e+09
1.699890241149439096e+09
1.699890242563422918e+09
1.699890243985821009e+09
1.699890245399704933e+09
1.699890246820096970e+09
1.699890248241674900e+09
1.699890249657239914e+09
1.699890251085047007e+09
1.699890252527751923e+09
1.699890253950659037e+09
1.699890255365575075e+09
1.699890256781908035e+09
1.699890258202281952e+09
1.699890259620234013e+09
1.699890261034050941e+09
1.699890262451819897e+09
1.699890263871917963e+09
1.699890265284352064e+09
1.699890266693228006e+09
1.699890268117095947e+09
1.699890269537695885e+09
1.699890270963619947e+09
1.699890272392631054e+09
1.699890273809329033e+09
1.699890275226171970e+09
1.699890276636578083e+09
1.699890278055380106e+09
1.699890279471307993e+09
1.699890280892273903e+09
1.699890282308772087e+09
1.699890283721286058e+09
1.699890285133512020e+09
1.699890286549985886e+09
1.699890287965728045e+09
1.699890289391194105e+09
1.699890290821044922e+09
1.699890292242130041e+09
1.699890293654299974e+09
1.699890295069849014e+09
1.699890296479149103e+09
1.699890297897411108e+09
1.699890299316427946e+09
1.699890300734972954e+09
1.699890302151220083e+09
1.699890303566797018e+09
1.699890304983184099e+09
1.699890306404068947e+09
1.699890307824800968e+09
1.699890309250828028e+09
1.699890310669961929e+09
1.699890312087551117e+09
1.699890313499905109e+09
1.699890314888087034e+09
1.699890316205051899e+09
1.699890317524048090e+09
1.699890318840260983e+09
1.699890320206775904e+09
1.699890321649425983e+09
1.699890323066615105e+09
1.699890324481353998e+09
1.699890325902873993e+09
1.699890327325562000e+09
1.699890328781183958e+09
1.699890330215939045e+09
1.699890331632906914e+09
1.699890333050486088e+09
1.699890334462187052e+09
1.699890335874627113e+09
1.699890337291656017e+09
1.699890338706118107e+09
1.699890340126652956e+09
1.699890341545938969e+09
1.699890342955821037e+09
1.699890344370537996e+09
1.699890345786751032e+09
1.699890347198725939e+09
1.699890348619596004e+09
1.699890350035501003e+09
1.699890351463717937e+09
1.699890352884695053e+09
1.699890354315572023e+09
1.699890355744308949e+09
1.699890357158054113e+09
1.699890358580207109e+09
1.699890359992522955e+09
1.699890361407368898e+09
1.699890362826394081e+09
1.699890364241848946e+09
1.699890365659573078e+09
1.699890367077789068e+09
1.699890368502512932e+09
1.699890369923783064e+09
1.699890371338918924e+09
1.699890372758042097e+09
1.699890374175693989e+09
1.699890375601401091e+09
1.699890377029907942e+09
1.699890378444278955e+09
1.699890379860886097e+09
1.699890381280421972e+09
1.699890382696768999e+09
1.699890384108700037e+09
1.699890385530576944e+09
1.699890386945349932e+09
1.699890388361259937e+09
1.699890389779917002e+09
1.699890391201515913e+09
1.699890392633001089e+09
1.699890394052390099e+09
1.699890395474144936e+09
1.699890396887608051e+09
1.699890398306271076e+09
1.699890399729020119e+09
1.699890401145421028e+09
1.699890402572444916e+09
1.699890403982727051e+09
1.699890405392462015e+09
1.699890406807259083e+09
1.699890408234371901e+09
1.699890409655977011e+09
1.699890411073424101e+09
1.699890412500314951e+09
1.699890413909333944e+09
1.699890415334702969e+09
1.699890416769104004e+09
1.699890418183728933e+09
1.699890419597268105e+09
1.699890421021239042e+09
1.699890422439049959e+09
1.699890423865792036e+09
1.699890425285032034e+09
1.699890426703936100e+09
1.699890428129309893e+09
1.699890429552613020e+09
1.699890430966819048e+09
1.699890432387101889e+09
1.699890433803788900e+09
1.699890435227447987e+09
1.699890436667243958e+09
1.699890438087368965e+09
1.699890439506747961e+09
1.699890440921653986e+09
1.699890442340177059e+09
1.699890443768102884e+09
1.699890445191090107e+09
1.699890446605542898e+09
1.699890448027198076e+09
1.699890449440742016e+09
1.699890450855113029e+09
1.699890452283633947e+09
1.699890453712886095e+09
1.699890455136992931e+09
1.699890456559216976e+09
1.699890457971829891e+09
1.699890459386497974e+09
1.699890460803519011e+09
1.699890462222405910e+09
1.699890463641841888e+09
1.699890465067904949e+09
1.699890466506458044e+09
1.699890467921159983e+09
1.699890469344388962e+09
1.699890470760829926e+09
1.699890472182602882e+09
1.699890473599884033e+09
1.699890475013834953e+09
1.699890476432792902e+09
1.699890477852955103e+09
1.699890479267455101e+09
1.699890480687779903e+09
1.699890482106476068e+09
1.699890483524933100e+09
1.699890484942673922e+09
1.699890486365523100e+09
1.699890487783252001e+09
1.699890489192528009e+09
1.699890490621032000e+09
1.699890492056341887e+09
1.699890493479338884e+09
1.699890494893613100e+09
1.699890496310736895e+09
1.699890497740806103e+09
1.699890499184989929e+09
1.699890500603080988e+09
1.699890502021291971e+09
1.699890503446151018e+09
1.699890504889621973e+09
1.699890506308815002e+09
1.699890507724210978e+09
1.699890509139540911e+09
1.699890510560328007e+09
1.699890511979127884e+09
1.699890513392674923e+09
1.699890514813596010e+09
1.699890516244816065e+09
1.699890517674624920e+09
1.699890519089329958e+09
1.699890520504803896e+09
1.699890521919616938e+09
1.699890523335578918e+09
1.699890524745007992e+09
1.699890526160907030e+09
1.699890527574426889e+09
1.699890528999454021e+09
1.699890530417969942e+09
1.699890531847070932e+09
1.699890533285465956e+09
1.699890534700757980e+09
1.699890536111237049e+09
1.699890537524955034e+09
1.699890538941895962e+09
1.699890540367085934e+09
1.699890541809359074e+09
1.699890543244841099e+09
1.699890544655251026e+09
1.699890546066099882e+09
1.699890547479831934e+09
1.699890548898812056e+09
1.699890550318083048e+09
1.699890551734736919e+09
1.699890553157350063e+09
1.699890554572592020e+09
1.699890555992871046e+09
1.699890557412108898e+09
1.699890558824647903e+09
1.699890560238185883e+09
1.699890561652432919e+09
1.699890563071408987e+09
1.699890564490919113e+09
1.699890565909446001e+09
1.699890567319488049e+09
1.699890568737839937e+09
1.699890570156558037e+09
1.699890571580401897e+09
1.699890572997051954e+09
1.699890574417171001e+09
1.699890575831784964e+09
1.699890577246623039e+09
1.699890578665364027e+09
1.699890580088601112e+09
1.699890581519299984e+09
1.699890582938555956e+09
1.699890584355791092e+09
1.699890585768703938e+09
1.699890587181855917e+09
1.699890588598392963e+09
1.699890590014250040e+09
1.699890591431155920e+09
1.699890592849782944e+09
1.699890594265852928e+09
1.699890595679474115e+09
1.699890597022002935e+09
1.699890598342860937e+09
1.699890599662117004e+09
1.699890600983068943e+09
1.699890602400918007e+09
1.699890603819211006e+09
1.699890605242577076e+09
1.699890606658404112e+09
1.699890608087102890e+09
1.699890609520937920e+09
1.699890610935648918e+09
1.699890612361247063e+09
1.699890613795830011e+09
1.699890615212992907e+09
1.699890616628200054e+09
1.699890618047928095e+09
1.699890619473556995e+09
1.699890620919348001e+09
1.699890622336652994e+09
1.699890623750869036e+09
1.699890625177685976e+09
1.699890626614522934e+09
1.699890628036410093e+09
1.699890629451802969e+09
1.699890630871191025e+09
1.699890632297072887e+09
1.699890633722773075e+09
1.699890635143940926e+09
1.699890636570982933e+09
1.699890637987755060e+09
1.699890639407493114e+09
1.699890640826824903e+09
1.699890642244359016e+09
1.699890643671971083e+09
1.699890645113856077e+09
1.699890646541774035e+09
1.699890647963906050e+09
1.699890649380764008e+09
1.699890650799977064e+09
1.699890652214606047e+09
1.699890653637588978e+09
1.699890655062028885e+09
1.699890656497654915e+09
1.699890657914597034e+09
1.699890659332195044e+09
1.699890660754477978e+09
1.699890662171339989e+09
1.699890663587608099e+09
1.699890665006700993e+09
1.699890666426884890e+09
1.699890667845459938e+09
1.699890669260767937e+09
1.699890670676696062e+09
1.699890672092756987e+09
1.699890673523144007e+09
1.699890674959631920e+09
1.699890676379518032e+09
1.699890677796986103e+09
1.699890679208997011e+09
1.699890680626741886e+09
1.699890682043370008e+09
1.699890683459695101e+09
1.699890684878209114e+09
1.699890686293143988e+09
1.699890687712629080e+09
1.699890689131920099e+09
1.699890690553092003e+09
1.699890691962657928e+09
1.699890693384146929e+09
1.699890694805943012e+09
1.699890696220474958e+09
1.699890697637568951e+09
1.699890699056231022e+09
1.699890700469613075e+09
1.699890701891190052e+09
1.699890703317575932e+09
1.699890704744456053e+09
1.699890706181937933e+09
1.699890707596376896e+09
1.699890709013108969e+09
1.699890710426481962e+09
1.699890711842197895e+09
1.699890713241142035e+09
1.699890714559051037e+09
1.699890715876971960e+09
1.699890717193708897e+09
1.699890718553342104e+09
1.699890719976152897e+09
1.699890721408884048e+09
1.699890722827330112e+09
1.699890724243720055e+09
1.699890725660890102e+09
1.699890727073220015e+09
1.699890728485191107e+09
1.699890729901905060e+09
1.699890731331434965e+09
1.699890732760261059e+09
1.699890734178375959e+09
1.699890735595523119e+09
1.699890737011513948e+09
1.699890738426866055e+09
1.699890739850636005e+09
1.699890741264751911e+09
1.699890742687319994e+09
1.699890744104084015e+09
1.699890745527259111e+09
1.699890746945135117e+09
1.699890748359272003e+09
1.699890749781071901e+09
1.699890751201703072e+09
1.699890752622973919e+09
1.699890754041862011e+09
1.699890755460251093e+09
1.699890756882539988e+09
1.699890758309109926e+09
1.699890759725075006e+09
1.699890761137814999e+09
1.699890762549371958e+09
1.699890763966811895e+09
1.699890765385236025e+09
1.699890766805196047e+09
1.699890768221184969e+09
1.699890769638664007e+09
1.699890771054826021e+09
1.699890772485146046e+09
1.699890773923171997e+09
1.699890775332379103e+09
1.699890776743721008e+09
1.699890778144748926e+09
1.699890779462255955e+09
1.699890780778891087e+09
1.699890782095494986e+09
1.699890783441796064e+09
1.699890784858323097e+09
1.699890786273297071e+09
1.699890787691076994e+09
1.699890789113176107e+09
1.699890790527981043e+09
1.699890791943927050e+09
1.699890793357438087e+09
1.699890794777359962e+09
1.699890796190490961e+09
1.699890797612698078e+09
1.699890799025902033e+09
1.699890800446439981e+09
1.699890801885278940e+09
1.699890803306462049e+09
1.699890804740963936e+09
1.699890806156436920e+09
1.699890807573915005e+09
1.699890808985914946e+09
1.699890810404597044e+09
1.699890811821279049e+09
1.699890813234716892e+09
1.699890814650017023e+09
1.699890816066328049e+09
1.699890817480796099e+09
1.699890818900769949e+09
1.699890820310033083e+09
1.699890821722464085e+09
1.699890823147609949e+09
1.699890824566575050e+09
1.699890825996282101e+09
1.699890827447968960e+09
1.699890828870986938e+09
1.699890830287663937e+09
1.699890831710319996e+09
1.699890833129776001e+09
1.699890834544951916e+09
1.699890835963704109e+09
1.699890837387476921e+09
1.699890838824786901e+09
1.699890840241913080e+09
1.699890841619662046e+09
1.699890842939663887e+09
1.699890844257343054e+09
1.699890845578248978e+09
1.699890846960202932e+09
1.699890848380290985e+09
1.699890849797832012e+09
1.699890851212100029e+09
1.699890852629292011e+09
1.699890854047367096e+09
1.699890855468105078e+09
1.699890856880960941e+09
1.699890858302181005e+09
1.699890859721986055e+09
1.699890861140657902e+09
1.699890862557306051e+09
1.699890863969626904e+09
1.699890865383096933e+09
1.699890866796789885e+09
1.699890868243014097e+09
1.699890869659362078e+09
1.699890871074309111e+09
1.699890872492947102e+09
1.699890873914984941e+09
1.699890875335457087e+09
1.699890876768165112e+09
1.699890878202012062e+09
1.699890879625247002e+09
1.699890881036143064e+09
1.699890882457906961e+09
1.699890883878519058e+09
1.699890885297588110e+09
1.699890886716114998e+09
1.699890888138263941e+09
1.699890889567234039e+09
1.699890891000359058e+09
1.699890892428919077e+09
1.699890893854048014e+09
1.699890895269011974e+09
1.699890896688673019e+09
1.699890898106709003e+09
1.699890899541527033e+09
1.699890900960509062e+09
1.699890902374607086e+09
1.699890903792473078e+09
1.699890905207248926e+09
1.699890906625883102e+09
1.699890908045934916e+09
1.699890909468753099e+09
1.699890910886179924e+09
1.699890912301394939e+09
1.699890913718738079e+09
1.699890915137769938e+09
1.699890916556164026e+09
1.699890917972147942e+09
1.699890919388998985e+09
1.699890920807241917e+09
1.699890922222069025e+09
1.699890923640769958e+09
1.699890925055437088e+09
1.699890926472310066e+09
1.699890927891531944e+09
1.699890929313983917e+09
1.699890930732697010e+09
1.699890932144974947e+09
1.699890933562180996e+09
1.699890934982460976e+09
1.699890936404095888e+09
1.699890937818049908e+09
1.699890939242959023e+09
1.699890940559525013e+09
1.699890941876355886e+09
1.699890943194245100e+09
1.699890944574553013e+09
1.699890945995157957e+09
1.699890947413209915e+09
1.699890948828955889e+09
1.699890950247329950e+09
1.699890951668374062e+09
1.699890953090147018e+09
1.699890954510627031e+09
1.699890955924249887e+09
1.699890957336899042e+09
1.699890958753180981e+09
1.699890960178518057e+09
1.699890961594652891e+09
1.699890963012525082e+09
1.699890964428364992e+09
1.699890965848331928e+09
1.699890967262511015e+09
1.699890968680671930e+09
1.699890970103533983e+09
1.699890971527611971e+09
1.699890972953505039e+09
1.699890974371871948e+09
1.699890975787585974e+09
1.699890977206307888e+09
1.699890978628581047e+09
1.699890980054220915e+09
1.699890981474452972e+09
1.699890982899491072e+09
1.699890984320879936e+09
1.699890985741955996e+09
1.699890987160819054e+09
1.699890988588917971e+09
1.699890990012748003e+09
1.699890991424973965e+09
1.699890992837559938e+09
1.699890994254220963e+09
1.699890995666008949e+09
1.699890997085474968e+09
1.699890998504121065e+09
1.699890999923372030e+09
1.699891001336894035e+09
1.699891002753293991e+09
1.699891004174360037e+09
1.699891005592489958e+09
1.699891007007328033e+09
1.699891008424606085e+09
1.699891009850353003e+09
1.699891011272491932e+09
1.699891012696248055e+09
1.699891014118778944e+09
1.699891015560709000e+09
1.699891016964442015e+09
1.699891018389087915e+09
1.699891019821504116e+09
1.699891021239813089e+09
1.699891022657324076e+09
1.699891024073249102e+09
1.699891025487129927e+09
1.699891026899504900e+09
1.699891028316580057e+09
1.699891029735361099e+09
1.699891031151262999e+09
1.699891032569998026e+09
1.699891033987199068e+09
1.699891035414124966e+09
1.699891036851537943e+09
1.699891038267057896e+09
1.699891039683374882e+09
1.699891041101007938e+09
1.699891042519661903e+09
1.699891043950216055e+09
1.699891045377253056e+09
1.699891046785023928e+09
1.699891048201447010e+09
1.699891049617347956e+09
1.699891051029179096e+09
1.699891052447577953e+09
1.699891053864186049e+09
1.699891055277976036e+09
1.699891056692414999e+09
1.699891058106750011e+09
1.699891059521334887e+09
1.699891060939903021e+09
1.699891062354896069e+09
1.699891063772774935e+09
1.699891065202754021e+09
1.699891066639611959e+09
1.699891068059855938e+09
1.699891069472733974e+09
1.699891070885418892e+09
1.699891072309317112e+09
1.699891073745764017e+09
1.699891075167321920e+09
1.699891076586361885e+09
1.699891078010895967e+09
1.699891079429958105e+09
1.699891080846647978e+09
1.699891082272562027e+09
1.699891083695359945e+09
1.699891085116657019e+09
1.699891086545651913e+09
1.699891087987508059e+09
1.699891089408293962e+09
1.699891090833137989e+09
1.699891092246531010e+09
1.699891093657947063e+09
1.699891095069715023e+09
1.699891096490384102e+09
1.699891097903023958e+09
1.699891099319040060e+09
1.699891100738044024e+09
1.699891102157085896e+09
1.699891103581595898e+09
1.699891105017010927e+09
1.699891106431148052e+09
1.699891107855777025e+09
1.699891109293548107e+09
1.699891110714437962e+09
1.699891112129368067e+09
1.699891113548623085e+09
1.699891114973367929e+09
1.699891116397228956e+09
1.699891117821333885e+09
1.699891119238488913e+09
1.699891120656204939e+09
1.699891122079097033e+09
1.699891123496923923e+09
1.699891124909528971e+09
1.699891126332052946e+09
1.699891127753243923e+09
1.699891129167257071e+09
1.699891130584701061e+09
1.699891132006722927e+09
1.699891133425268888e+09
1.699891134836242914e+09
1.699891136249474049e+09
1.699891137686769009e+09
1.699891139103353024e+09
1.699891140521441936e+09
1.699891141931416988e+09
1.699891143351381063e+09
1.699891144765440941e+09
1.699891146180716038e+09
1.699891147596622944e+09
1.699891149013829947e+09
1.699891150428457975e+09
1.699891151846777916e+09
1.699891153266232014e+09
1.699891154682579041e+09
1.699891156102382898e+09
1.699891157530996084e+09
1.699891158944808960e+09
1.699891160371988058e+09
1.699891161791131973e+09
1.699891163221995115e+09
1.699891164649887085e+09
1.699891166066576004e+09
1.699891167484132051e+09
1.699891168913707972e+09
1.699891170353576899e+09
1.699891171771331072e+09
1.699891173192651033e+09
1.699891174612993956e+09
1.699891176037345886e+09
1.699891177459691048e+09
1.699891178878403902e+09
1.699891180293777943e+09
1.699891181713272095e+09
1.699891183128962040e+09
1.699891184545203924e+09
1.699891185959471941e+09
1.699891187371882915e+09
1.699891188789161921e+09
1.699891190207035065e+09
1.699891191622374058e+09
1.699891193043194056e+09
1.699891194462270021e+09
1.699891195887773991e+09
1.699891197297102928e+09
1.699891198713792086e+09
1.699891200131295919e+09
1.699891201546658039e+09
1.699891202964953899e+09
1.699891204377212048e+09
1.699891205798882008e+09
1.699891207216152906e+09
1.699891208638322115e+09
1.699891210056791067e+09
1.699891211470738888e+09
1.699891212887634993e+09
1.699891214309042931e+09
1.699891215728077888e+09
1.699891217147279024e+09
1.699891218573827982e+09
1.699891220001627922e+09
1.699891221448376894e+09
1.699891222871359110e+09
1.699891224303009987e+09
1.699891225741624117e+09
1.699891227156570911e+09
1.699891228571870089e+09
1.699891229994226933e+09
1.699891231413357019e+09
1.699891232835699081e+09
1.699891234247196913e+09
1.699891235661269903e+09
1.699891237085549116e+09
1.699891238518840075e+09
1.699891239935883045e+09
1.699891241350066900e+09
1.699891242769768953e+09
1.699891244189644098e+09
1.699891245613266945e+09
1.699891247027789116e+09
1.699891248453011990e+09
1.699891249882071972e+09
1.699891251306566954e+09
1.699891252735528946e+09
1.699891254163851976e+09
1.699891255597673893e+09
1.699891257024904013e+09
1.699891258441747904e+09
1.699891259859066010e+09
1.699891261281856060e+09
1.699891262696934938e+09
1.699891264117722988e+09
1.699891265544440031e+09
1.699891266979829073e+09
1.699891268394593000e+09
1.699891269808547020e+09
1.699891271235518932e+09
1.699891272663961887e+09
1.699891274099220991e+09
1.699891275515923023e+09
1.699891276932228088e+09
1.699891278353019953e+09
1.699891279768402100e+09
1.699891281187010050e+09
1.699891282602001905e+09
1.699891284018440962e+09
1.699891285435486078e+09
1.699891286849996090e+09
1.699891288269372940e+09
1.699891289684712887e+09
1.699891291100353956e+09
1.699891292517482996e+09
1.699891293930058002e+09
1.699891295347629070e+09
1.699891296769279003e+09
1.699891298185230017e+09
1.699891299603264093e+09
1.699891301017832041e+09
1.699891302430769920e+09
1.699891303847650051e+09
1.699891305269390106e+09
1.699891306684418917e+09
1.699891308097850084e+09
1.699891309514583111e+09
1.699891310936793089e+09
1.699891312353223085e+09
1.699891313770622969e+09
1.699891315187129021e+09
1.699891316605422974e+09
1.699891318019391060e+09
1.699891319434043884e+09
1.699891320850694895e+09
1.699891322265595913e+09
1.699891323682209015e+09
1.699891325102873087e+09
1.699891326527569056e+09
1.699891327953794956e+09
1.699891329375339031e+09
1.699891330793992043e+09
1.699891332215804100e+09
1.699891333638098001e+09
1.699891335050479889e+09
1.699891336478873014e+09
1.699891337907414913e+09
1.699891339322208881e+09
1.699891340739798069e+09
1.699891342157316923e+09
1.699891343571341038e+09
1.699891344987876892e+09
1.699891346417068005e+09
1.699891347845479012e+09
1.699891349266288996e+09
1.699891350687361956e+09
1.699891352113794088e+09
1.699891353530028105e+09
1.699891354947352886e+09
1.699891356376383066e+09
1.699891357821616888e+09
1.699891359253098011e+09
1.699891360667805910e+09
1.699891362082900047e+09
1.699891363498931885e+09
1.699891364918066978e+09
1.699891366335294008e+09
1.699891367747710943e+09
1.699891369163203955e+09
1.699891370583455086e+09
1.699891372011106968e+09
1.699891373437262058e+09
1.699891374863964081e+09
1.699891376284106016e+09
1.699891377713891029e+09
1.699891379143070936e+09
1.699891380562464952e+09
1.699891381978980064e+09
1.699891383397274971e+09
1.699891384816589117e+09
1.699891386247270107e+09
1.699891387671152115e+09
1.699891389094161034e+09
1.699891390514384985e+09
1.699891391931888103e+09
1.699891393346441031e+09
1.699891394758101940e+09
1.699891396171808004e+09
1.699891397590740919e+09
1.699891399013139009e+09
1.699891400427939892e+09
1.699891401847805023e+09
1.699891403267180920e+09
1.699891404687038898e+09
1.699891406105832100e+09
1.699891407523947001e+09
1.699891408947602987e+09
1.699891410360955954e+09
1.699891411775684118e+09
1.699891413191755056e+09
1.699891414618325949e+09
1.699891416053164959e+09
1.699891417473784924e+09
1.699891418893594980e+09
1.699891420316673994e+09
1.699891421738435984e+09
1.699891423155670881e+09
1.699891424577614069e+09
1.699891426000191927e+09
1.699891427414892912e+09
1.699891428836195946e+09
1.699891430254606009e+09
1.699891431675228119e+09
1.699891433096369028e+09
1.699891434518579960e+09
1.699891435941015005e+09
1.699891437352931023e+09
1.699891438776133060e+09
1.699891440199434042e+09
1.699891441615621090e+09
1.699891443034424067e+09
1.699891444452797890e+09
1.699891445868715048e+09
1.699891447282677889e+09
1.699891448700978041e+09
1.699891450122489929e+09
1.699891451540263891e+09
1.699891452958765984e+09
1.699891454380903006e+09
1.699891455801624060e+09
1.699891457230948925e+09
1.699891458667687893e+09
1.699891460085710049e+09
1.699891461506822109e+09
1.699891462931138039e+09
1.699891464371078968e+09
1.699891465788995981e+09
1.699891467205849886e+09
1.699891468627616882e+09
1.699891470047749043e+09
1.699891471465331078e+09
1.699891472889585972e+09
1.699891474304100990e+09
1.699891475721949100e+09
1.699891477157744884e+09
1.699891478591578007e+09
1.699891480015901089e+09
1.699891481441355944e+09
1.699891482861773968e+09
1.699891484293134928e+09
1.699891485741494894e+09
1.699891487174770117e+09
1.699891488591839075e+09
1.699891490008470058e+09
1.699891491421890974e+09
1.699891492837110996e+09
1.699891494252731085e+09
1.699891495677752972e+09
1.699891497089271069e+09
1.699891498507987022e+09
1.699891499939377069e+09
1.699891501362607002e+09
1.699891502784106016e+09
1.699891504204544067e+09
1.699891505623816013e+09
1.699891507039689064e+09
1.699891508453726053e+09
1.699891509872112036e+09
1.699891511299905062e+09
1.699891512719304085e+09
1.699891514133799076e+09
1.699891515555048943e+09
1.699891516975898027e+09
1.699891518395432949e+09
1.699891519816463947e+09
1.699891521233038902e+09
1.699891522649504900e+09
1.699891524068327904e+09
1.699891525490624905e+09
1.699891526910182953e+09
1.699891528328057051e+09
1.699891529739599943e+09
1.699891531158602953e+09
1.699891532576224089e+09
1.699891533993719101e+09
1.699891535410615921e+09
1.699891536824726105e+09
1.699891538243601084e+09
1.699891539670500040e+09
1.699891541099795103e+09
1.699891542529304028e+09
1.699891543950314045e+09
1.699891545370687962e+09
1.699891546786364079e+09
1.699891548200664997e+09
1.699891549614594936e+09
1.699891551037611008e+09
1.699891552457206011e+09
1.699891553874639034e+09
1.699891555300448895e+09
1.699891556715225935e+09
1.699891558130482912e+09
1.699891559543234110e+09
1.699891560963630915e+09
1.699891562379580975e+09
1.699891563797772884e+09
1.699891565210283995e+09
1.699891566629491091e+09
1.699891568049052000e+09
1.699891569464513063e+09
1.699891570879465103e+09
1.699891572303282022e+09
1.699891573738207102e+09
1.699891575149111032e+09
1.699891576564887047e+09
1.699891577991056919e+09
1.699891579404679060e+09
1.699891580823239088e+09
1.699891582239267111e+09
1.699891583653780937e+09
1.699891585069914103e+09
1.699891586483258009e+09
1.699891587900561094e+09
1.699891589317368031e+09
1.699891590743707895e+09
1.699891592185288906e+09
1.699891593608396053e+09
1.699891595031308889e+09
1.699891596455934048e+09
1.699891597896457911e+09
1.699891599315380096e+09
1.699891600732158899e+09
1.699891602133958101e+09
1.699891603459691048e+09
1.699891604779923916e+09
1.699891606125731945e+09
1.699891607509424925e+09
1.699891608886223078e+09
1.699891610324690104e+09
1.699891611754676104e+09
1.699891613169043064e+09
1.699891614593878031e+09
1.699891616022732019e+09
1.699891617492273092e+09
1.699891618909552097e+09
1.699891620257317066e+09
1.699891621599339962e+09
1.699891622932676077e+09
1.699891624326535940e+09
1.699891625741791010e+09
1.699891627163346052e+09
1.699891628578296900e+09
1.699891629996232033e+09
1.699891631420615911e+09
1.699891632853261948e+09
1.699891634267057896e+09
1.699891635683938980e+09
1.699891637100254059e+09
1.699891638520478964e+09
1.699891639935225964e+09
1.699891641352181911e+09
1.699891642772330046e+09
1.699891644198652029e+09
1.699891645613919020e+09
1.699891647032535076e+09
1.699891648451447010e+09
1.699891649869406939e+09
1.699891651286257029e+09
1.699891652703553915e+09
1.699891654121642113e+09
1.699891655533956051e+09
1.699891656946885109e+09
1.699891658366691113e+09
1.699891659782087088e+09
1.699891661199477911e+09
1.699891662614706039e+09
1.699891664034493923e+09
1.699891665452888966e+09
1.699891666885241032e+09
1.699891668310590029e+09
1.699891669737968922e+09
1.699891671182799101e+09
1.699891672602643013e+09
1.699891673953294992e+09
1.699891675271779060e+09
1.699891676591028929e+09
1.699891677912113905e+09
1.699891679334352970e+09
1.699891680770967007e+09
1.699891682203670025e+09
1.699891683619436979e+09
1.699891685041475058e+09
1.699891686456804037e+09
1.699891687875653982e+09
1.699891689292771101e+09
1.699891690711699009e+09
1.699891692130263090e+09
1.699891693559562922e+09
1.699891694996716022e+09
1.699891696410676956e+09
1.699891697829194069e+09
1.699891699251641989e+09
1.699891700664088011e+09
1.699891702081710100e+09
1.699891703504704952e+09
1.699891704927680016e+09
1.699891706358114958e+09
1.699891707773062944e+09
1.699891709193135023e+09
1.699891710606951952e+09
1.699891712021786928e+09
1.699891713439938068e+09
1.699891714861512899e+09
1.699891716283947945e+09
1.699891717701186895e+09
1.699891719123939037e+09
1.699891720541358948e+09
1.699891721959460974e+09
1.699891723382097960e+09
1.699891724799484015e+09
1.699891726218017101e+09
1.699891727640099049e+09
1.699891729056869030e+09
1.699891730473547935e+09
1.699891731898195982e+09
1.699891733317861080e+09
1.699891734736991882e+09
1.699891736147141933e+09
1.699891737569441080e+09
1.699891738989747047e+09
1.699891740413250923e+09
1.699891741831300020e+09
1.699891743251398087e+09
1.699891744666074991e+09
1.699891746087475061e+09
1.699891747508399010e+09
1.699891748930757999e+09
1.699891750360891104e+09
1.699891751793901920e+09
1.699891753212892056e+09
1.699891754632793903e+09
1.699891756066876888e+09
1.699891757489527941e+09
1.699891758914747000e+09
1.699891760335706949e+09
1.699891761757303953e+09
1.699891763176470995e+09
1.699891764598997116e+09
1.699891766021030903e+09
1.699891767435483932e+09
1.699891768852880955e+09
1.699891770280961037e+09
1.699891771702183008e+09
1.699891773121382952e+09
1.699891774535104036e+09
1.699891775951231956e+09
1.699891777377547026e+09
1.699891778814414978e+09
1.699891780234778881e+09
1.699891781665621996e+09
1.699891783092788935e+09
1.699891784511229038e+09
1.699891785927788019e+09
1.699891787353257895e+09
1.699891788779623032e+09
1.699891790206891060e+09
1.699891791648807049e+09
1.699891793064902067e+09
1.699891794478748083e+09
1.699891795898605108e+09
1.699891797311566114e+09
1.699891798723510027e+09
1.699891800140724897e+09
1.699891801568377972e+09
1.699891802988615036e+09
1.699891804405720949e+09
1.699891805819245100e+09
1.699891807242815971e+09
1.699891808666493893e+09
1.699891810099831104e+09
1.699891811517395020e+09
1.699891812940776110e+09
1.699891814361659050e+09
1.699891815781092882e+09
1.699891817204700947e+09
1.699891818632899046e+09
1.699891820052701950e+09
1.699891821472553015e+09
1.699891822890166998e+09
1.699891824315010071e+09
1.699891825734405041e+09
1.699891827148338079e+09
1.699891828563177109e+09
1.699891829979326963e+09
1.699891831403799057e+09
1.699891832821549892e+09
1.699891834236488104e+09
1.699891835657586098e+09
1.699891837093174934e+09
1.699891838514194012e+09
1.699891839931943893e+09
1.699891841357592106e+09
1.699891842773875952e+09
1.699891844183563948e+09
1.699891845598283052e+09
1.699891847017573118e+09
1.699891848437077999e+09
1.699891849851253033e+09
1.699891851266913891e+09
1.699891852678705931e+09
1.699891854091893911e+09
1.699891855508416891e+09
1.699891856926489115e+09
1.699891858343168974e+09
1.699891859757601976e+09
1.699891861176146984e+09
1.699891862606425047e+09
1.699891864024202108e+09
1.699891865447362900e+09
1.699891866866457939e+09
1.699891868287858009e+09
1.699891869725627899e+09
1.699891871156754017e+09
1.699891872602230072e+09
1.699891874021579981e+09
1.699891875433233976e+09
1.699891876855010033e+09
1.699891878269293070e+09
1.699891879679744959e+09
1.699891881093535900e+09
1.699891882514600039e+09
1.699891883935607910e+09
1.699891885358741999e+09
1.699891886778052092e+09
1.699891888191643953e+09
1.699891889609597921e+09
1.699891891042309999e+09
1.699891892489034891e+09
1.699891893913211107e+09
1.699891895359354019e+09
1.699891896781570911e+09
1.699891898217075109e+09
1.699891899659110069e+09
1.699891901078361988e+09
1.699891902495821953e+09
1.699891903917001963e+09
1.699891905337357998e+09
1.699891906756412029e+09
1.699891908176739931e+09
1.699891909593111038e+09
1.699891911014715910e+09
1.699891912424150944e+09
1.699891913842061043e+09
1.699891915266047001e+09
1.699891916685854912e+09
1.699891918102150917e+09
1.699891919518271923e+09
1.699891920942401886e+09
1.699891922367124081e+09
1.699891923785315037e+09
1.699891925211647034e+09
1.699891926635488987e+09
1.699891928060976028e+09
1.699891929476500988e+09
1.699891930891062975e+09
1.699891932308784008e+09
1.699891933717958927e+09
1.699891935134246111e+09
1.699891936555274010e+09
1.699891937976319075e+09
1.699891939396589041e+09
1.699891940818048954e+09
1.699891942232341051e+09
1.699891943657108068e+09
1.699891945086097956e+09
1.699891946504179955e+09
1.699891947918411970e+09
1.699891949334013939e+09
1.699891950751806021e+09
1.699891952171356916e+09
1.699891953591670036e+09
1.699891955005279064e+09
1.699891956427689075e+09
1.699891957849709034e+09
1.699891959261224985e+09
1.699891960681535006e+09
1.699891962098836899e+09
1.699891963511405945e+09
1.699891964925033092e+09
1.699891966347929001e+09
1.699891967774130106e+09
1.699891969194278002e+09
1.699891970612914085e+09
1.699891972035263062e+09
1.699891973454566002e+09
1.699891974883820057e+09
1.699891976302328110e+09
1.699891977725474119e+09
1.699891979144198895e+09
1.699891980567251921e+09
1.699891981979770899e+09
1.699891983400512934e+09
1.699891984823360920e+09
1.699891986244990110e+09
1.699891987680289030e+09
1.699891989115583897e+09
1.699891990534815073e+09
1.699891991945684910e+09
1.699891993364860058e+09
1.699891994781265974e+09
1.699891996196321011e+09
1.699891997618431091e+09
1.699891999033732891e+09
1.699892000450936079e+09
1.699892001876800060e+09
1.699892003305725098e+09
1.699892004734386921e+09
1.699892006158031940e+09
1.699892007573987007e+09
1.699892009000917912e+09
1.699892010423132896e+09
1.699892011840797901e+09
1.699892013267213106e+09
1.699892014614130020e+09
1.699892015933690071e+09
1.699892017250626087e+09
1.699892018573915005e+09
1.699892020007738113e+09
1.699892021449752092e+09
1.699892022877155066e+09
1.699892024302146912e+09
1.699892025722909927e+09
1.699892027137813091e+09
1.699892028559122086e+09
1.699892029974780083e+09
1.699892031395983934e+09
1.699892032815357924e+09
1.699892034234836102e+09
1.699892035657300949e+09
1.699892037082396030e+09
1.699892038506263018e+09
1.699892039922406912e+09
1.699892041339328051e+09
1.699892042760850906e+09
1.699892044198570013e+09
1.699892045617317915e+09
1.699892047034825087e+09
1.699892048455773115e+09
1.699892049875499010e+09
1.699892051295306921e+09
1.699892052719935894e+09
1.699892054131956100e+09
1.699892055557014942e+09
1.699892056974488020e+09
1.699892058394387960e+09
1.699892059817377090e+09
1.699892061242527008e+09
1.699892062652120113e+09
1.699892064079813004e+09
1.699892065511137962e+09
1.699892066932773113e+09
1.699892068351414919e+09
1.699892069770323992e+09
1.699892071192462921e+09
1.699892072620832920e+09
1.699892074059503078e+09
1.699892075475946903e+09
1.699892076891540051e+09
1.699892078311521053e+09
1.699892079730093956e+09
1.699892081146869898e+09
1.699892082561742067e+09
1.699892083975867987e+09
1.699892085393815994e+09
1.699892086807460070e+09
1.699892088225548983e+09
1.699892089638331890e+09
1.699892091058074951e+09
1.699892092480930090e+09
1.699892093908330917e+09
1.699892095327042103e+09
1.699892096752453089e+09
1.699892098177416086e+09
1.699892099601769924e+09
1.699892101020070076e+09
1.699892102451916933e+09
1.699892103877415895e+09
1.699892105300487995e+09
1.699892106712975979e+09
1.699892108127944946e+09
1.699892109545315981e+09
1.699892110968436003e+09
1.699892112388215065e+09
1.699892113806929111e+09
1.699892115223767042e+09
1.699892116639833927e+09
1.699892118049972057e+09
1.699892119469928980e+09
1.699892120896976948e+09
1.699892122310909986e+09
1.699892123727516890e+09
1.699892125147509098e+09
1.699892126570097923e+09
1.699892127986543894e+09
1.699892129402206898e+09
1.699892130821574926e+09
1.699892132238212109e+09
1.699892133664511919e+09
1.699892135100588083e+09
1.699892136520857096e+09
1.699892137938966990e+09
1.699892139356534958e+09
1.699892140783688068e+09
1.699892142209825993e+09
1.699892143634654999e+09
1.699892145054091930e+09
1.699892146471656084e+09
1.699892147889806032e+09
1.699892149309791088e+09
1.699892150728394985e+09
1.699892152152668953e+09
1.699892153584506989e+09
1.699892155009051085e+09
1.699892156428234100e+09
1.699892157841152906e+09
1.699892159262480974e+09
1.699892160681370020e+09
1.699892162101670980e+09
1.699892163517205954e+09
1.699892164930084944e+09
1.699892166345271111e+09
1.699892167768762112e+09
1.699892169128294945e+09
1.699892170451261044e+09
1.699892171772963047e+09
1.699892173090572119e+09
1.699892174489454031e+09
1.699892175907040119e+09
1.699892177330583096e+09
1.699892178753175020e+09
1.699892180181277037e+09
1.699892181598501921e+09
1.699892183022413015e+09
1.699892184443547964e+09
1.699892185858376980e+09
1.699892187272106886e+09
1.699892188690215111e+09
1.699892190107491970e+09
1.699892191527798891e+09
1.699892192947195053e+09
1.699892194374865055e+09
1.699892195798127890e+09
1.699892197211539984e+09
1.699892198635824919e+09
1.699892200053338051e+09
1.699892201471154928e+09
1.699892202895490885e+09
1.699892204316173077e+09
1.699892205734605074e+09
1.699892207159204006e+09
1.699892208575516939e+09
1.699892209990470886e+09
1.699892211407468081e+09
1.699892212844741106e+09
1.699892214270615101e+09
1.699892215686170101e+09
1.699892217110608101e+09
1.699892218531662941e+09
1.699892219948997021e+09
1.699892221370549917e+09
1.699892222799009085e+09
1.699892224217551947e+09
1.699892225636471987e+09
1.699892227057142973e+09
1.699892228475891113e+09
1.699892229905833960e+09
1.699892231330461979e+09
1.699892232752655983e+09
1.699892234169996977e+09
1.699892235595431089e+09
1.699892237014971018e+09
1.699892238431302071e+09
1.699892239861428976e+09
1.699892241293704987e+09
1.699892242714749098e+09
1.699892244139859915e+09
1.699892245561157942e+09
1.699892246984227896e+09
1.699892248400450945e+09
1.699892249827702999e+09
1.699892251249944925e+09
1.699892252666901112e+09
1.699892254080991983e+09
1.699892255496885061e+09
1.699892256912785053e+09
1.699892258331831932e+09
1.699892259754380941e+09
1.699892261176821947e+09
1.699892262598699093e+09
1.699892264018677950e+09
1.699892265437423944e+09
1.699892266852516890e+09
1.699892268273364067e+09
1.699892269698733091e+09
1.699892271113054991e+09
1.699892272539865017e+09
1.699892273981343031e+09
1.699892275412566900e+09
1.699892276829571009e+09
1.699892278245614052e+09
1.699892279664602995e+09
1.699892281080915928e+09
1.699892282497703075e+09
1.699892283921540022e+09
1.699892285339251995e+09
1.699892286756134987e+09
1.699892288174293995e+09
1.699892289597490072e+09
1.699892291016536951e+09
1.699892292441960096e+09
1.699892293861603975e+09
1.699892295288544893e+09
1.699892296710827112e+09
1.699892298122950077e+09
1.699892299544825077e+09
1.699892300961549044e+09
1.699892302392908096e+09
1.699892303835867882e+09
1.699892305249536991e+09
1.699892306670975924e+09
1.699892308084439993e+09
1.699892309506295919e+09
1.699892310927973986e+09
1.699892312351464987e+09
1.699892313764404058e+09
1.699892315189557076e+09
1.699892316622164011e+09
1.699892318048976898e+09
1.699892319471529961e+09
1.699892320893654108e+09
1.699892322320987940e+09
1.699892323751507998e+09
1.699892325176534891e+09
1.699892326600586891e+09
1.699892328019979000e+09
1.699892329438800097e+09
1.699892330863019943e+09
1.699892332280848026e+09
1.699892333702164888e+09
1.699892335119060993e+09
1.699892336528300047e+09
1.699892337959700108e+09
1.699892339379112959e+09
1.699892340800542116e+09
1.699892342227056026e+09
1.699892343649710894e+09
1.699892345082062960e+09
1.699892346517443895e+09
1.699892347939904928e+09
1.699892349358553886e+09
1.699892350778136015e+09
1.699892352197554111e+09
1.699892353618789911e+09
1.699892355041069984e+09
1.699892356458925962e+09
1.699892357885637045e+09
1.699892359304586887e+09
1.699892360723881960e+09
1.699892362141498089e+09
1.699892363559322119e+09
1.699892364976865053e+09
1.699892366393949986e+09
1.699892367813057899e+09
1.699892369232290030e+09
1.699892370655769110e+09
1.699892372071531057e+09
1.699892373493140936e+09
1.699892374908669949e+09
1.699892376334602118e+09
1.699892377775415897e+09
1.699892379196981907e+09
1.699892380610212088e+09
1.699892382026552916e+09
1.699892383448848009e+09
1.699892384871584892e+09
1.699892386293641090e+09
1.699892387726751089e+09
1.699892389143560886e+09
1.699892390564157009e+09
1.699892391984285116e+09
1.699892393398096085e+09
1.699892394811625004e+09
1.699892396224875927e+09
1.699892397647106886e+09
1.699892399061072111e+09
1.699892400475303888e+09
1.699892401900922060e+09
1.699892403327944994e+09
1.699892404753597021e+09
1.699892406108803034e+09
1.699892407430063009e+09
1.699892408754081011e+09
1.699892410126727104e+09
1.699892411546350002e+09
1.699892412967521906e+09
1.699892414401070118e+09
1.699892415858098030e+09
1.699892417277744055e+09
1.699892418696491957e+09
1.699892420110621929e+09
1.699892421530846119e+09
1.699892422959526062e+09
1.699892424378020048e+09
1.699892425802187920e+09
1.699892427218925953e+09
1.699892428641379118e+09
1.699892430075004101e+09
1.699892431504298925e+09
1.699892432934530973e+09
1.699892434347414017e+09
1.699892435768057108e+09
1.699892437191412926e+09
1.699892438615369081e+09
1.699892440038070917e+09
1.699892441458497047e+09
1.699892442874746084e+09
1.699892444292140961e+09
1.699892445708395958e+09
1.699892447128601074e+09
1.699892448551153898e+09
1.699892449968429089e+09
1.699892451388791084e+09
1.699892452806404114e+09
1.699892454222594976e+09
1.699892455653778076e+09
1.699892457064416885e+09
1.699892458488934040e+09
1.699892459908957005e+09
1.699892461327086926e+09
1.699892462752860069e+09
1.699892464170834064e+09
1.699892465589572906e+09
1.699892467022932053e+09
1.699892468477019072e+09
1.699892469895379066e+09
1.699892471315654039e+09
1.699892472735677004e+09
1.699892474153615952e+09
1.699892475570225954e+09
1.699892476997781038e+09
1.699892478411729097e+09
1.699892479838880062e+09
1.699892481276498079e+09
1.699892482723773956e+09
1.699892484147944927e+09
1.699892485570441008e+09
1.699892486996948004e+09
1.699892488422307968e+09
1.699892489894844055e+09
1.699892491317517042e+09
1.699892492734802961e+09
1.699892494160576105e+09
1.699892495602202892e+09
1.699892497021008968e+09
1.699892498446002960e+09
1.699892499915353060e+09
1.699892501334932089e+09
1.699892502754215002e+09
1.699892504170917034e+09
1.699892505588370085e+09
1.699892507004420042e+09
1.699892508419023037e+09
1.699892509836515903e+09
1.699892511257283926e+09
1.699892512684144974e+09
1.699892514100147009e+09
1.699892515523629904e+09
1.699892516950418949e+09
1.699892518368194103e+09
1.699892519788587093e+09
1.699892521214461088e+09
1.699892522632618904e+09
1.699892524051316023e+09
1.699892525471095085e+09
1.699892526887429953e+09
1.699892528301568031e+09
1.699892529721457005e+09
1.699892531142894030e+09
1.699892532563939095e+09
1.699892533977453947e+09
1.699892535396971941e+09
1.699892536817575932e+09
1.699892538232167959e+09
1.699892539650316954e+09
1.699892541068929911e+09
1.699892542497687101e+09
1.699892543966363907e+09
1.699892545383898020e+09
1.699892546807389021e+09
1.699892548229301929e+09
1.699892549658180952e+09
1.699892551080650091e+09
1.699892552496586084e+09
1.699892553912538052e+09
1.699892555344304085e+09
1.699892556814121962e+09
1.699892558228529930e+09
1.699892559646919012e+09
1.699892561069068909e+09
1.699892562489794970e+09
1.699892563905522108e+09
1.699892565324528933e+09
1.699892566742307901e+09
1.699892568160845041e+09
1.699892569580406904e+09
1.699892570996757984e+09
1.699892572422847986e+09
1.699892573838941097e+09
1.699892575265904903e+09
1.699892576685000896e+09
1.699892578105403900e+09
1.699892579521730900e+09
1.699892580943738937e+09
1.699892582362471104e+09
1.699892583776294947e+09
1.699892585199877977e+09
1.699892586655097008e+09
1.699892588075316906e+09
1.699892589499680042e+09
1.699892590911504030e+09
1.699892592326466084e+09
1.699892593750215054e+09
1.699892595190140009e+09
1.699892596611043930e+09
1.699892598032612085e+09
1.699892599448740005e+09
1.699892600878849030e+09
1.699892602319461107e+09
1.699892603737016916e+09
1.699892605155380011e+09
1.699892606580826998e+09
1.699892607992779970e+09
1.699892609410974026e+09
1.699892610831852913e+09
1.699892612250060081e+09
1.699892613667448997e+09
1.699892615084353924e+09
1.699892616504757881e+09
1.699892617921309948e+09
1.699892619344796896e+09
1.699892620777565956e+09
1.699892622209074020e+09
1.699892623639292955e+09
1.699892625059211969e+09
1.699892626484544992e+09
1.699892627911914110e+09
1.699892629333044052e+09
1.699892630752948999e+09
1.699892632169594049e+09
1.699892633585326910e+09
1.699892635003952026e+09
1.699892636416096926e+09
1.699892637835819960e+09
1.699892639249825954e+09
1.699892640670826912e+09
1.699892642089272976e+09
1.699892643506634951e+09
1.699892644923672915e+09
1.699892646336971998e+09
1.699892647755239964e+09
1.699892649178260088e+09
1.699892650600668907e+09
1.699892652025271893e+09
1.699892653443983078e+09
1.699892654860871077e+09
1.699892656285598040e+09
1.699892657702980995e+09
1.699892659126110077e+09
1.699892660552397013e+09
1.699892661975615025e+09
1.699892663400794983e+09
1.699892664826040983e+09
1.699892666240730047e+09
1.699892667660525084e+09
1.699892669077805042e+09
1.699892670498894930e+09
1.699892671913522959e+09
1.699892673333223104e+09
1.699892674754765987e+09
1.699892676174583912e+09
1.699892677596246958e+09
1.699892679020492077e+09
1.699892680445816994e+09
1.699892681881246090e+09
1.699892683319328070e+09
1.699892684739972115e+09
1.699892686163659096e+09
1.699892687585679054e+09
1.699892689010057926e+09
1.699892690433859110e+09
1.699892691868936062e+09
1.699892693305778980e+09
1.699892694728737116e+09
1.699892696141205072e+09
1.699892697562230110e+09
1.699892698977650881e+09
1.699892700393743992e+09
1.699892701803673029e+09
1.699892703222672939e+09
1.699892704644823074e+09
1.699892706066740990e+09
1.699892707486820936e+09
1.699892708903767109e+09
1.699892710323307991e+09
1.699892711745172977e+09
1.699892713166223049e+09
1.699892714583352089e+09
1.699892716012705088e+09
1.699892717456803083e+09
1.699892718896256924e+09
1.699892720313432932e+09
1.699892721728621006e+09
1.699892723155987024e+09
1.699892724577333927e+09
1.699892726002167940e+09
1.699892727421698093e+09
1.699892728837342024e+09
1.699892730262962103e+09
1.699892731678538084e+09
1.699892733015060902e+09
1.699892734336363077e+09
1.699892735655015945e+09
1.699892736978521109e+09
1.699892738397794962e+09
1.699892739817780018e+09
1.699892741236917019e+09
1.699892742657260895e+09
1.699892744071871996e+09
1.699892745491461039e+09
1.699892746908114910e+09
1.699892748323463917e+09
1.699892749753525019e+09
1.699892751188929081e+09
1.699892752613029957e+09
1.699892754034431934e+09
1.699892755453691959e+09
1.699892756871675014e+09
1.699892758285229921e+09
1.699892759701256037e+09
1.699892761115981102e+09
1.699892762538275003e+09
1.699892763959909916e+09
1.699892765382061005e+09
1.699892766804660082e+09
1.699892768224193096e+09
1.699892769647475004e+09
1.699892771067575932e+09
1.699892772488225937e+09
1.699892773904565096e+09
1.699892775323230028e+09
1.699892776741847038e+09
1.699892778156549931e+09
1.699892779574491024e+09
1.699892780988759041e+09
1.699892782401379108e+09
1.699892783822504044e+09
1.699892785241986990e+09
1.699892786658874989e+09
1.699892788069144964e+09
1.699892789496249914e+09
1.699892790935225010e+09
1.699892792355108023e+09
1.699892793780827045e+09
1.699892795196275949e+09
1.699892796615346909e+09
1.699892798036628962e+09
1.699892799452800989e+09
1.699892800878468037e+09
1.699892802298577070e+09
1.699892803715221882e+09
1.699892805138160944e+09
1.699892806556725025e+09
1.699892807972604036e+09
1.699892809389549017e+09
1.699892810807785988e+09
1.699892812225665092e+09
1.699892813651423931e+09
1.699892815070971012e+09
1.699892816483228922e+09
1.699892817902681112e+09
1.699892819327743053e+09
1.699892820744203091e+09
1.699892822162009001e+09
1.699892823582715988e+09
1.699892825008124113e+09
1.699892826427366972e+09
1.699892827848654032e+09
1.699892829267152071e+09
1.699892830681001902e+09
1.699892832099637985e+09
1.699892833517852068e+09
1.699892834941015959e+09
1.699892836360595942e+09
1.699892837779253006e+09
1.699892839200706959e+09
1.699892840624085903e+09
1.699892842044653893e+09
1.699892843461808920e+09
1.699892844879730940e+09
1.699892846295358896e+09
1.699892847707402945e+09
1.699892849129704952e+09
1.699892850554198027e+09
1.699892851977627039e+09
1.699892853400563955e+09
1.699892854826313972e+09
1.699892856247026920e+09
1.699892857668857098e+09
1.699892859104513884e+09
1.699892860533062935e+09
1.699892861955714941e+09
1.699892863389096975e+09
1.699892864813987970e+09
1.699892866233377934e+09
1.699892867654021025e+09
1.699892869074163914e+09
1.699892870500113964e+09
1.699892871919431925e+09
1.699892873341324091e+09
1.699892874761682987e+09
1.699892876183605909e+09
1.699892877600161076e+09
1.699892879020214081e+09
1.699892880436542034e+09
1.699892881851581097e+09
1.699892883276514053e+09
1.699892884709085941e+09
1.699892886149877071e+09
1.699892887575426102e+09
1.699892888992191076e+09
1.699892890409136057e+09
1.699892891826529026e+09
1.699892893253129005e+09
1.699892894673703909e+09
1.699892896093205929e+09
1.699892897513132095e+09
1.699892898935372114e+09
1.699892900360634089e+09
1.699892901781097889e+09
1.699892903208590984e+09
1.699892904633498907e+09
1.699892906058203936e+09
1.699892907481045961e+09
1.699892908901489019e+09
1.699892910321402073e+09
1.699892911743510008e+09
1.699892913153693914e+09
1.699892914579713106e+09
1.699892916001710892e+09
1.699892917421458960e+09
1.699892918837615013e+09
1.699892920258467913e+09
1.699892921681229115e+09
1.699892923105588913e+09
1.699892924525966883e+09
1.699892925943839073e+09
1.699892927368717909e+09
1.699892928789108038e+09
1.699892930215430975e+09
1.699892931649398088e+09
1.699892933074381113e+09
1.699892934495682001e+09
1.699892935917644024e+09
1.699892937334673882e+09
1.699892938765360117e+09
1.699892940202205896e+09
1.699892941620959044e+09
1.699892943038197994e+09
1.699892944457396030e+09
1.699892945880959988e+09
1.699892947303281069e+09
1.699892948727719069e+09
1.699892950148072004e+09
1.699892951566859961e+09
1.699892952985862970e+09
1.699892954408806086e+09
1.699892955829422951e+09
1.699892957256692886e+09
1.699892958675745010e+09
1.699892960097676992e+09
1.699892961514794111e+09
1.699892962938047886e+09
1.699892964360259056e+09
1.699892965788834095e+09
1.699892967226466894e+09
1.699892968574906111e+09
1.699892969894967079e+09
1.699892971217672110e+09
1.699892972540874958e+09
1.699892973958970070e+09
1.699892975376626968e+09
1.699892976794946909e+09
1.699892978211747885e+09
1.699892979634673119e+09
1.699892981054056883e+09
1.699892982469738007e+09
1.699892983889677048e+09
1.699892985310422897e+09
1.699892986730623960e+09
1.699892988153913021e+09
1.699892989572345018e+09
1.699892990989577055e+09
1.699892992407291889e+09
1.699892993831830025e+09
1.699892995252727985e+09
1.699892996674580097e+09
1.699892998097057104e+09
1.699892999512562990e+09
1.699893000927047968e+09
1.699893002346400976e+09
1.699893003774729013e+09
1.699893005223067045e+09
1.699893006646960974e+09
1.699893008067867041e+09
1.699893009489620924e+09
1.699893010908395052e+09
1.699893012330424070e+09
1.699893013753703117e+09
1.699893015168840885e+09
1.699893016591149092e+09
1.699893018020555973e+09
1.699893019438968897e+09
1.699893020861609936e+09
1.699893022279532909e+09
1.699893023714987040e+09
1.699893025161446095e+09
1.699893026621802092e+09
1.699893028037481070e+09
1.699893029456660032e+09
1.699893030871172905e+09
1.699893032293574095e+09
1.699893033713249922e+09
1.699893035141092062e+09
1.699893036563440084e+09
1.699893037992795944e+09
1.699893039455636024e+09
1.699893040877821922e+09
1.699893042311860085e+09
1.699893043757008076e+09
1.699893045174271107e+09
1.699893046588782072e+09
1.699893048018651962e+09
1.699893049436187029e+09
1.699893050858259916e+09
1.699893052280288935e+09
1.699893053724241972e+09
1.699893055140491009e+09
1.699893056553025961e+09
1.699893057974014997e+09
1.699893059397380114e+09
1.699893060824142933e+09
1.699893062246654987e+09
1.699893063673157930e+09
1.699893065088310003e+09
1.699893066508986950e+09
1.699893067922638893e+09
1.699893069345292091e+09
1.699893070809396982e+09
1.699893072226696014e+09
1.699893073647469997e+09
1.699893075063724995e+09
1.699893076482814074e+09
1.699893077903047085e+09
1.699893079337690115e+09
1.699893080783224106e+09
1.699893082215092897e+09
1.699893083638457060e+09
1.699893085067512989e+09
1.699893086529328108e+09
1.699893087941776991e+09
1.699893089360389948e+09
1.699893090782886982e+09
1.699893092203556061e+09
1.699893093621448040e+09
1.699893095041162014e+09
1.699893096462132931e+09
1.699893097879359007e+09
1.699893099305330992e+09
1.699893100729248047e+09
1.699893102144805908e+09
1.699893103565711021e+09
1.699893104982115030e+09
1.699893106401313066e+09
1.699893107827601910e+09
1.699893109292721987e+09
1.699893110732882023e+09
1.699893112152668953e+09
1.699893113574820042e+09
1.699893114995894909e+09
1.699893116413893938e+09
1.699893117833044052e+09
1.699893119251796961e+09
1.699893120683895111e+09
1.699893122104441881e+09
1.699893123527925968e+09
1.699893124948304892e+09
1.699893126370330095e+09
1.699893127801397085e+09
1.699893129244376898e+09
1.699893130678530931e+09
1.699893132144407034e+09
1.699893133573972940e+09
1.699893134991164923e+09
1.699893136409147024e+09
1.699893137836440086e+09
1.699893139293545008e+09
1.699893140715629101e+09
1.699893142135215998e+09
1.699893143562737942e+09
1.699893144983813047e+09
1.699893146400276899e+09
1.699893147822720051e+09
1.699893149243110895e+09
1.699893150663717031e+09
1.699893152084130049e+09
1.699893153503736019e+09
1.699893154926625013e+09
1.699893156343854904e+09
1.699893157775532961e+09
1.699893159224356890e+09
1.699893160637413979e+09
1.699893162052308083e+09
1.699893163480365992e+09
1.699893164899879932e+09
1.699893166313271999e+09
1.699893167728576899e+09
1.699893169145874977e+09
1.699893170569322109e+09
1.699893171999296904e+09
1.699893173420388937e+09
1.699893174844150066e+09
1.699893176271662951e+09
1.699893177697160006e+09
1.699893179119936943e+09
1.699893180546389103e+09
1.699893181984761953e+09
1.699893183402050018e+09
1.699893184820966959e+09
1.699893186247045994e+09
1.699893187664422989e+09
1.699893189091542959e+09
1.699893190505780935e+09
1.699893191924114943e+09
1.699893193342005968e+09
1.699893194769325018e+09
1.699893196186646938e+09
1.699893197611087084e+09
1.699893199028651953e+09
1.699893200443752050e+09
1.699893201878528118e+09
1.699893203311964035e+09
1.699893204741018057e+09
1.699893206193538904e+09
1.699893207655493021e+09
1.699893209077769041e+09
1.699893210501379967e+09
1.699893211916435957e+09
1.699893213337207079e+09
1.699893214753134966e+09
1.699893216172812939e+09
1.699893217588848114e+09
1.699893219010153055e+09
1.699893220429801941e+09
1.699893221845268965e+09
1.699893223259960890e+09
1.699893224679666042e+09
1.699893226100341082e+09
1.699893227532881975e+09
1.699893228956994057e+09
1.699893230380736113e+09
1.699893231799676895e+09
1.699893233215567112e+09
1.699893234641343117e+09
1.699893236054039955e+09
1.699893237482270002e+09
1.699893238856751919e+09
1.699893240180536985e+09
1.699893241502831936e+09
1.699893242826786041e+09
1.699893244248509884e+09
1.699893245677253008e+09
1.699893247097651958e+09
1.699893248515480995e+09
1.699893249944324017e+09
1.699893251365010977e+09
1.699893252796686888e+09
1.699893254226095915e+09
1.699893255662468910e+09
1.699893257102999926e+09
1.699893258522124052e+09
1.699893259944503069e+09
1.699893261368385077e+09
1.699893262785904884e+09
1.699893264210416079e+09
1.699893265629199982e+09
1.699893267040384054e+09
1.699893268465392113e+09
1.699893269890480995e+09
1.699893271317739964e+09
1.699893272738989115e+09
1.699893274162672997e+09
1.699893275584564924e+09
1.699893277006357908e+09
1.699893278427238941e+09
1.699893279852134943e+09
1.699893281273075104e+09
1.699893282694252968e+09
1.699893284117016077e+09
1.699893285530755997e+09
1.699893286950757027e+09
1.699893288365194082e+09
1.699893289787158012e+09
1.699893291214194059e+09
1.699893292634747028e+09
1.699893294054606915e+09
1.699893295479319096e+09
1.699893296894691944e+09
1.699893298311639071e+09
1.699893299733306885e+09
1.699893301150321960e+09
1.699893302568490028e+09
1.699893303999001980e+09
1.699893305414459944e+09
1.699893306836209059e+09
1.699893308256409883e+09
1.699893309675587893e+09
1.699893311093844891e+09
1.699893312507827044e+09
1.699893313920216084e+09
1.699893315344350100e+09
1.699893316765881062e+09
1.699893318190073967e+09
1.699893319608644962e+09
1.699893321030579090e+09
1.699893322449901104e+09
1.699893323870053053e+09
1.699893325292339087e+09
1.699893326712855101e+09
1.699893328100241899e+09
1.699893329420569897e+09
1.699893330739000082e+09
1.699893332057965994e+09
1.699893333431621075e+09
1.699893334850075960e+09
1.699893336271857023e+09
1.699893337692477942e+09
1.699893339121095896e+09
1.699893340545588970e+09
1.699893341959887981e+09
1.699893343380353928e+09
1.699893344801613092e+09
1.699893346223138094e+09
1.699893347640412092e+09
1.699893349068075895e+09
1.699893350486119032e+09
1.699893351907515049e+09
1.699893353370470047e+09
1.699893354787322998e+09
1.699893356185029984e+09
1.699893357504436016e+09
1.699893358822612047e+09
1.699893360140577078e+09
1.699893361496179104e+09
1.699893362928716898e+09
1.699893364393399954e+09
1.699893365809252977e+09
1.699893367235944986e+09
1.699893368658309937e+09
1.699893370070211887e+09
1.699893371489773035e+09
1.699893372902219057e+09
1.699893374319930077e+09
1.699893375735450029e+09
1.699893377151514053e+09
1.699893378566917896e+09
1.699893379987590075e+09
1.699893381409732103e+09
1.699893382831794977e+09
1.699893384247282028e+09
1.699893385673208952e+09
1.699893387090429068e+09
1.699893388507271051e+09
1.699893389937458992e+09
1.699893391371129990e+09
1.699893392791666985e+09
1.699893394229329109e+09
1.699893395683334112e+09
1.699893397097918034e+09
1.699893398519731045e+09
1.699893399929929018e+09
1.699893401346427917e+09
1.699893402767514944e+09
1.699893404191509008e+09
1.699893405621293068e+09
1.699893407070873022e+09
1.699893408487696886e+09
1.699893409913130045e+09
1.699893411328155041e+09
1.699893412751385927e+09
1.699893414169841051e+09
1.699893415584959984e+09
1.699893417002094984e+09
1.699893418421226978e+09
1.699893419842111111e+09
1.699893421270272017e+09
1.699893422733423948e+09
1.699893424149827957e+09
1.699893425564279079e+09
1.699893426980823994e+09
1.699893428402251959e+09
1.699893429827956915e+09
1.699893431244185925e+09
1.699893432660312891e+09
1.699893434073492050e+09
1.699893435498635054e+09
1.699893436918209076e+09
1.699893438337966919e+09
1.699893439758508921e+09
1.699893441173310995e+09
1.699893442595367908e+09
1.699893444020075083e+09
1.699893445443200111e+09
1.699893446889723063e+09
1.699893448308233976e+09
1.699893449728379011e+09
1.699893451147481918e+09
1.699893452577063084e+09
1.699893454024646997e+09
1.699893455446791887e+09
1.699893456865650892e+09
1.699893458283396006e+09
1.699893459699512005e+09
1.699893461124931097e+09
1.699893462547729969e+09
1.699893463966850996e+09
1.699893465383318901e+09
1.699893466811913967e+09
1.699893468234275103e+09
1.699893469669821024e+09
1.699893471135062933e+09
1.699893472550677061e+09
1.699893473965207100e+09
1.699893475383724928e+09
1.699893476797277927e+09
1.699893478210652113e+09
1.699893479633860111e+09
1.699893481066873074e+09
1.699893482487462044e+09
1.699893483910268068e+09
1.699893485326845884e+09
1.699893486750137091e+09
1.699893488174031973e+09
1.699893489594252110e+09
1.699893491015624046e+09
1.699893492433820009e+09
1.699893493864896059e+09
1.699893495317822933e+09
1.699893496741926908e+09
1.699893498167917013e+09
1.699893499622355938e+09
1.699893501034507990e+09
1.699893502456212997e+09
1.699893503871644974e+09
1.699893505295629978e+09
1.699893506715274096e+09
1.699893508126863956e+09
1.699893509541594982e+09
1.699893510962076902e+09
1.699893512395337105e+09
