1.710444733913183928e+09
1.710444746515039921e+09
1.710444759157943964e+09
1.710444771801686049e+09
1.710444784443284035e+09
1.710444797085994005e+09
1.710444809731714010e+09
1.710444822374257088e+09
1.710444835018801928e+09
1.710444847662678003e+09
1.710444860304249048e+09
1.710444872971481085e+09
1.710444885613797903e+09
1.710444898256748915e+09
1.710444910734754086e+09
1.710444923217578888e+09
1.710444935881768942e+09
1.710444948525357008e+09
1.710444961166873932e+09
1.710444973831662893e+09
1.710444986475749016e+09
1.710444999144656897e+09
1.710445011812128067e+09
1.710445024452755928e+09
1.710445037098728895e+09
1.710445049743371964e+09
1.710445062387022018e+09
1.710445075051831007e+09
1.710445087717734098e+09
1.710445100384608984e+09
1.710445113028975010e+09
1.710445125671478033e+09
1.710445138339113951e+09
1.710445150984133959e+09
1.710445163624452114e+09
1.710445176291538000e+09
1.710445188934139967e+09
1.710445201599909067e+09
1.710445214243612051e+09
1.710445226886746883e+09
1.710445239557677031e+09
1.710445252199100971e+09
1.710445264841197014e+09
1.710445277483207941e+09
1.710445290127746105e+09
1.710445302773257017e+09
1.710445315420761108e+09
1.710445322566349983e+09
