1.710539684473898888e+09
1.710539686001569986e+09
1.710539687531836033e+09
1.710539689015780926e+09
1.710539690499699116e+09
1.710539691983654022e+09
1.710539693513813019e+09
1.710539695021080971e+09
1.710539696505162001e+09
1.710539697989185095e+09
1.710539699496167898e+09
1.710539701003431082e+09
1.710539702487193108e+09
1.710539703994369030e+09
1.710539705478193045e+09
1.710539706962141991e+09
1.710539708446093082e+09
1.710539709953411102e+09
1.710539711460860968e+09
1.710539712945044041e+09
1.710539714452236891e+09
1.710539715936322927e+09
1.710539717466864109e+09
1.710539718974195004e+09
1.710539720504709005e+09
1.710539722035166025e+09
1.710539723542551994e+09
1.710539725073112011e+09
1.710539726557215929e+09
1.710539728041172028e+09
1.710539729525441885e+09
1.710539731032979012e+09
1.710539732540169001e+09
1.710539734047807932e+09
1.710539735601222992e+09
1.710539737085438013e+09
1.710539738593399048e+09
1.710539740100312948e+09
1.710539741607512951e+09
1.710539743091655016e+09
1.710539744575778008e+09
1.710539746059709072e+09
1.710539747567172050e+09
1.710539749074491024e+09
1.710539750558749914e+09
1.710539752042762995e+09
1.710539753526751995e+09
1.710539755011076927e+09
1.710539756494925022e+09
1.710539757978818893e+09
1.710539759462896109e+09
1.710539760947166920e+09
1.710539762431708097e+09
1.710539763962301970e+09
1.710539765446662903e+09
1.710539766930557966e+09
1.710539768437901020e+09
1.710539769945400953e+09
1.710539771429645061e+09
1.710539772937093973e+09
1.710539774421425104e+09
1.710539775905819893e+09
1.710539777413409948e+09
1.710539778921005964e+09
1.710539780405030012e+09
1.710539781912280083e+09
1.710539783396493912e+09
1.710539784881791115e+09
1.710539786364695072e+09
1.710539787848771095e+09
1.710539789356106043e+09
1.710539790863487005e+09
1.710539792347798109e+09
1.710539793878408909e+09
1.710539795385679007e+09
1.710539796869766951e+09
1.710539798353704929e+09
1.710539799837487936e+09
1.710539801321136951e+09
1.710539802828202963e+09
1.710539804335350990e+09
1.710539805819330931e+09
1.710539807303392887e+09
1.710539808810647964e+09
1.710539810294941902e+09
1.710539811778637886e+09
1.710539813285684109e+09
1.710539814792983055e+09
1.710539816277170897e+09
1.710539817761153936e+09
1.710539819268682003e+09
1.710539820799020052e+09
1.710539822306305885e+09
1.710539823814137936e+09
1.710539825320804119e+09
1.710539826804924965e+09
1.710539828289360046e+09
1.710539829796658039e+09
1.710539831280581951e+09
1.710539832788606882e+09
1.710539834274447918e+09
1.710539835780555964e+09
1.710539837287897110e+09
1.710539838818221092e+09
1.710539840325421095e+09
1.710539841809566975e+09
1.710539843317015886e+09
1.710539844824106932e+09
1.710539846308132887e+09
1.710539847838452101e+09
1.710539849322283983e+09
1.710539850829396963e+09
1.710539852336541891e+09
1.710539853843650103e+09
1.710539855327785015e+09
1.710539856811778069e+09
1.710539858318948984e+09
1.710539859826062918e+09
1.710539861309932947e+09
1.710539862794009924e+09
1.710539864277899027e+09
1.710539865761986971e+09
1.710539867245896101e+09
1.710539868729916096e+09
1.710539870213788986e+09
1.710539871721112013e+09
1.710539873205071926e+09
1.710539874689301968e+09
1.710539876173265934e+09
1.710539877680293083e+09
1.710539879164203882e+09
1.710539880647947073e+09
1.710539882131772995e+09
1.710539883638937950e+09
1.710539885145983934e+09
1.710539886654874086e+09
1.710539888183177948e+09
1.710539889667140961e+09
1.710539891174365044e+09
1.710539892681411982e+09
1.710539894165410042e+09
1.710539895649636984e+09
1.710539897135890961e+09
1.710539898641262054e+09
1.710539900125369072e+09
1.710539901609421015e+09
1.710539903118891954e+09
1.710539904600558043e+09
1.710539906107600927e+09
1.710539907592422009e+09
1.710539909122582912e+09
1.710539910605154991e+09
1.710539912112430096e+09
1.710539913596304893e+09
1.710539915081536055e+09
1.710539916564161062e+09
1.710539918048113108e+09
1.710539919531670094e+09
1.710539921015722036e+09
1.710539922522656918e+09
1.710539924006772041e+09
1.710539925490822077e+09
1.710539926998158932e+09
1.710539928505362988e+09
1.710539929989245892e+09
1.710539931496309996e+09
1.710539932980154037e+09
1.710539934464234114e+09
1.710539935948230028e+09
1.710539937432193041e+09
1.710539938916251898e+09
1.710539940400887966e+09
1.710539941907725096e+09
1.710539943414947033e+09
1.710539944968813896e+09
1.710539946452924013e+09
1.710539947960006952e+09
1.710539949444483995e+09
1.710539950928208113e+09
1.710539952412452936e+09
1.710539953896775961e+09
1.710539955380785942e+09
1.710539956865041971e+09
1.710539958348886967e+09
1.710539959832742929e+09
1.710539961316694021e+09
1.710539962824156046e+09
1.710539964308382034e+09
1.710539965792498112e+09
1.710539967299792051e+09
1.710539968783617020e+09
1.710539970267626047e+09
1.710539971751755953e+09
1.710539973282099962e+09
1.710539974765942097e+09
1.710539976249629021e+09
1.710539977733794928e+09
1.710539979218087912e+09
1.710539980725589037e+09
1.710539982232897043e+09
1.710539983740134954e+09
1.710539985224308968e+09
1.710539986708041906e+09
1.710539988192451954e+09
1.710539989676372051e+09
1.710539991160203934e+09
1.710539992667762995e+09
1.710539994151856899e+09
1.710539995636663914e+09
1.710539997119824886e+09
1.710539998628412008e+09
1.710540000134002924e+09
1.710540001618077993e+09
1.710540003102077961e+09
1.710540004586440086e+09
1.710540006070434093e+09
1.710540007554965973e+09
1.710540009038961887e+09
1.710540010523185015e+09
1.710540012007183075e+09
1.710540013514571905e+09
1.710540015022326946e+09
1.710540016506299973e+09
1.710540018036302090e+09
1.710540019520375013e+09
1.710540021004235983e+09
1.710540022487946033e+09
1.710540023971671104e+09
1.710540025478730917e+09
1.710540026962784052e+09
1.710540028446765900e+09
1.710540029930502892e+09
1.710540031437221050e+09
1.710540032921216965e+09
1.710540034405126095e+09
1.710540035888905048e+09
1.710540037395853043e+09
1.710540038879343987e+09
1.710540040365253925e+09
1.710540041846957922e+09
1.710540043354058981e+09
1.710540044839173079e+09
1.710540046323105097e+09
1.710540047806092024e+09
1.710540049290235043e+09
1.710540050774161100e+09
1.710540052281466007e+09
1.710540053765505075e+09
1.710540055249551058e+09
1.710540056733388901e+09
1.710540058333409071e+09
1.710540059864829063e+09
1.710540061347996950e+09
1.710540062855299950e+09
1.710540064339102983e+09
1.710540065847018003e+09
1.710540067331620932e+09
1.710540068841145992e+09
1.710540070324253082e+09
1.710540071809334993e+09
1.710540073293154001e+09
1.710540074801682949e+09
1.710540076312403917e+09
1.710540077793095112e+09
1.710540079277266979e+09
1.710540080761250019e+09
1.710540082245250940e+09
1.710540083752298117e+09
1.710540085261142015e+09
1.710540086766644955e+09
1.710540088276012897e+09
1.710540089757781982e+09
1.710540091241944075e+09
1.710540092749026060e+09
1.710540094234491110e+09
1.710540095717329025e+09
1.710540097201497078e+09
1.710540098685734034e+09
1.710540100169929981e+09
1.710540101677191973e+09
1.710540103161312103e+09
1.710540104646998882e+09
1.710540106130409956e+09
1.710540107637104034e+09
1.710540109121139050e+09
1.710540110605209112e+09
1.710540112112802982e+09
1.710540113596780062e+09
1.710540115103811979e+09
1.710540116588814974e+09
1.710540118094923019e+09
1.710540119578993082e+09
1.710540121063111067e+09
1.710540122547163963e+09
1.710540124077425003e+09
1.710540125561454058e+09
1.710540127069675922e+09
1.710540128575637102e+09
1.710540130059518099e+09
1.710540131543292046e+09
1.710540133073540926e+09
1.710540134557523012e+09
1.710540136042856932e+09
1.710540137526004076e+09
1.710540139032092094e+09
1.710540140539263010e+09
1.710540142023224115e+09
1.710540143530081034e+09
1.710540145015619040e+09
1.710540146497541904e+09
1.710540148005825996e+09
1.710540149511601925e+09
1.710540150996004105e+09
1.710540152502914906e+09
1.710540154010004997e+09
1.710540155540262938e+09
1.710540157024399042e+09
1.710540158533432007e+09
1.710540160062009096e+09
1.710540161546181917e+09
1.710540163030083895e+09
1.710540164513997078e+09
1.710540165998049974e+09
1.710540167482024908e+09
1.710540168966835976e+09
1.710540170473213911e+09
1.710540171957050085e+09
1.710540173463943005e+09
1.710540174947652102e+09
1.710540176431571960e+09
1.710540177915537119e+09
1.710540179400192022e+09
1.710540180906697035e+09
1.710540182391882896e+09
1.710540183874982119e+09
1.710540185359091043e+09
1.710540186843121052e+09
1.710540188327049971e+09
1.710540189811976910e+09
1.710540191318216085e+09
1.710540192802275896e+09
1.710540194309534073e+09
1.710540195793543100e+09
1.710540197301104069e+09
1.710540198808505058e+09
1.710540200293868065e+09
1.710540201823451042e+09
1.710540203307501078e+09
1.710540204791642904e+09
1.710540206275973082e+09
1.710540207759763956e+09
1.710540209243957996e+09
1.710540210729247093e+09
1.710540212235248089e+09
1.710540213742337942e+09
1.710540215249572992e+09
1.710540216757404089e+09
1.710540218265552998e+09
1.710540219773592949e+09
1.710540221259484053e+09
1.710540222765810013e+09
1.710540224250523090e+09
1.710540225758212090e+09
1.710540227265959024e+09
1.710540228750581980e+09
1.710540230235085964e+09
1.710540231720673084e+09
1.710540233227328062e+09
1.710540234712049007e+09
1.710540236196541071e+09
1.710540237681257963e+09
1.710540239165499926e+09
1.710540240649946928e+09
1.710540242158648968e+09
1.710540243688584089e+09
1.710540245173074007e+09
1.710540246657507896e+09
1.710540248142231941e+09
1.710540249649925947e+09
1.710540251134824038e+09
1.710540252622143984e+09
1.710540254127029896e+09
1.710540255611692905e+09
1.710540257096246004e+09
1.710540258580878019e+09
1.710540260065314054e+09
1.710540261572824001e+09
1.710540263058267117e+09
1.710540264564699888e+09
1.710540266048805952e+09
1.710540267533090115e+09
1.710540269017523050e+09
1.710540270525048971e+09
1.710540272009618044e+09
1.710540273495323896e+09
1.710540275025116920e+09
1.710540276509711027e+09
1.710540278017469883e+09
1.710540279502860069e+09
1.710540281010212898e+09
1.710540282495243073e+09
1.710540284004018068e+09
1.710540284611124992e+09
