1.705605855794642925e+09
1.705605857143197060e+09
1.705605858486218929e+09
1.705605859831059933e+09
1.705605861303844929e+09
1.705605862781008959e+09
1.705605864252654076e+09
1.705605865723709106e+09
1.705605867192413092e+09
1.705605868645067930e+09
1.705605870115958929e+09
1.705605871584408998e+09
1.705605873034574032e+09
1.705605874505846024e+09
1.705605875980922937e+09
1.705605877454161882e+09
1.705605878928317070e+09
1.705605880393343925e+09
1.705605881855607986e+09
1.705605883318468094e+09
1.705605884784552097e+09
1.705605886258179903e+09
1.705605887709036112e+09
1.705605889171297073e+09
1.705605890638194084e+09
1.705605892101037979e+09
1.705605893578349113e+09
1.705605895051435947e+09
1.705605896521684885e+09
1.705605897995883942e+09
1.705605899468350887e+09
1.705605900911808014e+09
1.705605902381635904e+09
1.705605903858127117e+09
1.705605905326500893e+09
1.705605906802401066e+09
1.705605908279776096e+09
1.705605909730967999e+09
1.705605911198148012e+09
1.705605912667597055e+09
1.705605914128815889e+09
1.705605915596136093e+09
1.705605917078407049e+09
1.705605918537534952e+09
1.705605920006002903e+09
1.705605921472932100e+09
1.705605922952151060e+09
1.705605924411509037e+09
1.705605925871977091e+09
1.705605927333254099e+09
1.705605928797063112e+09
1.705605930266875029e+09
1.705605931732352972e+09
1.705605933194528103e+09
1.705605934665822983e+09
1.705605936124546051e+09
1.705605937581612110e+09
1.705605939046986103e+09
1.705605940508276939e+09
1.705605941976747036e+09
1.705605943444595098e+09
1.705605944905368090e+09
1.705605946380175114e+09
1.705605947853095055e+09
1.705605949301681042e+09
1.705605950778548002e+09
1.705605952254759073e+09
1.705605953704272985e+09
1.705605955185067892e+09
1.705605956639172077e+09
1.705605958102340937e+09
1.705605959567126036e+09
1.705605961037440062e+09
1.705605962497077942e+09
1.705605963972480059e+09
1.705605965436904907e+09
1.705605966892463923e+09
1.705605968348572969e+09
1.705605969815934896e+09
1.705605971280709982e+09
1.705605972756387949e+09
1.705605974217449903e+09
1.705605975685857058e+09
1.705605977147912025e+09
1.705605978615367889e+09
1.705605980080883980e+09
1.705605981557254076e+09
1.705605983038198948e+09
1.705605984507214069e+09
1.705605985976411104e+09
1.705605987451368093e+09
1.705605988929757118e+09
1.705605990397192001e+09
1.705605991860218048e+09
1.705605993328239918e+09
1.705605994794466019e+09
1.705605996271948099e+09
1.705605997737446070e+09
1.705605999210865021e+09
1.705606000678168058e+09
1.705606002145150900e+09
1.705606003616329908e+09
1.705606005082766056e+09
1.705606006553913116e+09
1.705606008010215044e+09
1.705606009474687099e+09
1.705606010933383942e+09
1.705606012402908087e+09
1.705606013878859997e+09
1.705606015347642899e+09
1.705606016809295893e+09
1.705606018280891895e+09
1.705606019759299994e+09
1.705606021229859114e+09
1.705606022706629992e+09
1.705606024182138920e+09
1.705606025657438040e+09
1.705606027135586977e+09
1.705606028604593992e+09
1.705606030084528923e+09
1.705606031556787968e+09
1.705606033021497011e+09
1.705606034496258974e+09
1.705606035963704109e+09
1.705606037419899940e+09
1.705606038873281002e+09
1.705606040337958097e+09
1.705606041808306932e+09
1.705606043231488943e+09
1.705606044577248096e+09
1.705606045922689915e+09
1.705606047266932011e+09
1.705606048693041086e+09
1.705606050174307108e+09
1.705606051656758070e+09
1.705606053142002106e+09
1.705606054485800028e+09
1.705606055829113960e+09
1.705606057164625883e+09
1.705606058533045053e+09
1.705606060025614023e+09
1.705606061517203093e+09
1.705606063000494957e+09
1.705606064510802031e+09
1.705606066003098011e+09
1.705606067469743013e+09
1.705606068923625946e+09
1.705606070412806034e+09
1.705606071905706882e+09
1.705606073391441107e+09
1.705606074898756027e+09
1.705606076372236013e+09
1.705606077838964939e+09
1.705606079310100079e+09
1.705606080796741962e+09
1.705606082280551910e+09
1.705606083761490107e+09
1.705606085234661102e+09
1.705606086746532917e+09
1.705606088227948904e+09
1.705606089713599920e+09
1.705606091112390995e+09
1.705606092455559015e+09
1.705606093797281027e+09
1.705606095143757105e+09
1.705606096625375032e+09
1.705606098098730087e+09
1.705606099576555967e+09
1.705606101062330961e+09
1.705606102551179886e+09
1.705606104019419909e+09
1.705606105494748116e+09
1.705606106976454020e+09
1.705606108474100113e+09
1.705606109930227041e+09
1.705606111418931961e+09
1.705606112892559052e+09
1.705606114376811981e+09
1.705606115856674910e+09
1.705606117345603943e+09
1.705606118852397919e+09
1.705606120335015059e+09
1.705606121809252977e+09
1.705606123260159969e+09
1.705606124728202105e+09
1.705606126206291914e+09
1.705606127679960966e+09
1.705606129172621965e+09
1.705606130675139904e+09
1.705606132165450096e+09
1.705606133648130894e+09
1.705606135117770910e+09
1.705606136610956907e+09
1.705606138081954002e+09
1.705606139549105883e+09
1.705606141016731977e+09
1.705606142507107019e+09
1.705606143983397961e+09
1.705606145452492952e+09
1.705606146939590931e+09
1.705606148430537939e+09
1.705606149806679964e+09
1.705606151150033951e+09
1.705606152506027937e+09
1.705606153855041981e+09
1.705606155333934069e+09
1.705606156798962116e+09
1.705606158271039009e+09
1.705606159761820078e+09
1.705606161241188049e+09
1.705606162724155903e+09
1.705606164214206934e+09
1.705606165699734926e+09
1.705606167186702967e+09
1.705606168653527021e+09
1.705606170120153904e+09
1.705606171613842010e+09
1.705606173100349903e+09
1.705606174568725109e+09
1.705606176035366058e+09
1.705606177526793003e+09
1.705606178991218090e+09
1.705606180458465099e+09
1.705606181906820059e+09
1.705606183399708986e+09
1.705606184882976055e+09
1.705606186377192974e+09
1.705606187832849979e+09
1.705606189301887035e+09
1.705606190788017035e+09
1.705606192257900953e+09
1.705606193707180023e+09
1.705606195192194939e+09
1.705606196690931082e+09
1.705606198159683943e+09
1.705606199646766901e+09
1.705606201094449997e+09
1.705606202579798937e+09
1.705606204028604031e+09
1.705606205496252060e+09
1.705606206979053974e+09
1.705606208441011906e+09
1.705606209920254946e+09
1.705606211391002893e+09
1.705606212867566109e+09
1.705606214357683897e+09
1.705606215820892096e+09
1.705606217329485893e+09
1.705606218799850941e+09
1.705606220292810917e+09
1.705606221789050102e+09
1.705606223294718027e+09
1.705606224722862959e+09
1.705606226067734003e+09
1.705606227415910959e+09
1.705606228780399084e+09
1.705606230257555962e+09
1.705606231756131887e+09
1.705606233250103951e+09
1.705606234722246885e+09
1.705606236206259012e+09
1.705606237693031073e+09
1.705606239180356979e+09
1.705606240672020912e+09
1.705606242152942896e+09
1.705606243627074957e+09
1.705606245090173960e+09
1.705606246574623108e+09
1.705606248055923939e+09
1.705606249506059885e+09
1.705606250963058949e+09
1.705606252485120058e+09
1.705606253969280005e+09
1.705606255456430912e+09
1.705606256936722040e+09
1.705606258420459032e+09
1.705606259902347088e+09
1.705606261370379925e+09
1.705606262835205078e+09
1.705606264298569918e+09
1.705606265779443979e+09
1.705606267246237040e+09
1.705606268721704006e+09
1.705606270196448088e+09
1.705606271689999104e+09
1.705606273174166918e+09
1.705606274649183989e+09
1.705606276132411003e+09
1.705606277633265972e+09
1.705606279057045937e+09
1.705606280402378082e+09
1.705606281747752905e+09
1.705606283091200113e+09
1.705606284550736904e+09
1.705606286019793034e+09
1.705606287497870922e+09
1.705606288969244003e+09
1.705606290439177036e+09
1.705606291907592058e+09
1.705606293384578943e+09
1.705606294855679035e+09
1.705606296324237108e+09
1.705606297792821884e+09
1.705606299260890961e+09
1.705606300750790119e+09
1.705606302220865965e+09
1.705606303693856955e+09
1.705606305168450117e+09
1.705606306649878979e+09
1.705606308152977943e+09
1.705606309632090092e+09
1.705606311133100033e+09
1.705606312626142025e+09
1.705606314102926016e+09
1.705606315582981110e+09
1.705606317072411060e+09
1.705606318542845011e+09
1.705606319999829054e+09
1.705606321476490974e+09
1.705606322961293936e+09
1.705606324446959972e+09
1.705606325928778887e+09
1.705606327425348997e+09
1.705606328923568010e+09
1.705606330404131889e+09
1.705606331889528990e+09
1.705606333376383066e+09
1.705606334846229076e+09
1.705606336320076942e+09
1.705606337808221102e+09
1.705606339298615932e+09
1.705606340779510975e+09
1.705606342264559984e+09
1.705606343736186981e+09
1.705606345211729050e+09
1.705606346693134069e+09
1.705606348166886091e+09
1.705606349639091015e+09
1.705606351106944084e+09
1.705606352583053112e+09
1.705606354068933010e+09
1.705606355553445101e+09
1.705606357008922100e+09
1.705606358469300032e+09
1.705606359937064886e+09
1.705606361396632910e+09
1.705606362870201111e+09
1.705606364358138084e+09
1.705606365850842953e+09
1.705606367314479113e+09
1.705606368798780918e+09
1.705606370292057991e+09
1.705606371768148899e+09
1.705606373220873117e+09
1.705606374689235926e+09
1.705606376177467108e+09
1.705606377672041893e+09
1.705606379167371988e+09
1.705606380665400982e+09
1.705606382161030054e+09
1.705606383611121893e+09
1.705606385099786997e+09
1.705606386557090998e+09
1.705606388058273077e+09
1.705606389517288923e+09
1.705606390970433950e+09
1.705606392441842079e+09
1.705606393930417061e+09
1.705606395426598072e+09
1.705606396913494110e+09
1.705606398377213955e+09
1.705606399828681946e+09
1.705606401326946974e+09
1.705606402816543102e+09
1.705606404307684898e+09
1.705606405773935080e+09
1.705606407257818937e+09
1.705606408714643002e+09
1.705606410202790976e+09
1.705606411675050974e+09
1.705606413174199104e+09
1.705606414645075083e+09
1.705606416122571945e+09
1.705606417600508928e+09
1.705606419072791100e+09
1.705606420547450066e+09
1.705606422009942055e+09
1.705606423484833956e+09
1.705606424982914925e+09
1.705606426473015070e+09
1.705606427968183041e+09
1.705606429506438971e+09
1.705606430965214014e+09
1.705606432447768927e+09
1.705606433933442116e+09
1.705606435409041882e+09
1.705606436882564068e+09
1.705606438360769033e+09
1.705606439825390100e+09
1.705606441290749073e+09
1.705606442771002054e+09
1.705606444249026060e+09
1.705606445752048016e+09
1.705606447164263010e+09
1.705606448508866072e+09
1.705606449852572918e+09
1.705606451212518930e+09
1.705606452702105999e+09
1.705606454200331926e+09
1.705606455694730997e+09
1.705606456292169094e+09
