1.709759563055768013e+09
1.709759564540751934e+09
1.709759566025580883e+09
1.709759567511153936e+09
1.709759569088444948e+09
1.709759570573388100e+09
1.709759572058509111e+09
1.709759573543729067e+09
1.709759575100439072e+09
1.709759576677645922e+09
1.709759578232651949e+09
1.709759579810672998e+09
1.709759581365434885e+09
1.709759582966114998e+09
1.709759584520431042e+09
1.709759586075429916e+09
1.709759587630112886e+09
1.709759589209600925e+09
1.709759590785672903e+09
1.709759592340009928e+09
1.709759593917896032e+09
1.709759595496077061e+09
1.709759597050427914e+09
1.709759598629297972e+09
1.709759600183675051e+09
1.709759601761260033e+09
1.709759603385067940e+09
1.709759604940610886e+09
1.709759606494009972e+09
1.709759608048819065e+09
1.709759609625999928e+09
1.709759611181262016e+09
1.709759612782304049e+09
1.709759614362515926e+09
1.709759615915608883e+09
1.709759617495148897e+09
1.709759619024285078e+09
1.709759620580617905e+09
1.709759622133635998e+09
1.709759623735785007e+09
1.709759625312875986e+09
1.709759626891566038e+09
1.709759628470783949e+09
1.709759630047627926e+09
1.709759631625682116e+09
1.709759633202301025e+09
1.709759634688025951e+09
1.709759636172806025e+09
1.709759637658967972e+09
1.709759639213538885e+09
1.709759640767255068e+09
1.709759642368880033e+09
1.709759643925782919e+09
1.709759645479202032e+09
1.709759647030503988e+09
1.709759648585244894e+09
1.709759650139491081e+09
1.709759651717508078e+09
1.709759653271014929e+09
1.709759654848293066e+09
1.709759656428714991e+09
1.709759657979943037e+09
1.709759659533344984e+09
1.709759661065368891e+09
1.709759662618830919e+09
1.709759664173063993e+09
1.709759665750277996e+09
1.709759667327260017e+09
1.709759668904151917e+09
1.709759670457747936e+09
1.709759671942429066e+09
1.709759673427213907e+09
1.709759674972872972e+09
1.709759676537496090e+09
1.709759678092847109e+09
1.709759679668625116e+09
1.709759681225840092e+09
1.709759682777220964e+09
1.709759684377187967e+09
1.709759685958703995e+09
1.709759687509262085e+09
1.709759689085820913e+09
1.709759690616939068e+09
1.709759692171762943e+09
1.709759693725756884e+09
1.709759695279654980e+09
1.709759696857204914e+09
1.709759698435194016e+09
1.709759700011909008e+09
1.709759701589782953e+09
1.709759703166208029e+09
1.709759704697442055e+09
1.709759706251223087e+09
1.709759707805917978e+09
1.709759709359534979e+09
1.709759710914028883e+09
1.709759712514017105e+09
1.709759714114316940e+09
1.709759715714591980e+09
1.709759717292579889e+09
1.709759718869522095e+09
1.709759720424240112e+09
1.709759722002156973e+09
1.709759723557363987e+09
1.709759725180231094e+09
1.709759726757366896e+09
1.709759728312484980e+09
1.709759729889036894e+09
1.709759731490709066e+09
1.709759733113843918e+09
1.709759734691092014e+09
1.709759736268153906e+09
1.709759737824383020e+09
1.709759739400444984e+09
1.709759741023828983e+09
1.709759742600920916e+09
1.709759744155428886e+09
1.709759745710077047e+09
1.709759747264204025e+09
1.709759748865336895e+09
1.709759750419523954e+09
1.709759751997231007e+09
1.709759753574352026e+09
1.709759755151793957e+09
1.709759756730324984e+09
1.709759758260210037e+09
1.709759759812798023e+09
1.709759761297333002e+09
1.709759762781781912e+09
1.709759764266937971e+09
1.709759765823227882e+09
1.709759767375919104e+09
1.709759768930222034e+09
1.709759770506678104e+09
1.709759772061286926e+09
1.709759773615578890e+09
1.709759775169459105e+09
1.709759776701134920e+09
1.709759778254296064e+09
1.709759779856558084e+09
1.709759781432924986e+09
1.709759782988114119e+09
1.709759784563452005e+09
1.709759786164213896e+09
1.709759787741278887e+09
1.709759789296145916e+09
1.709759790897736073e+09
1.709759792451268911e+09
1.709759794054100037e+09
1.709759795628981113e+09
1.709759797209399939e+09
1.709759798762923956e+09
1.709759800316837072e+09
1.709759801916843891e+09
1.709759803493259907e+09
1.709759805120532036e+09
1.709759806672324896e+09
1.709759808253695011e+09
1.709759809806850910e+09
1.709759811404831886e+09
1.709759812982603073e+09
1.709759814537209988e+09
1.709759816091326952e+09
1.709759817645637035e+09
1.709759819224239111e+09
1.709759820824518919e+09
1.709759822402113914e+09
1.709759823980753899e+09
1.709759825580374956e+09
1.709759827135094881e+09
1.709759828735827923e+09
1.709759830336503983e+09
1.709759831914073944e+09
1.709759833492439985e+09
1.709759835091509104e+09
1.709759836668680906e+09
1.709759838269936085e+09
1.709759839824011087e+09
1.709759841378345013e+09
1.709759842979562998e+09
1.709759844556202888e+09
1.709759846110992908e+09
1.709759847689461946e+09
1.709759849290010929e+09
1.709759850843300104e+09
1.709759852421864986e+09
1.709759853999669075e+09
1.709759855553065062e+09
1.709759857154267073e+09
1.709759858754451036e+09
1.709759860309250116e+09
1.709759861886778116e+09
1.709759863463418007e+09
1.709759865041584015e+09
1.709759866618825912e+09
1.709759868197168112e+09
1.709759869774632931e+09
1.709759871328789949e+09
1.709759872907646894e+09
1.709759874483155012e+09
1.709759876084105015e+09
1.709759877661546946e+09
1.709759879214976072e+09
1.709759880815748930e+09
1.709759882369668961e+09
1.709759883946693897e+09
1.709759885501192093e+09
1.709759887078479052e+09
1.709759888678570032e+09
1.709759890256748915e+09
1.709759891811520100e+09
1.709759893388585091e+09
1.709759894966412067e+09
1.709759896567163944e+09
1.709759898191940069e+09
1.709759899769004107e+09
1.709759901325031042e+09
1.709759902879961967e+09
1.709759904461029053e+09
1.709759906012442112e+09
1.709759907590393066e+09
1.709759909191195011e+09
1.709759910745997906e+09
1.709759912347970963e+09
1.709759913928184986e+09
1.709759915480902910e+09
1.709759917058284044e+09
1.709759918612361908e+09
1.709759920189676046e+09
1.709759921744757891e+09
1.709759923321934938e+09
1.709759924900717020e+09
1.709759926477858067e+09
1.709759928032783031e+09
1.709759929586622953e+09
1.709759931165848970e+09
1.709759932718869925e+09
1.709759934273900032e+09
1.709759935876658916e+09
1.709759937453052044e+09
1.709759939006711960e+09
1.709759940608084917e+09
1.709759942188061953e+09
1.709759943764142036e+09
1.709759945296658039e+09
1.709759946873183012e+09
1.709759948453742027e+09
1.709759950053158998e+09
1.709759951653950930e+09
1.709759953232553959e+09
1.709759954813134909e+09
1.709759956389317036e+09
1.709759957942375898e+09
1.709759959544064999e+09
1.709759961168911934e+09
1.709759962746218920e+09
1.709759964301048994e+09
1.709759965901844978e+09
1.709759967458309889e+09
1.709759969058032990e+09
1.709759970612833023e+09
1.709759972189963102e+09
1.709759973769942045e+09
1.709759975368197918e+09
1.709759976947432041e+09
1.709759978503526926e+09
1.709759980102607012e+09
1.709759981680802107e+09
1.709759983281347036e+09
1.709759984858851910e+09
1.709759986437052011e+09
1.709759988038259983e+09
1.709759989640868902e+09
1.709759991217062950e+09
1.709759992796246052e+09
1.709759994349596977e+09
1.709759995948806047e+09
1.709759997503129959e+09
1.709759999057967901e+09
1.709760000658102036e+09
1.709760002235707998e+09
1.709760003860423088e+09
1.709760005435678005e+09
1.709760007013808012e+09
1.709760008567708015e+09
1.709760010122705936e+09
1.709760011722731113e+09
1.709760013278322935e+09
1.709760014856189013e+09
1.709760016430324078e+09
1.709760017985610962e+09
1.709760019585732937e+09
1.709760021139461040e+09
1.709760022716656923e+09
1.709760024294260979e+09
1.709760025871469975e+09
1.709760027449074030e+09
1.709760029003022909e+09
1.709760030603180885e+09
1.709760032180403948e+09
1.709760033758213997e+09
1.709760035336265087e+09
1.709760036912693977e+09
1.709760038490391970e+09
1.709760040091142893e+09
1.709760041668796062e+09
1.709760043247294903e+09
1.709760044823976040e+09
1.709760046402653933e+09
1.709760048004041910e+09
1.709760049581293106e+09
1.709760051158477068e+09
1.709760052736148119e+09
1.709760054313505888e+09
1.709760055891532898e+09
1.709760057492640972e+09
1.709760059092400074e+09
1.709760060669770956e+09
1.709760062246860981e+09
1.709760063800755024e+09
1.709760065402301073e+09
1.709760066956176996e+09
1.709760068556936026e+09
1.709760070157390118e+09
1.709760071757771969e+09
1.709760073334799051e+09
1.709760074912244081e+09
1.709760076466681957e+09
1.709760078066539049e+09
1.709760079690829992e+09
1.709760081291187048e+09
1.709760082825537920e+09
1.709760084400194883e+09
1.709760085954509020e+09
1.709760087507953882e+09
1.709760089107748985e+09
1.709760090685060024e+09
1.709760092333209038e+09
1.709760093887435913e+09
1.709760095463701963e+09
1.709760097040941000e+09
1.709760098618781090e+09
1.709760100197765112e+09
1.709760101797198057e+09
1.709760103351486921e+09
1.709760104953453064e+09
1.709760106532273054e+09
1.709760108084680080e+09
1.709760109685499907e+09
1.709760111309611082e+09
1.709760112885482073e+09
1.709760114461827993e+09
1.709760115946451902e+09
1.709760117430295944e+09
1.709760118938471079e+09
1.709760120471587896e+09
1.709760122049545050e+09
1.709760123626986980e+09
1.709760125205370903e+09
1.709760126784193039e+09
1.709760128360958099e+09
1.709760129940567970e+09
1.709760131518752098e+09
1.709760133095441103e+09
1.709760134672823906e+09
1.709760136273988962e+09
1.709760137829453945e+09
1.709760139431032896e+09
1.709760141008763075e+09
1.709760142587945938e+09
1.709760144141386986e+09
1.709760145697784901e+09
1.709760147252115965e+09
1.709760148828939915e+09
1.709760150361444950e+09
1.709760151916654110e+09
1.709760153494359970e+09
1.709760155073137045e+09
1.709760156626424074e+09
1.709760158204526901e+09
1.709760159782263041e+09
1.709760161406997919e+09
1.709760162984543085e+09
1.709760164564352989e+09
1.709760166116731882e+09
1.709760166707246065e+09
