1.710533727061417103e+09
1.710533728591643095e+09
1.710533730192316055e+09
1.710533731746006012e+09
1.710533733322639942e+09
1.710533734854815006e+09
1.710533736452488899e+09
1.710533737982903957e+09
1.710533739492017984e+09
1.710533741021081924e+09
1.710533742530118942e+09
1.710533744034946918e+09
1.710533745565186977e+09
1.710533747072253942e+09
1.710533748579163074e+09
1.710533750110949039e+09
1.710533751639703989e+09
1.710533753146931887e+09
1.710533754654170036e+09
1.710533756184653044e+09
1.710533757691771030e+09
1.710533759199088097e+09
1.710533760729955912e+09
1.710533762260570049e+09
1.710533763768023014e+09
1.710533765275324106e+09
1.710533766828783035e+09
1.710533768358758926e+09
1.710533769888915062e+09
1.710533771442151070e+09
1.710533772972253084e+09
1.710533774479192019e+09
1.710533775986294031e+09
1.710533777539741039e+09
1.710533779047036886e+09
1.710533780553791046e+09
1.710533782062419891e+09
1.710533783614274979e+09
1.710533785121705055e+09
1.710533786652370930e+09
1.710533788159321070e+09
1.710533789666770935e+09
1.710533791174235106e+09
1.710533792681602001e+09
1.710533794212445021e+09
1.710533795719686985e+09
1.710533797227299929e+09
1.710533798805238962e+09
1.710533800358004093e+09
1.710533801865431070e+09
1.710533803373136044e+09
1.710533804880450010e+09
1.710533806387605906e+09
1.710533807894817114e+09
1.710533809425378084e+09
1.710533810956825972e+09
1.710533812462919950e+09
1.710533813969871044e+09
1.710533815477161884e+09
1.710533816984265089e+09
1.710533818514759064e+09
1.710533820021887064e+09
1.710533821552175045e+09
1.710533823082323074e+09
1.710533824589322090e+09
1.710533826142843962e+09
1.710533827649620056e+09
1.710533829156771898e+09
1.710533830711754084e+09
1.710533832263670921e+09
1.710533833770791054e+09
1.710533835277894974e+09
1.710533836808258057e+09
1.710533838315253973e+09
1.710533839822418928e+09
1.710533841329653025e+09
1.710533842813504934e+09
1.710533844297487020e+09
1.710533845781538010e+09
1.710533847265569925e+09
1.710533848749470949e+09
1.710533850256758928e+09
1.710533851740591049e+09
1.710533853224488974e+09
1.710533854708203077e+09
1.710533856191978931e+09
1.710533857745906115e+09
1.710533859275574923e+09
1.710533860759696960e+09
1.710533862244124889e+09
1.710533863751737118e+09
1.710533865235708952e+09
1.710533866719984055e+09
1.710533868227199078e+09
1.710533869711163998e+09
1.710533871195266962e+09
1.710533872679276943e+09
1.710533874163961887e+09
1.710533875648209095e+09
1.710533877132834911e+09
1.710533878617266893e+09
1.710533880124886036e+09
1.710533881609021902e+09
1.710533883093919039e+09
1.710533884576889038e+09
1.710533886060702085e+09
1.710533887543931961e+09
1.710533889028827906e+09
1.710533890534714937e+09
1.710533892018330097e+09
1.710533893502260923e+09
1.710533894986486912e+09
1.710533896516750097e+09
1.710533898000761986e+09
1.710533899484654903e+09
1.710533900991686106e+09
1.710533902475800037e+09
1.710533903959711075e+09
1.710533905443500996e+09
1.710533906927615881e+09
1.710533908411832094e+09
1.710533909896311045e+09
1.710533911380053997e+09
1.710533912864094019e+09
1.710533914348439932e+09
1.710533915832299948e+09
1.710533917339544058e+09
1.710533918823565006e+09
1.710533920307495117e+09
1.710533921791726112e+09
1.710533923275815010e+09
1.710533924759747028e+09
1.710533926243429899e+09
1.710533927727423906e+09
1.710533929211474895e+09
1.710533930695415020e+09
1.710533932179558039e+09
1.710533933663476944e+09
1.710533935147408009e+09
1.710533936631273031e+09
1.710533938114974022e+09
1.710533939622092009e+09
1.710533941200020075e+09
1.710533942706047058e+09
1.710533944189918995e+09
1.710533945673820019e+09
1.710533947159502983e+09
1.710533948641629934e+09
1.710533950125330925e+09
1.710533951609262943e+09
1.710533953116240025e+09
1.710533954600442886e+09
1.710533956084099054e+09
1.710533957567966938e+09
1.710533959051836014e+09
1.710533960535641909e+09
1.710533962019654989e+09
1.710533963503660917e+09
1.710533964987274885e+09
1.710533966471024990e+09
1.710533967954845905e+09
1.710533969438697100e+09
1.710533970922259092e+09
1.710533972406136036e+09
1.710533973889801025e+09
1.710533975373347044e+09
1.710533976857453108e+09
1.710533978340756893e+09
1.710533979824402094e+09
1.710533981308439016e+09
1.710533982792089939e+09
1.710533984299053907e+09
1.710533985783631086e+09
1.710533987268258095e+09
1.710533988773746014e+09
1.710533990258152008e+09
1.710533991741143942e+09
1.710533993224862099e+09
1.710533994708406925e+09
1.710533996192126989e+09
1.710533997675671101e+09
1.710533999159346104e+09
1.710534000666321039e+09
1.710534002172681093e+09
1.710534003656135082e+09
1.710534005139569044e+09
1.710534006623395920e+09
1.710534008130075932e+09
1.710534009613967896e+09
1.710534011121140003e+09
1.710534012628376961e+09
1.710534014135512114e+09
1.710534015619358063e+09
1.710534017126421928e+09
1.710534018633662939e+09
1.710534020140918016e+09
1.710534021624958992e+09
1.710534023108912945e+09
1.710534024592852116e+09
1.710534026076713085e+09
1.710534027560473919e+09
1.710534029043776989e+09
1.710534030527676105e+09
1.710534032011269093e+09
1.710534033495052099e+09
1.710534034978840113e+09
1.710534036462682009e+09
1.710534037946424007e+09
1.710534039430640936e+09
1.710534040914879084e+09
1.710534042399084091e+09
1.710534043882877111e+09
1.710534045366754055e+09
1.710534046850522041e+09
1.710534048334054947e+09
1.710534049819386959e+09
1.710534051301980972e+09
1.710534052785787106e+09
1.710534054270224094e+09
1.710534055754303932e+09
1.710534057238342047e+09
1.710534058722210884e+09
1.710534060206170082e+09
1.710534061690026045e+09
1.710534063173903942e+09
1.710534064681051016e+09
1.710534066165004969e+09
1.710534067648969889e+09
1.710534069132965088e+09
1.710534070621341944e+09
1.710534072101692915e+09
1.710534073586139917e+09
1.710534075070697069e+09
1.710534076555018902e+09
1.710534078039455891e+09
1.710534079523885965e+09
1.710534081008577108e+09
1.710534082492989063e+09
1.710534084000430107e+09
1.710534085484721899e+09
1.710534086992167950e+09
1.710534088476612091e+09
1.710534089960850954e+09
1.710534091445040941e+09
1.710534092929450989e+09
1.710534094413971901e+09
1.710534095898597002e+09
1.710534097383331060e+09
1.710534098868026018e+09
1.710534100352864027e+09
1.710534101837421894e+09
1.710534103322267056e+09
1.710534104807200909e+09
1.710534106292110920e+09
1.710534107776854038e+09
1.710534109261363029e+09
1.710534110746036053e+09
1.710534112230843067e+09
1.710534113715524912e+09
1.710534115200097084e+09
1.710534116684887886e+09
1.710534118169068098e+09
1.710534119653719902e+09
1.710534121138031006e+09
1.710534122622638941e+09
1.710534124107434034e+09
1.710534125592124939e+09
1.710534127076807022e+09
1.710534128561537981e+09
1.710534130046264887e+09
1.710534131530880928e+09
1.710534133015724897e+09
1.710534134500699043e+09
1.710534135985688925e+09
1.710534137470560074e+09
1.710534138955269098e+09
1.710534140462801933e+09
1.710534141947411060e+09
1.710534143431520939e+09
1.710534144939028978e+09
1.710534146423295021e+09
1.710534147907562017e+09
1.710534149392244101e+09
1.710534150876542091e+09
1.710534152360945940e+09
1.710534153845258951e+09
1.710534155329488039e+09
1.710534156813616037e+09
1.710534158298216105e+09
1.710534159782840014e+09
1.710534161267291069e+09
1.710534162774899960e+09
1.710534164259341002e+09
1.710534165743715048e+09
1.710534167231070995e+09
1.710534168713020086e+09
1.710534170220786095e+09
1.710534171704834938e+09
1.710534173211878061e+09
1.710534174718947887e+09
1.710534176202893019e+09
1.710534177686858892e+09
1.710534179170728922e+09
1.710534180654608965e+09
1.710534182138641119e+09
1.710534183622651100e+09
1.710534185109750986e+09
1.710534186591082096e+09
1.710534188075069904e+09
1.710534189559115887e+09
1.710534191066199064e+09
1.710534192550231934e+09
1.710534194034368038e+09
1.710534195518323898e+09
1.710534197002393007e+09
1.710534198486319065e+09
1.710534199970549107e+09
1.710534201454845905e+09
1.710534202939032078e+09
1.710534204423437119e+09
1.710534205907212973e+09
1.710534207414824963e+09
1.710534208899218082e+09
1.710534210406335115e+09
1.710534211890702963e+09
1.710534213374713898e+09
1.710534214859047890e+09
1.710534216343621016e+09
1.710534217827227116e+09
1.710534219314738035e+09
1.710534220796166897e+09
1.710534222278975010e+09
1.710534223763015985e+09
1.710534225246997118e+09
1.710534226754277945e+09
1.710534228238240004e+09
1.710534229722160101e+09
1.710534231209137917e+09
1.710534232690099001e+09
1.710534234174120903e+09
1.710534235657727003e+09
1.710534237144732952e+09
1.710534238625415087e+09
1.710534240132318974e+09
1.710534241616316080e+09
1.710534243102679014e+09
1.710534244584168911e+09
1.710534246068053007e+09
1.710534247551832914e+09
1.710534249035732031e+09
1.710534250519273996e+09
1.710534252003096104e+09
1.710534253486861944e+09
1.710534254970448017e+09
1.710534256454291105e+09
1.710534257938132048e+09
1.710534259421715021e+09
1.710534260905602932e+09
1.710534262389460087e+09
1.710534263873486996e+09
1.710534265380238056e+09
1.710534266864132881e+09
1.710534268348074913e+09
1.710534269832068920e+09
1.710534271315949917e+09
1.710534272800029039e+09
1.710534274284087896e+09
1.710534275768197060e+09
1.710534277252688885e+09
1.710534278736773014e+09
1.710534280249665976e+09
1.710534281751240969e+09
1.710534283234977007e+09
1.710534284742463112e+09
1.710534286272258997e+09
1.710534287756129026e+09
1.710534289239784956e+09
1.710534290746771097e+09
1.710534292230282068e+09
1.710534293714349985e+09
1.710534295198065042e+09
1.710534296705204010e+09
1.710534298189219952e+09
1.710534299673290968e+09
1.710534301157305002e+09
1.710534302664793968e+09
1.710534304149038076e+09
1.710534305632940054e+09
1.710534307117223024e+09
1.710534308601464033e+09
1.710534310085611105e+09
1.710534311592792034e+09
1.710534313077639103e+09
1.710534314561018944e+09
1.710534316044750929e+09
1.710534317552063942e+09
1.710534319036281109e+09
1.710534320520155907e+09
1.710534322027937889e+09
1.710534323557832003e+09
1.710534325064959049e+09
1.710534326548849106e+09
1.710534328032651901e+09
1.710534329541033983e+09
1.710534330545063019e+09
