1.701286290196981907e+09
1.701286291866229057e+09
1.701286293536281109e+09
1.701286295267122030e+09
1.701286297023843050e+09
1.701286298779323101e+09
1.701286300532252073e+09
1.701286302278546095e+09
1.701286304035474062e+09
1.701286305782741070e+09
1.701286307532938957e+09
1.701286309221995115e+09
1.701286310889525890e+09
1.701286312555782080e+09
1.701286314296380043e+09
1.701286316050664902e+09
1.701286317801178932e+09
1.701286319554027081e+09
1.701286321303345919e+09
1.701286323062485933e+09
1.701286324815589905e+09
1.701286326567194939e+09
1.701286328327457905e+09
1.701286330084032059e+09
1.701286331834835052e+09
1.701286333598380089e+09
1.701286335350903988e+09
1.701286337103703976e+09
1.701286338855474949e+09
1.701286340600368023e+09
1.701286342351047993e+09
1.701286344105973959e+09
1.701286345860949039e+09
1.701286347618819952e+09
1.701286349377476931e+09
1.701286351128084898e+09
1.701286352882767916e+09
1.701286354638278961e+09
1.701286356396928072e+09
1.701286358088418961e+09
1.701286359756459951e+09
1.701286361424658060e+09
1.701286363163121939e+09
1.701286364917732000e+09
1.701286366675224066e+09
1.701286368429764986e+09
1.701286370181210041e+09
1.701286371938332081e+09
1.701286373694746017e+09
1.701286375449280024e+09
1.701286377196069956e+09
1.701286378946604967e+09
1.701286380702769995e+09
1.701286382391450882e+09
1.701286384059572935e+09
1.701286385726797104e+09
1.701286387469135046e+09
1.701286389212146044e+09
1.701286390966432095e+09
1.701286392720371962e+09
1.701286394476605892e+09
1.701286396224302053e+09
1.701286397978959084e+09
1.701286399727269888e+09
1.701286401472984076e+09
1.701286403226460934e+09
1.701286404986736059e+09
1.701286406737473965e+09
1.701286408493213892e+09
1.701286410240598917e+09
1.701286411927458048e+09
1.701286413599142075e+09
1.701286415266669989e+09
1.701286417006925106e+09
1.701286418760390997e+09
1.701286420452919006e+09
1.701286422121490955e+09
1.701286423790805101e+09
1.701286425530224085e+09
1.701286427280406952e+09
1.701286429034019947e+09
1.701286430796653986e+09
1.701286432550045967e+09
1.701286434300326109e+09
1.701286435986192942e+09
1.701286437654480934e+09
1.701286439322698116e+09
1.701286441066819906e+09
1.701286442817701101e+09
1.701286444574887991e+09
1.701286446336433887e+09
1.701286448084423065e+09
1.701286449839576960e+09
1.701286451597776890e+09
1.701286453349715948e+09
1.701286455114869118e+09
1.701286456877693892e+09
1.701286458636893988e+09
1.701286460397241116e+09
1.701286462147542000e+09
1.701286463902779102e+09
1.701286465652347088e+09
1.701286467408859015e+09
1.701286469161650896e+09
1.701286470917670012e+09
1.701286472674536943e+09
1.701286474434370995e+09
1.701286476187556028e+09
1.701286477953341961e+09
1.701286479704499960e+09
1.701286481460042953e+09
1.701286483217638016e+09
1.701286484972152948e+09
1.701286486725485086e+09
1.701286488487262011e+09
1.701286490238920927e+09
1.701286491992666006e+09
1.701286493756907940e+09
1.701286495512377977e+09
1.701286497265804052e+09
1.701286499019577026e+09
1.701286500774107933e+09
1.701286502529886961e+09
1.701286504285377026e+09
1.701286506042264938e+09
1.701286507735222101e+09
1.701286509403323889e+09
1.701286511071480989e+09
1.701286512813508987e+09
1.701286514564459085e+09
1.701286516322613001e+09
1.701286518071826935e+09
1.701286519826976061e+09
1.701286521581221104e+09
1.701286523337486029e+09
1.701286525096455097e+09
1.701286526847135067e+09
1.701286528551434994e+09
1.701286530219408035e+09
1.701286531887295961e+09
1.701286533630022049e+09
1.701286535378593922e+09
1.701286537133686066e+09
1.701286538886193037e+09
1.701286540642729998e+09
1.701286542394649982e+09
1.701286544086899996e+09
1.701286545754694939e+09
1.701286547422622919e+09
1.701286549165407896e+09
1.701286550917129993e+09
1.701286552663636923e+09
1.701286554421111107e+09
1.701286556171211004e+09
1.701286557859675884e+09
1.701286559529635906e+09
1.701286561198632956e+09
1.701286562942291021e+09
1.701286564694591999e+09
1.701286566448182106e+09
1.701286568136188984e+09
1.701286569805892944e+09
1.701286571474654913e+09
1.701286573211247921e+09
1.701286574965948105e+09
1.701286576722070932e+09
1.701286578474046946e+09
1.701286580165390968e+09
1.701286581833592892e+09
1.701286583502212048e+09
1.701286585243308067e+09
1.701286586991331100e+09
1.701286588681039095e+09
1.701286590350895882e+09
1.701286592019431114e+09
1.701286593762336969e+09
1.701286594379662991e+09
