1.699901075741190910e+09
1.699901077042937994e+09
1.699901078348282099e+09
1.699901079650701046e+09
1.699901081031142950e+09
1.699901082408921003e+09
1.699901083785887957e+09
1.699901085163736105e+09
1.699901086548507929e+09
1.699901087940917969e+09
1.699901089319566011e+09
1.699901090696353912e+09
1.699901092080516100e+09
1.699901093455492020e+09
1.699901094834167957e+09
1.699901096212203026e+09
1.699901097587518930e+09
1.699901098968930960e+09
1.699901100347681046e+09
1.699901101728187084e+09
1.699901103108911991e+09
1.699901104486670017e+09
1.699901105865667105e+09
1.699901107246428967e+09
1.699901108626610994e+09
1.699901110006264925e+09
1.699901111387177944e+09
1.699901112768737078e+09
1.699901114147670031e+09
1.699901115525839090e+09
1.699901116917937994e+09
1.699901118304902077e+09
1.699901119681060076e+09
1.699901121054533958e+09
1.699901122432539940e+09
1.699901123807636976e+09
1.699901125189110994e+09
1.699901126566183090e+09
1.699901127947434902e+09
1.699901129325499058e+09
1.699901130701019049e+09
1.699901132073683023e+09
1.699901133450428963e+09
1.699901134839031935e+09
1.699901136235866070e+09
1.699901137618870974e+09
1.699901138997370005e+09
1.699901140377583981e+09
1.699901141757181883e+09
1.699901143135885954e+09
1.699901144510217905e+09
1.699901145890964031e+09
1.699901147263179064e+09
1.699901148651269913e+09
1.699901150025607109e+09
1.699901151409259081e+09
1.699901152786772013e+09
1.699901154169038057e+09
1.699901155545248985e+09
1.699901156878333092e+09
1.699901158175764084e+09
1.699901159474680901e+09
1.699901160772324085e+09
1.699901162122066021e+09
1.699901163499139071e+09
1.699901164878436089e+09
1.699901166257636070e+09
1.699901167633872986e+09
1.699901169009680986e+09
1.699901170388561964e+09
1.699901171766705036e+09
1.699901173156183004e+09
1.699901174546683073e+09
1.699901175924777031e+09
1.699901177301667929e+09
1.699901178677903891e+09
1.699901180064213037e+09
1.699901181460761070e+09
1.699901182841247082e+09
1.699901184218780994e+09
1.699901185608869076e+09
1.699901187010591984e+09
1.699901188388509989e+09
1.699901189767909050e+09
1.699901191150819063e+09
1.699901192469372988e+09
1.699901193766813993e+09
1.699901195063841105e+09
1.699901196361591101e+09
1.699901197733783960e+09
1.699901199111089945e+09
1.699901200491166115e+09
1.699901201869050026e+09
1.699901203249530077e+09
1.699901204630496979e+09
1.699901206003803015e+09
1.699901207382414103e+09
1.699901208757751942e+09
1.699901210140897989e+09
1.699901211525516987e+09
1.699901212905750990e+09
1.699901214281800032e+09
1.699901215657013893e+09
1.699901217033740044e+09
1.699901218412769079e+09
1.699901219788242102e+09
1.699901221166148901e+09
1.699901222547254086e+09
1.699901223924982071e+09
1.699901225308156013e+09
1.699901226685194969e+09
1.699901228068361998e+09
1.699901229450284004e+09
1.699901230824915886e+09
1.699901232203403950e+09
1.699901233578948975e+09
1.699901234961486101e+09
1.699901236352057934e+09
1.699901237740535021e+09
1.699901239127387047e+09
1.699901240528625011e+09
1.699901241911262035e+09
1.699901243293811083e+09
1.699901244673929930e+09
1.699901246061862946e+09
1.699901247443483114e+09
1.699901248822084904e+09
1.699901250198868990e+09
1.699901251573143959e+09
1.699901252953409910e+09
1.699901254334691048e+09
1.699901255712320089e+09
1.699901257090430021e+09
1.699901258478564978e+09
1.699901259866908073e+09
1.699901261248281002e+09
1.699901262629441977e+09
1.699901264013180017e+09
1.699901265396630049e+09
1.699901266777746916e+09
1.699901268156430006e+09
1.699901269534862041e+09
1.699901270914690971e+09
1.699901272303289890e+09
1.699901273684739113e+09
1.699901275064471960e+09
1.699901276439462900e+09
1.699901277813770056e+09
1.699901279189966917e+09
1.699901280568614006e+09
1.699901281941541910e+09
1.699901283319312096e+09
1.699901284698365927e+09
1.699901286074404001e+09
1.699901287451963902e+09
1.699901288830563068e+09
1.699901290204935074e+09
1.699901291581562042e+09
1.699901292964266062e+09
1.699901294341161966e+09
1.699901295711771011e+09
1.699901297092379093e+09
1.699901298473190069e+09
1.699901299852588892e+09
1.699901301225224972e+09
1.699901302606273890e+09
1.699901303989187002e+09
1.699901305372783899e+09
1.699901306746499062e+09
1.699901308127079010e+09
1.699901309500188112e+09
1.699901310886755943e+09
1.699901312261291027e+09
1.699901313643106937e+09
1.699901315024195910e+09
1.699901316408828020e+09
1.699901317789382935e+09
1.699901319170861006e+09
1.699901320546256065e+09
1.699901321920747995e+09
1.699901323302807093e+09
1.699901324681421995e+09
1.699901326053489923e+09
1.699901327430439949e+09
1.699901328810739040e+09
1.699901330190112114e+09
1.699901331573777914e+09
1.699901332952132940e+09
1.699901334343074083e+09
1.699901335730679989e+09
1.699901337099625111e+09
1.699901338480284929e+09
1.699901339857573986e+09
1.699901341235539913e+09
1.699901342614187956e+09
1.699901343993870974e+09
1.699901345370150089e+09
1.699901346750098944e+09
1.699901348130024910e+09
1.699901349509090900e+09
1.699901350885104895e+09
1.699901352271219969e+09
1.699901353648809910e+09
1.699901355032347918e+09
1.699901356431823015e+09
1.699901357812841892e+09
1.699901359190973043e+09
1.699901360571469069e+09
1.699901361954772949e+09
1.699901363337734938e+09
1.699901364722508907e+09
1.699901366099905968e+09
1.699901367476970911e+09
1.699901368859589100e+09
1.699901370235703945e+09
1.699901371615777969e+09
1.699901373011408091e+09
1.699901374395216942e+09
1.699901375785571098e+09
1.699901377178330898e+09
1.699901378559571028e+09
1.699901379938122988e+09
1.699901381317666054e+09
1.699901382698687077e+09
1.699901384075423002e+09
1.699901385461461067e+09
1.699901386841831923e+09
1.699901388223591089e+09
1.699901389599756002e+09
1.699901390979368925e+09
1.699901392360959053e+09
1.699901393741714954e+09
1.699901395121566057e+09
1.699901396487454891e+09
1.699901397784818888e+09
1.699901399083035946e+09
1.699901400381680965e+09
1.699901401705487013e+09
1.699901403083555937e+09
1.699901404465253115e+09
1.699901405847258091e+09
1.699901407250776052e+09
1.699901408626688004e+09
1.699901410006107092e+09
1.699901411390470028e+09
1.699901412767298937e+09
1.699901414145354986e+09
1.699901415528377056e+09
1.699901416908584118e+09
1.699901418287880898e+09
1.699901419666426897e+09
1.699901421053092957e+09
1.699901422431724072e+09
1.699901423813874960e+09
1.699901425203687906e+09
1.699901426595870972e+09
1.699901427975718021e+09
1.699901429357659101e+09
1.699901430734437943e+09
1.699901432116616964e+09
1.699901433501225948e+09
1.699901434905024052e+09
1.699901436284687042e+09
1.699901437658550024e+09
1.699901439049650908e+09
1.699901440439480066e+09
1.699901441815171003e+09
1.699901443194689035e+09
1.699901444577241898e+09
1.699901445962913036e+09
1.699901447339215040e+09
1.699901448720911980e+09
1.699901450103205919e+09
1.699901451485773087e+09
1.699901452872781992e+09
1.699901454261528969e+09
1.699901455648180008e+09
1.699901457021657944e+09
1.699901458398910999e+09
1.699901459781671047e+09
1.699901461155814886e+09
1.699901462551868916e+09
1.699901463957174063e+09
1.699901465341586113e+09
1.699901466731082916e+09
1.699901468120177984e+09
1.699901469494436979e+09
1.699901470874362946e+09
1.699901472255932093e+09
1.699901473634641886e+09
1.699901475011212111e+09
1.699901476399301052e+09
1.699901477782624006e+09
1.699901479163595915e+09
1.699901480545372963e+09
1.699901481926733971e+09
1.699901483302119017e+09
1.699901484674570084e+09
1.699901486061505079e+09
1.699901487474553108e+09
1.699901488889344931e+09
1.699901490271667957e+09
1.699901491643291950e+09
1.699901493025401115e+09
1.699901494402008057e+09
1.699901495786263943e+09
1.699901497167879105e+09
1.699901498546638966e+09
1.699901499921910048e+09
1.699901501312647104e+09
1.699901502699981928e+09
1.699901504077389956e+09
1.699901505458416939e+09
1.699901506835617065e+09
1.699901508210637093e+09
1.699901509589905024e+09
1.699901510960290909e+09
1.699901512339442015e+09
1.699901513709791899e+09
1.699901515086657047e+09
1.699901516464914083e+09
1.699901517856729031e+09
1.699901519254915953e+09
1.699901520631427050e+09
1.699901522007951021e+09
1.699901523390002012e+09
1.699901524763607025e+09
1.699901526145612001e+09
1.699901527523153067e+09
1.699901528910080910e+09
1.699901530301359892e+09
1.699901531681123018e+09
1.699901533056690931e+09
1.699901534431052923e+09
1.699901535806391954e+09
1.699901537178098917e+09
1.699901538562419891e+09
1.699901539947953939e+09
1.699901541347868919e+09
1.699901542729685068e+09
1.699901544107178926e+09
1.699901545487318993e+09
1.699901546863845110e+09
1.699901548248482943e+09
1.699901549627315044e+09
1.699901551005667925e+09
1.699901552386971951e+09
1.699901553765300989e+09
1.699901555140904903e+09
1.699901556525079012e+09
1.699901557899398088e+09
1.699901559291620016e+09
1.699901560685419083e+09
1.699901562063107014e+09
1.699901563442461967e+09
1.699901564824254990e+09
1.699901566198858976e+09
1.699901567578417063e+09
1.699901568951124907e+09
1.699901570330990076e+09
1.699901571717406034e+09
1.699901573102068901e+09
1.699901574484246016e+09
1.699901575864857912e+09
1.699901577236525059e+09
1.699901578621644020e+09
1.699901580004822969e+09
1.699901581395661116e+09
1.699901582771845102e+09
1.699901584149792910e+09
1.699901585529995918e+09
1.699901586908536911e+09
1.699901588289252996e+09
1.699901589665350914e+09
1.699901591046096087e+09
1.699901592435106039e+09
1.699901593829972029e+09
1.699901595208476067e+09
1.699901596590728045e+09
1.699901597972732067e+09
1.699901599361511946e+09
1.699901600780240059e+09
1.699901602179228067e+09
1.699901603556463957e+09
1.699901604935457945e+09
1.699901606317133904e+09
1.699901607706444979e+09
1.699901609089437008e+09
1.699901610466622114e+09
1.699901611850163937e+09
1.699901613244616032e+09
1.699901614630728006e+09
1.699901616042589903e+09
1.699901617435287952e+09
1.699901618811575890e+09
1.699901620191404104e+09
1.699901621567707062e+09
1.699901622950190067e+09
1.699901624323338985e+09
1.699901625703936100e+09
1.699901627083404064e+09
1.699901628462080002e+09
1.699901629840369940e+09
1.699901631222728014e+09
1.699901632602698088e+09
1.699901633985506058e+09
1.699901635364438057e+09
1.699901636741478920e+09
1.699901638120362997e+09
1.699901639501218081e+09
1.699901640882978916e+09
1.699901642261079073e+09
1.699901643640405893e+09
1.699901645031608105e+09
1.699901646430135012e+09
1.699901647814024925e+09
1.699901649189928055e+09
1.699901650583915949e+09
1.699901651975924015e+09
1.699901653354495049e+09
1.699901654732213020e+09
1.699901656110898018e+09
1.699901657492849112e+09
1.699901658875184059e+09
1.699901660260675907e+09
1.699901661651372910e+09
1.699901663067203045e+09
1.699901664442553997e+09
1.699901665820066929e+09
1.699901667205060959e+09
1.699901668586961031e+09
1.699901669965128899e+09
1.699901671341932058e+09
1.699901672734251976e+09
1.699901674139559031e+09
1.699901675543555975e+09
1.699901676919282913e+09
1.699901678300667048e+09
1.699901679680954933e+09
1.699901681062535048e+09
1.699901682442389965e+09
1.699901683821991920e+09
1.699901685209781885e+09
1.699901686597182035e+09
1.699901687988881111e+09
1.699901689369314909e+09
1.699901690757936954e+09
1.699901692161590099e+09
1.699901693545264006e+09
1.699901694925098896e+09
1.699901696302428961e+09
1.699901697686556101e+09
1.699901699075074911e+09
1.699901700475090027e+09
1.699901701867189884e+09
1.699901703245233059e+09
1.699901704631026983e+09
1.699901706022866011e+09
1.699901707404417038e+09
1.699901708788981915e+09
1.699901710192996025e+09
1.699901711601567984e+09
1.699901712980696917e+09
1.699901714362060070e+09
1.699901715738018036e+09
1.699901717114646912e+09
1.699901718494486094e+09
1.699901719874160051e+09
1.699901721264605999e+09
1.699901722649943113e+09
1.699901724030540943e+09
1.699901725409908056e+09
1.699901726799252033e+09
1.699901728179371119e+09
1.699901729564199924e+09
1.699901730946487904e+09
1.699901732326786041e+09
1.699901733707735062e+09
1.699901735085504055e+09
1.699901736466708899e+09
1.699901737842386007e+09
1.699901739232130051e+09
1.699901740623610020e+09
1.699901741999223948e+09
1.699901743381558895e+09
1.699901744762825012e+09
1.699901746147249937e+09
1.699901747531187057e+09
1.699901748907922983e+09
1.699901750293309927e+09
1.699901751676428080e+09
1.699901753051453114e+09
1.699901754429627895e+09
1.699901755803026915e+09
1.699901757179044962e+09
1.699901758562043905e+09
1.699901759944787025e+09
1.699901761320851088e+09
1.699901762702079058e+09
1.699901764077341080e+09
1.699901765457001925e+09
1.699901766835798025e+09
1.699901768208950043e+09
1.699901769506788969e+09
1.699901770805388927e+09
1.699901772104958057e+09
1.699901773423325062e+09
1.699901774807059050e+09
1.699901776202599049e+09
1.699901777581517935e+09
1.699901778965888023e+09
1.699901780341995955e+09
1.699901781722714901e+09
1.699901783102680922e+09
1.699901784480629921e+09
1.699901785863012075e+09
1.699901787248245955e+09
1.699901788652615070e+09
1.699901790034136057e+09
1.699901791417651892e+09
1.699901792802907944e+09
1.699901794175432920e+09
1.699901795556734085e+09
1.699901796935559034e+09
1.699901798314951897e+09
1.699901799695485115e+09
1.699901801076745987e+09
1.699901802460324049e+09
1.699901803835501909e+09
1.699901805219795942e+09
1.699901806599153996e+09
1.699901807981630087e+09
1.699901809363105059e+09
1.699901810758023977e+09
1.699901812154059887e+09
1.699901813531572104e+09
1.699901814910696030e+09
1.699901816298912048e+09
1.699901817683494091e+09
1.699901819065428972e+09
1.699901820446441889e+09
1.699901821833163023e+09
1.699901823213387012e+09
1.699901824588388920e+09
1.699901825976975918e+09
1.699901827354366064e+09
1.699901828735515118e+09
1.699901830117583990e+09
1.699901831494024038e+09
1.699901832876132011e+09
1.699901834255861044e+09
1.699901835637644053e+09
1.699901837023319960e+09
1.699901838407691956e+09
1.699901839785144091e+09
1.699901841175709009e+09
1.699901842559400082e+09
1.699901843938463926e+09
1.699901845322463036e+09
1.699901846710932970e+09
1.699901848114451885e+09
1.699901849506685019e+09
1.699901850898613930e+09
1.699901852276444912e+09
1.699901853654629946e+09
1.699901855043134928e+09
1.699901856430706024e+09
1.699901857810602903e+09
1.699901859189208031e+09
1.699901860574480057e+09
1.699901861954056025e+09
1.699901863331209898e+09
1.699901864711781979e+09
1.699901866122711897e+09
1.699901867528593063e+09
1.699901868908267975e+09
1.699901870286402941e+09
1.699901871662826061e+09
1.699901873043751001e+09
1.699901874428503036e+09
1.699901875815553904e+09
1.699901877194181919e+09
1.699901878573504925e+09
1.699901879949173927e+09
1.699901881338304996e+09
1.699901882723790884e+09
1.699901884106020927e+09
1.699901885488604069e+09
1.699901886870342016e+09
1.699901888261655092e+09
1.699901889658807039e+09
1.699901891059518099e+09
1.699901892441382885e+09
1.699901893825031996e+09
1.699901895201323986e+09
1.699901896583882093e+09
1.699901897963646889e+09
1.699901899351591110e+09
1.699901900727458000e+09
1.699901902110480070e+09
1.699901903493324041e+09
1.699901904874628067e+09
1.699901906258071899e+09
1.699901907637751102e+09
1.699901909017923117e+09
1.699901910395950079e+09
1.699901911771178961e+09
1.699901913144330978e+09
1.699901914539181948e+09
1.699901915946822882e+09
1.699901917334242105e+09
1.699901918716420889e+09
1.699901920107554913e+09
1.699901921514230967e+09
1.699901922908421993e+09
1.699901924298738003e+09
1.699901925685565948e+09
1.699901927064990997e+09
1.699901928438676119e+09
1.699901929811834097e+09
1.699901931195159912e+09
1.699901932576765060e+09
1.699901933962203979e+09
1.699901935345022917e+09
1.699901936718161106e+09
1.699901938111841917e+09
1.699901939507690907e+09
1.699901940892410040e+09
1.699901942283183098e+09
1.699901943667206049e+09
1.699901945056330919e+09
1.699901946449532032e+09
1.699901947833090067e+09
1.699901949219192982e+09
1.699901950590745926e+09
1.699901951974237919e+09
1.699901953359260082e+09
1.699901954741542101e+09
1.699901956126502991e+09
1.699901957507703066e+09
1.699901958892503023e+09
1.699901960271802902e+09
1.699901961645435095e+09
1.699901963022372007e+09
1.699901964410476923e+09
1.699901965788863897e+09
1.699901967174844980e+09
1.699901968554879904e+09
1.699901969930224895e+09
1.699901971309315920e+09
1.699901972689964056e+09
1.699901974067691088e+09
1.699901975449798107e+09
1.699901976834886074e+09
1.699901978214068890e+09
1.699901979599282026e+09
1.699901980981647968e+09
1.699901982363771915e+09
1.699901983756416082e+09
1.699901985160233974e+09
1.699901986540415049e+09
1.699901987914645910e+09
1.699901989289307117e+09
1.699901990665703058e+09
1.699901992044971943e+09
1.699901993430634975e+09
1.699901994812417030e+09
1.699901996193101883e+09
1.699901997501535892e+09
1.699901998799484015e+09
1.699902000098093033e+09
1.699902001399486065e+09
1.699902002780519009e+09
1.699902004167170048e+09
1.699902005545067072e+09
1.699902006940434933e+09
1.699902008331238985e+09
1.699902009706897974e+09
1.699902011094837904e+09
1.699902012469172001e+09
1.699902013842956066e+09
1.699902015224142075e+09
1.699902016597081900e+09
1.699902017976759911e+09
1.699902019352961063e+09
1.699902020731460094e+09
1.699902022112363100e+09
1.699902023489527941e+09
1.699902024867928982e+09
1.699902026252713919e+09
1.699902027628186941e+09
1.699902029008824110e+09
1.699902030387140989e+09
1.699902031763567924e+09
1.699902033137808084e+09
1.699902034515433073e+09
1.699902035895905972e+09
1.699902037282857895e+09
1.699902038678921938e+09
1.699902040056906939e+09
1.699902041434721947e+09
1.699902042816261053e+09
1.699902044196290016e+09
1.699902045572942972e+09
1.699902046963284969e+09
1.699902048370815039e+09
1.699902049750513077e+09
1.699902051128772974e+09
1.699902052510849953e+09
1.699902053890536070e+09
1.699902055278887033e+09
1.699902056670277119e+09
1.699902058067658901e+09
1.699902059457205057e+09
1.699902060841048002e+09
1.699902062227896929e+09
1.699902063605195045e+09
1.699902064982803106e+09
1.699902066314754963e+09
1.699902067614147902e+09
1.699902068914164066e+09
1.699902070215369940e+09
1.699902071579417944e+09
1.699902072960587978e+09
1.699902074336838961e+09
1.699902075711374998e+09
1.699902077009433031e+09
1.699902078309017897e+09
1.699902079619580984e+09
1.699902081006658077e+09
1.699902082392859936e+09
1.699902083787026882e+09
1.699902085171732903e+09
1.699902086555218935e+09
1.699902087951947927e+09
1.699902089336941004e+09
1.699902090729568005e+09
1.699902092122978926e+09
1.699902093507703066e+09
1.699902094887316942e+09
1.699902096274312973e+09
1.699902097663542986e+09
1.699902099048870087e+09
1.699902100429308891e+09
1.699902101807137012e+09
1.699902103198944092e+09
1.699902104579116106e+09
1.699902105967956066e+09
1.699902107356471062e+09
1.699902108737994909e+09
1.699902110121584892e+09
1.699902111502034903e+09
1.699902112891133070e+09
1.699902114305896997e+09
1.699902115701137066e+09
1.699902117070128918e+09
1.699902118447815895e+09
1.699902119830334902e+09
1.699902121210722923e+09
1.699902122586649895e+09
1.699902123979485989e+09
1.699902125369976044e+09
1.699902126751780987e+09
1.699902128143830061e+09
1.699902129530412912e+09
1.699902130908956051e+09
1.699902132289805889e+09
1.699902133670605898e+09
1.699902135046588898e+09
1.699902136425946951e+09
1.699902137813157082e+09
1.699902139195303917e+09
1.699902140574198008e+09
1.699902141957798958e+09
1.699902143336905956e+09
1.699902144717073917e+09
1.699902146092988014e+09
1.699902147475925922e+09
1.699902148849719048e+09
1.699902150225598097e+09
1.699902151606987953e+09
1.699902152984697104e+09
1.699902154365468979e+09
1.699902155753067017e+09
1.699902157138053894e+09
1.699902158527262926e+09
1.699902159904886961e+09
1.699902161280283928e+09
1.699902162658808947e+09
1.699902164032453060e+09
1.699902165410959005e+09
1.699902166789846897e+09
1.699902168170346022e+09
1.699902169553554058e+09
1.699902170947406054e+09
1.699902172348726034e+09
1.699902173726563931e+09
1.699902175113686085e+09
1.699902176492490053e+09
1.699902177790560961e+09
1.699902179088721991e+09
1.699902180389638901e+09
1.699902181712102890e+09
1.699902183088454962e+09
1.699902184467420101e+09
1.699902185847748995e+09
1.699902187228838921e+09
1.699902188606374979e+09
1.699902189983506918e+09
1.699902191369642019e+09
1.699902192748368979e+09
1.699902194127012968e+09
1.699902195520390987e+09
1.699902196916356087e+09
1.699902198291614056e+09
1.699902199674962044e+09
1.699902201054409981e+09
1.699902202432548046e+09
1.699902203815614939e+09
1.699902205206670046e+09
1.699902206603893995e+09
1.699902207983171940e+09
1.699902209373780012e+09
1.699902210751888037e+09
1.699902212127840042e+09
1.699902213515285969e+09
1.699902214893558979e+09
1.699902216264467001e+09
1.699902217643126011e+09
1.699902219029511929e+09
1.699902220412882090e+09
1.699902221797240973e+09
1.699902223183718920e+09
1.699902224575059891e+09
1.699902225964586973e+09
1.699902227375021935e+09
1.699902228748178005e+09
1.699902230133580923e+09
1.699902231515091896e+09
1.699902232897229910e+09
1.699902234287305117e+09
1.699902235673666954e+09
1.699902237047409058e+09
1.699902238423904896e+09
1.699902239802968025e+09
1.699902241204303980e+09
1.699902242603425026e+09
1.699902243984843969e+09
1.699902245365135908e+09
1.699902246742518902e+09
1.699902248123882055e+09
1.699902249501436949e+09
1.699902250881778955e+09
1.699902252265861988e+09
1.699902253645420074e+09
1.699902255026015997e+09
1.699902256407299042e+09
1.699902257787399054e+09
1.699902259165781975e+09
1.699902260547035933e+09
1.699902261923599958e+09
1.699902263308970928e+09
1.699902264693406105e+09
1.699902266076951027e+09
1.699902267457310915e+09
1.699902268827153921e+09
1.699902270209640980e+09
1.699902271590029001e+09
1.699902272971249104e+09
1.699902274355364084e+09
1.699902275737328053e+09
1.699902277120605946e+09
1.699902278513463020e+09
1.699902279914738894e+09
1.699902281300832987e+09
1.699902282673655033e+09
1.699902284057275057e+09
1.699902285444628954e+09
1.699902286818088055e+09
1.699902288200226068e+09
1.699902289577223063e+09
1.699902290959218025e+09
1.699902292344485998e+09
1.699902293727283955e+09
1.699902295108532906e+09
1.699902296479635954e+09
1.699902297779494047e+09
1.699902299078687906e+09
1.699902300378432989e+09
1.699902301704660892e+09
1.699902303090622902e+09
1.699902304470957994e+09
1.699902305852565050e+09
1.699902307236983061e+09
1.699902308623085976e+09
1.699902310004749060e+09
1.699902311387281895e+09
1.699902312770287991e+09
1.699902314149517059e+09
1.699902315533214092e+09
1.699902316928519964e+09
1.699902318308433056e+09
1.699902319691210985e+09
1.699902321075027943e+09
1.699902322453016043e+09
1.699902323833230972e+09
1.699902325217932940e+09
1.699902326597325087e+09
1.699902327975275040e+09
1.699902329373728991e+09
1.699902330757760048e+09
1.699902332133821964e+09
1.699902333521821976e+09
1.699902334917835951e+09
1.699902336315403938e+09
1.699902337702229977e+09
1.699902339087160110e+09
1.699902340470664024e+09
1.699902341854774952e+09
1.699902343232979059e+09
1.699902344614360094e+09
1.699902345995281935e+09
1.699902347372989893e+09
1.699902348754877090e+09
1.699902350138695002e+09
1.699902351533216953e+09
1.699902352930495977e+09
1.699902354312556028e+09
1.699902355688487053e+09
1.699902357027883053e+09
1.699902358326869965e+09
1.699902359625310898e+09
1.699902360924210072e+09
1.699902362299365997e+09
1.699902363688154936e+09
1.699902365075404882e+09
1.699902366466659069e+09
1.699902367853856087e+09
1.699902369247268915e+09
1.699902370627101898e+09
1.699902372004590988e+09
1.699902373387967110e+09
1.699902374773041010e+09
1.699902376152951956e+09
1.699902377534622908e+09
1.699902378914439917e+09
1.699902380299415112e+09
1.699902381679541111e+09
1.699902383057924032e+09
1.699902384438141108e+09
1.699902385819561958e+09
1.699902387204446077e+09
1.699902388597316027e+09
1.699902389987624884e+09
1.699902391370287895e+09
1.699902392752866030e+09
1.699902394134958029e+09
1.699902395512245893e+09
1.699902396896220922e+09
1.699902398277299881e+09
1.699902399656862020e+09
1.699902401035943031e+09
1.699902402413672924e+09
1.699902403799663067e+09
1.699902405178495884e+09
1.699902406562817097e+09
1.699902407945452929e+09
1.699902409324796915e+09
1.699902410706317902e+09
1.699902412085849047e+09
1.699902413465652943e+09
1.699902414853931904e+09
1.699902416239382982e+09
1.699902417615293980e+09
1.699902418994425058e+09
1.699902420369577885e+09
1.699902421747397900e+09
1.699902423128906965e+09
1.699902424503395081e+09
1.699902425887794018e+09
1.699902427277132988e+09
1.699902428660656929e+09
1.699902430039716959e+09
1.699902431416565895e+09
1.699902432794476986e+09
1.699902434168905020e+09
1.699902435546153069e+09
1.699902436925170898e+09
1.699902438316375971e+09
1.699902439713315964e+09
1.699902441097182035e+09
1.699902442474039078e+09
1.699902443853652954e+09
1.699902445232601881e+09
1.699902446611257076e+09
1.699902447997992039e+09
1.699902449375556946e+09
1.699902450755268097e+09
1.699902452132920980e+09
1.699902453513099909e+09
1.699902454897264957e+09
1.699902456276408911e+09
1.699902457653218031e+09
1.699902459035501957e+09
1.699902460414982080e+09
1.699902461797988892e+09
1.699902463177728891e+09
1.699902464561214924e+09
1.699902465938466072e+09
1.699902467322417974e+09
1.699902468695908070e+09
1.699902470077414036e+09
1.699902471460119963e+09
1.699902472841490984e+09
1.699902474226289988e+09
1.699902475604147911e+09
1.699902476985030890e+09
1.699902478370398045e+09
1.699902479748696089e+09
1.699902481129584074e+09
1.699902482511595011e+09
1.699902483897588968e+09
1.699902485277282953e+09
1.699902486657022953e+09
1.699902488038768053e+09
1.699902489422307968e+09
1.699902490810314894e+09
1.699902492191826105e+09
1.699902493575304985e+09
1.699902494956352949e+09
1.699902496338869095e+09
1.699902497717313051e+09
1.699902499098295927e+09
1.699902500490859032e+09
1.699902501883025885e+09
1.699902503273941994e+09
1.699902504655200005e+09
1.699902506037777901e+09
1.699902507417475939e+09
1.699902508799793005e+09
1.699902510181188107e+09
1.699902511559858084e+09
1.699902512945827007e+09
1.699902514343451023e+09
1.699902515727952957e+09
1.699902517105194092e+09
1.699902518485560894e+09
1.699902519865607023e+09
1.699902521244714975e+09
1.699902522631500006e+09
1.699902524012748957e+09
1.699902525400835037e+09
1.699902526812388897e+09
1.699902528124752998e+09
1.699902529426115990e+09
1.699902530726507902e+09
1.699902532042314053e+09
1.699902533434386015e+09
1.699902534815953016e+09
1.699902536210134983e+09
1.699902537587488890e+09
1.699902538973128080e+09
1.699902540354862928e+09
1.699902541735250950e+09
1.699902543113413095e+09
1.699902544499371052e+09
1.699902545882566929e+09
1.699902547260597944e+09
1.699902548640186071e+09
1.699902550024207115e+09
1.699902551406074047e+09
1.699902552778631926e+09
1.699902554165590048e+09
1.699902555555207968e+09
1.699902556932531118e+09
1.699902558311039925e+09
1.699902559691857100e+09
1.699902561074511051e+09
1.699902562454940081e+09
1.699902563835028887e+09
1.699902565210751057e+09
1.699902566591089010e+09
1.699902567960568905e+09
1.699902569335089922e+09
1.699902570717439890e+09
1.699902572094676018e+09
1.699902573473032951e+09
1.699902574858961105e+09
1.699902576246889114e+09
1.699902577640538931e+09
1.699902579025784969e+09
1.699902580409683943e+09
1.699902581794883966e+09
1.699902583179893970e+09
1.699902584577290058e+09
1.699902585958039999e+09
1.699902587355278015e+09
1.699902588758148909e+09
1.699902590137729883e+09
1.699902591512392998e+09
1.699902592892543077e+09
1.699902594273240089e+09
1.699902595652887106e+09
1.699902597030464888e+09
1.699902598415796995e+09
1.699902599800230026e+09
1.699902601178865910e+09
1.699902602555326939e+09
1.699902603936877012e+09
1.699902605313441992e+09
1.699902606696655989e+09
1.699902608082710981e+09
1.699902609463824034e+09
1.699902610852870941e+09
1.699902612246905088e+09
1.699902613637531996e+09
1.699902615022169113e+09
1.699902616405927896e+09
1.699902617789748907e+09
1.699902619169240952e+09
1.699902620550796032e+09
1.699902621938771009e+09
1.699902623317975998e+09
1.699902624697427988e+09
1.699902626071155071e+09
1.699902627455471992e+09
1.699902628839320898e+09
1.699902630219105959e+09
1.699902631599477053e+09
1.699902632975752115e+09
1.699902634354803085e+09
1.699902635730592966e+09
1.699902637116313934e+09
1.699902638494546890e+09
1.699902639876321077e+09
1.699902641267144918e+09
1.699902642665698051e+09
1.699902644085025072e+09
1.699902645508296013e+09
1.699902646887306929e+09
1.699902648279222965e+09
1.699902649670422077e+09
1.699902651081274986e+09
1.699902652472390890e+09
1.699902653878201008e+09
1.699902655258914948e+09
1.699902656617427111e+09
1.699902657916588068e+09
1.699902659215043068e+09
1.699902660521831036e+09
1.699902661926542044e+09
1.699902663263803959e+09
1.699902664563431025e+09
1.699902665863539934e+09
1.699902667212290049e+09
1.699902668595242023e+09
1.699902669990652084e+09
1.699902671377506971e+09
1.699902672760397911e+09
1.699902674141470909e+09
1.699902675523227930e+09
1.699902676901896954e+09
1.699902678286118984e+09
1.699902679674606085e+09
1.699902681051718950e+09
1.699902682448828936e+09
1.699902683837012053e+09
1.699902685216470957e+09
1.699902686596159935e+09
1.699902687983834028e+09
1.699902689363692045e+09
1.699902690737485886e+09
1.699902692130970001e+09
1.699902693510643005e+09
1.699902694901195049e+09
1.699902696278927088e+09
1.699902697590028048e+09
1.699902698891089916e+09
1.699902700190252066e+09
1.699902701494908094e+09
1.699902702879400015e+09
1.699902704252954006e+09
1.699902705637939930e+09
1.699902707017134905e+09
1.699902708418342113e+09
1.699902709809801102e+09
1.699902711188874960e+09
1.699902712564842939e+09
1.699902713948764086e+09
1.699902715328450918e+09
1.699902716670386076e+09
1.699902717970514059e+09
1.699902719275922060e+09
1.699902720588388920e+09
1.699902721965368986e+09
1.699902723347023010e+09
1.699902724734982967e+09
1.699902726115803957e+09
1.699902727494788885e+09
1.699902728888703108e+09
1.699902730265120029e+09
1.699902731649940968e+09
1.699902733027549982e+09
1.699902734404711962e+09
1.699902735785202026e+09
1.699902737177278996e+09
1.699902738554177046e+09
1.699902739932890892e+09
1.699902741305075884e+09
1.699902742686135054e+09
1.699902744062298059e+09
1.699902745444693089e+09
1.699902746824542999e+09
1.699902748210910082e+09
1.699902749596106052e+09
1.699902750973824978e+09
1.699902752365416050e+09
1.699902753751672983e+09
1.699902755128241062e+09
1.699902756510155916e+09
1.699902757894001007e+09
1.699902759274734020e+09
1.699902760660340071e+09
1.699902762033231974e+09
1.699902763416867018e+09
1.699902764796716928e+09
1.699902766174118042e+09
1.699902767551681042e+09
1.699902768933018923e+09
1.699902770324790955e+09
1.699902771704972982e+09
1.699902773078264952e+09
1.699902774471095085e+09
1.699902775850714922e+09
1.699902777246437073e+09
1.699902778627079010e+09
1.699902780006825924e+09
1.699902781393788099e+09
1.699902782784836054e+09
1.699902784166614056e+09
1.699902785544234991e+09
1.699902786923058987e+09
1.699902788303034067e+09
1.699902789677335978e+09
1.699902791066183090e+09
1.699902792451844931e+09
1.699902793842799902e+09
1.699902795227865934e+09
1.699902796606776953e+09
1.699902798003109932e+09
1.699902799387001991e+09
1.699902800758361101e+09
1.699902802138217926e+09
1.699902803521025896e+09
1.699902804903883934e+09
1.699902806281776905e+09
1.699902807659463882e+09
1.699902809043692112e+09
1.699902810422118902e+09
1.699902811799560070e+09
1.699902813178137064e+09
1.699902814568665028e+09
1.699902815951734066e+09
1.699902817333815098e+09
1.699902818715235949e+09
1.699902820104934931e+09
1.699902821479511023e+09
1.699902822860905886e+09
1.699902824236769915e+09
1.699902825618097067e+09
1.699902826997625113e+09
1.699902828377104044e+09
1.699902829769339085e+09
1.699902831159404993e+09
1.699902832546581984e+09
1.699902833920346975e+09
1.699902835300709009e+09
1.699902836672632933e+09
1.699902838052850962e+09
1.699902839436515093e+09
1.699902840816175938e+09
1.699902842196743011e+09
1.699902843582289934e+09
1.699902844962094069e+09
1.699902846343427896e+09
1.699902847724582911e+09
1.699902849114176989e+09
1.699902850498517036e+09
1.699902851881333113e+09
1.699902853264985085e+09
1.699902854650420904e+09
1.699902856031472921e+09
1.699902857407285929e+09
1.699902858791589975e+09
1.699902860167474985e+09
1.699902861538594007e+09
1.699902862918077946e+09
1.699902864299478054e+09
1.699902865685040951e+09
1.699902867069305897e+09
1.699902868446270943e+09
1.699902869824130058e+09
1.699902871194988012e+09
1.699902872577171087e+09
1.699902873970931053e+09
1.699902875345571995e+09
1.699902876732383966e+09
1.699902878119535923e+09
1.699902879511476040e+09
1.699902880890058041e+09
1.699902882274492979e+09
1.699902883663757086e+09
1.699902885051563978e+09
1.699902886423213005e+09
1.699902887804908037e+09
1.699902889190290928e+09
1.699902890571127892e+09
1.699902891956876040e+09
1.699902893343714952e+09
1.699902894729630947e+09
1.699902896109020948e+09
1.699902897486922979e+09
1.699902898865148067e+09
1.699902900256572962e+09
1.699902901655306101e+09
1.699902903037590027e+09
1.699902904417990923e+09
1.699902905805696964e+09
1.699902907186372042e+09
1.699902908562880993e+09
1.699902909949100971e+09
1.699902911330466032e+09
1.699902912709275007e+09
1.699902914092196941e+09
1.699902915477530956e+09
1.699902916863492966e+09
1.699902918247662067e+09
1.699902919633317947e+09
1.699902921017618895e+09
1.699902922400810003e+09
1.699902923780122995e+09
1.699902925163212061e+09
1.699902926548923969e+09
1.699902927923135042e+09
1.699902929301279068e+09
1.699902930687259912e+09
1.699902932069426060e+09
1.699902933454457045e+09
1.699902934837155104e+09
1.699902936217432022e+09
1.699902937614672899e+09
1.699902939001108885e+09
1.699902940381968021e+09
1.699902941761734009e+09
1.699902943153525114e+09
1.699902944532177925e+09
1.699902945924231052e+09
1.699902947309567928e+09
1.699902948702152967e+09
1.699902950082403898e+09
1.699902951461086035e+09
1.699902952844799042e+09
1.699902954231884003e+09
1.699902955619108915e+09
1.699902956996768951e+09
1.699902958381808996e+09
1.699902959763622046e+09
1.699902961152338982e+09
1.699902962532305002e+09
1.699902963913964987e+09
1.699902965297113895e+09
1.699902966675539970e+09
1.699902968061333895e+09
1.699902969462280989e+09
1.699902970842519045e+09
1.699902972219882965e+09
1.699902973599258900e+09
1.699902974990183115e+09
1.699902976363830090e+09
1.699902977739610910e+09
1.699902979125469923e+09
1.699902980506943941e+09
1.699902981887898922e+09
1.699902983275409937e+09
1.699902984661987066e+09
1.699902986055600882e+09
1.699902987431325912e+09
1.699902988813524008e+09
1.699902990194729090e+09
1.699902991576114893e+09
1.699902992963802099e+09
1.699902994348752022e+09
1.699902995734764099e+09
1.699902997119870901e+09
1.699902998500529051e+09
1.699902999878448009e+09
1.699903001318265915e+09
1.699903002618345976e+09
1.699903003918483019e+09
1.699903005234174967e+09
1.699903006607295036e+09
1.699903007984697104e+09
1.699903009366014957e+09
1.699903010740418911e+09
1.699903012121187925e+09
1.699903013507618904e+09
1.699903014886364937e+09
1.699903016263202906e+09
1.699903017647861958e+09
1.699903019026520014e+09
1.699903020407272100e+09
1.699903021793658018e+09
1.699903023167283058e+09
1.699903024549081087e+09
1.699903025922152042e+09
1.699903027313873053e+09
1.699903028719254017e+09
1.699903030096776009e+09
1.699903031475445032e+09
1.699903032860410929e+09
1.699903034234977007e+09
1.699903035620277882e+09
1.699903037001954079e+09
1.699903038385386944e+09
1.699903039763411999e+09
1.699903041141047955e+09
1.699903042527628899e+09
1.699903043909776926e+09
1.699903045291872978e+09
1.699903046674861908e+09
1.699903048059099913e+09
1.699903049439620018e+09
1.699903050825453997e+09
1.699903052216747046e+09
1.699903053598951101e+09
1.699903054983407021e+09
1.699903056367561102e+09
1.699903057759291887e+09
1.699903059145776987e+09
1.699903060529290915e+09
1.699903061912847042e+09
1.699903063292608023e+09
1.699903064671201944e+09
1.699903066051949978e+09
1.699903067427311897e+09
1.699903068811521053e+09
1.699903070194575071e+09
1.699903071579547882e+09
1.699903072963798046e+09
1.699903074346410990e+09
1.699903075725032091e+09
1.699903077096579075e+09
1.699903078478235960e+09
1.699903079863209963e+09
1.699903081247673988e+09
1.699903082630690098e+09
1.699903084024979115e+09
1.699903085427773952e+09
1.699903086811690092e+09
1.699903088194099903e+09
1.699903089569633007e+09
1.699903090951417923e+09
1.699903092331033945e+09
1.699903093711884022e+09
1.699903095094376087e+09
1.699903096473823071e+09
1.699903097855850935e+09
1.699903099239831924e+09
1.699903100619270086e+09
1.699903101995326042e+09
1.699903103369266987e+09
1.699903104759941101e+09
1.699903106164242029e+09
1.699903107548934937e+09
1.699903108935589075e+09
1.699903110322413921e+09
1.699903111706757069e+09
1.699903113047796965e+09
1.699903114347712994e+09
1.699903115649269104e+09
1.699903116949227095e+09
1.699903118301971912e+09
1.699903119685611010e+09
1.699903121066026926e+09
1.699903122451344967e+09
1.699903123849760056e+09
1.699903125231138945e+09
1.699903126609467983e+09
1.699903127989408016e+09
1.699903129366878986e+09
1.699903130752093077e+09
1.699903132135415077e+09
1.699903133518676996e+09
1.699903134906295061e+09
1.699903136297729015e+09
1.699903137678342104e+09
1.699903139061711073e+09
1.699903140440881968e+09
1.699903141819787979e+09
1.699903143200798035e+09
1.699903144580498934e+09
1.699903145961225986e+09
1.699903147355509043e+09
1.699903148758568048e+09
1.699903150137974977e+09
1.699903151518472910e+09
1.699903152902304888e+09
1.699903154287138939e+09
1.699903155661642075e+09
1.699903157039412022e+09
1.699903158422714949e+09
1.699903159804809093e+09
1.699903161190675974e+09
1.699903162590358019e+09
1.699903163995424986e+09
1.699903165400074959e+09
1.699903166783205986e+09
1.699903168172454119e+09
1.699903169573575974e+09
1.699903170955058098e+09
1.699903172331595898e+09
1.699903173709211111e+09
1.699903175093117952e+09
1.699903176480540991e+09
1.699903177862410069e+09
1.699903179242500067e+09
1.699903180626775026e+09
1.699903182005429029e+09
1.699903183382817030e+09
1.699903184766729116e+09
1.699903186147368908e+09
1.699903187534478903e+09
1.699903188929438114e+09
1.699903190319833040e+09
1.699903191700388908e+09
1.699903193092190981e+09
1.699903194492558956e+09
1.699903195880242109e+09
1.699903197267210960e+09
1.699903198647102118e+09
1.699903200028589010e+09
1.699903201397897005e+09
1.699903202781621933e+09
1.699903204164139986e+09
1.699903205543951035e+09
1.699903206940072060e+09
1.699903208338977098e+09
1.699903209727430105e+09
1.699903211110590935e+09
1.699903212492928982e+09
1.699903213878453016e+09
1.699903215271502972e+09
1.699903216663209915e+09
1.699903218058098078e+09
1.699903219442400932e+09
1.699903220835870028e+09
1.699903222237832069e+09
1.699903223636282921e+09
1.699903225012856960e+09
1.699903226389976025e+09
1.699903227769701004e+09
1.699903229152297020e+09
1.699903230535491943e+09
1.699903231919688940e+09
1.699903233302201033e+09
1.699903234678713083e+09
1.699903236060657024e+09
1.699903237446280956e+09
1.699903238830029011e+09
1.699903240215429068e+09
1.699903241598560095e+09
1.699903242982465982e+09
1.699903244363589048e+09
1.699903245742670059e+09
1.699903247133424997e+09
1.699903248522995949e+09
1.699903249911601067e+09
1.699903251291781902e+09
1.699903252669105053e+09
1.699903254053467989e+09
1.699903255447036982e+09
1.699903256831048012e+09
1.699903258203603029e+09
1.699903259591027975e+09
1.699903260973526001e+09
1.699903262351799965e+09
1.699903263734833002e+09
1.699903265113006115e+09
1.699903266495449066e+09
1.699903267876199007e+09
1.699903269252973080e+09
1.699903270634062052e+09
1.699903272016604900e+09
1.699903273396866083e+09
1.699903274777101994e+09
1.699903276153713942e+09
1.699903277539371967e+09
1.699903278914670944e+09
1.699903280298567057e+09
1.699903281682410002e+09
1.699903283065880060e+09
1.699903284444269896e+09
1.699903285827893019e+09
1.699903287211035013e+09
1.699903288591912985e+09
1.699903289969942093e+09
1.699903291354866982e+09
1.699903292730679035e+09
1.699903294108628035e+09
1.699903295496819019e+09
1.699903296881247997e+09
1.699903298255703926e+09
1.699903299637974024e+09
1.699903301017218113e+09
1.699903302400940895e+09
1.699903303793729067e+09
1.699903305201131105e+09
1.699903306581442118e+09
1.699903307971674919e+09
1.699903309367350101e+09
1.699903310754967928e+09
1.699903312141834974e+09
1.699903313524350882e+09
1.699903314907296896e+09
1.699903316282953978e+09
1.699903317660398960e+09
1.699903319050159931e+09
1.699903320455965042e+09
1.699903321836637974e+09
1.699903323215163946e+09
1.699903324599333048e+09
1.699903325981003046e+09
1.699903327357630014e+09
1.699903328745662928e+09
1.699903330126584053e+09
1.699903331508889914e+09
1.699903332886307955e+09
1.699903334264714003e+09
1.699903335641979933e+09
1.699903337024878025e+09
1.699903338405792952e+09
1.699903339793773890e+09
1.699903341198123932e+09
1.699903342589521885e+09
1.699903343972970963e+09
1.699903345355436087e+09
1.699903346735784054e+09
1.699903348118855000e+09
1.699903349499206066e+09
1.699903350878642082e+09
1.699903352260159016e+09
1.699903353634260893e+09
1.699903355017702103e+09
1.699903356401609898e+09
1.699903357782762051e+09
1.699903359163188934e+09
1.699903360543653965e+09
1.699903361935072899e+09
1.699903363322523117e+09
1.699903364706115007e+09
1.699903366090822935e+09
1.699903367488821983e+09
1.699903368870141029e+09
1.699903370250660896e+09
1.699903371633816957e+09
1.699903373014031887e+09
1.699903374398649931e+09
1.699903375783273935e+09
1.699903377159775972e+09
1.699903378538090944e+09
1.699903379923089027e+09
1.699903381299560070e+09
1.699903382682482004e+09
1.699903384061887980e+09
1.699903385448740005e+09
1.699903386830672026e+09
1.699903388209739923e+09
1.699903389590110064e+09
1.699903390985431910e+09
1.699903392378787041e+09
1.699903393759705067e+09
1.699903395127427101e+09
1.699903396510102987e+09
1.699903397898243904e+09
1.699903399290895939e+09
1.699903400687869072e+09
1.699903402065973043e+09
1.699903403446962118e+09
1.699903404835551977e+09
1.699903406219918966e+09
1.699903407604558945e+09
1.699903408994280100e+09
1.699903410383147955e+09
1.699903411768884897e+09
1.699903413152991056e+09
1.699903414535023928e+09
1.699903415919225931e+09
1.699903417301047087e+09
1.699903418681819916e+09
1.699903420076881886e+09
1.699903421473877907e+09
1.699903422871918917e+09
1.699903424260478020e+09
1.699903425651130915e+09
1.699903427036448956e+09
1.699903428416275978e+09
1.699903429800581932e+09
1.699903431179246902e+09
1.699903432565269947e+09
1.699903433948331118e+09
1.699903435334327936e+09
1.699903436737482071e+09
1.699903438113966942e+09
1.699903439498603106e+09
1.699903440881401062e+09
1.699903442263268948e+09
1.699903443649964094e+09
1.699903445032701969e+09
1.699903446413094044e+09
1.699903447799972057e+09
1.699903449200177908e+09
1.699903450584610939e+09
1.699903451971618891e+09
1.699903453359524965e+09
1.699903454740570068e+09
1.699903456129853010e+09
1.699903457515330076e+09
1.699903458902657986e+09
1.699903460286295891e+09
1.699903461684365034e+09
1.699903463074018002e+09
1.699903464454677105e+09
1.699903465831885099e+09
1.699903467216120958e+09
1.699903468588788986e+09
1.699903469984096050e+09
1.699903471392184973e+09
1.699903472782396078e+09
1.699903474167524099e+09
1.699903475542419910e+09
1.699903476928867102e+09
1.699903478305310965e+09
1.699903479685059071e+09
1.699903481062684059e+09
1.699903482446283102e+09
1.699903483831629038e+09
1.699903485217169046e+09
1.699903486601305962e+09
1.699903487996180058e+09
1.699903489401029110e+09
1.699903490783258915e+09
1.699903492161849022e+09
1.699903493551162958e+09
1.699903494950721025e+09
1.699903496332561970e+09
1.699903497703480959e+09
1.699903499086838961e+09
1.699903500469075918e+09
1.699903501852310896e+09
1.699903503237024069e+09
1.699903504618571997e+09
1.699903506001559973e+09
1.699903507380796909e+09
1.699903508757551908e+09
1.699903510148672104e+09
1.699903511531348944e+09
1.699903512914980888e+09
1.699903514299242973e+09
1.699903515687791109e+09
1.699903517079016924e+09
1.699903518457624912e+09
1.699903519835141897e+09
1.699903521214397907e+09
1.699903522604659081e+09
1.699903523993668079e+09
1.699903525380337954e+09
1.699903526771728039e+09
1.699903528157841921e+09
1.699903529539902925e+09
1.699903530927215099e+09
1.699903532310976982e+09
1.699903533689394951e+09
1.699903535072310925e+09
1.699903536449388027e+09
1.699903537830383062e+09
1.699903539216761112e+09
1.699903540595652103e+09
1.699903541986944914e+09
1.699903543369234085e+09
1.699903544751722097e+09
1.699903546138569117e+09
1.699903547520215988e+09
1.699903548907083035e+09
1.699903550297534943e+09
1.699903551676830053e+09
1.699903553061599016e+09
1.699903554447432995e+09
1.699903555826843977e+09
1.699903557206825972e+09
1.699903558588742018e+09
1.699903559972822905e+09
1.699903561359191895e+09
1.699903562757055044e+09
1.699903564147321939e+09
1.699903565532296896e+09
1.699903566915483952e+09
1.699903568299881935e+09
1.699903569685024977e+09
1.699903571068799973e+09
1.699903572451811075e+09
1.699903573824827909e+09
1.699903575203068972e+09
1.699903576577704906e+09
1.699903577960303068e+09
1.699903579343688965e+09
1.699903580725800037e+09
1.699903582111012936e+09
1.699903583493361950e+09
1.699903584872287035e+09
1.699903586250293016e+09
1.699903587636360884e+09
1.699903589016855001e+09
1.699903590394088984e+09
1.699903591772861004e+09
1.699903593152749062e+09
1.699903594548248053e+09
1.699903595949039936e+09
1.699903597330723047e+09
1.699903598716758966e+09
1.699903600092607975e+09
1.699903601480859041e+09
1.699903602869110107e+09
1.699903604253180981e+09
1.699903605638216019e+09
1.699903607018254042e+09
1.699903608400789976e+09
1.699903609783320904e+09
1.699903611171169043e+09
1.699903612555471897e+09
1.699903613934508085e+09
1.699903615325105906e+09
1.699903616707139015e+09
1.699903618086632013e+09
1.699903619473237038e+09
1.699903620858028889e+09
1.699903622237080097e+09
1.699903623625858068e+09
1.699903625024959087e+09
1.699903626423877954e+09
1.699903627808661938e+09
1.699903629191710949e+09
1.699903630574767113e+09
1.699903631966599941e+09
1.699903633362555981e+09
1.699903634761188984e+09
1.699903636148960114e+09
1.699903637532187939e+09
1.699903638920401096e+09
1.699903640304636002e+09
1.699903641688108921e+09
1.699903643071031094e+09
1.699903644455566883e+09
1.699903645843381882e+09
1.699903647224735022e+09
1.699903648606528997e+09
1.699903649984692097e+09
1.699903651378909111e+09
1.699903652756488085e+09
1.699903654138973951e+09
1.699903655522466898e+09
1.699903656900079012e+09
1.699903658278902054e+09
1.699903659660259008e+09
1.699903661042627096e+09
1.699903662432882071e+09
1.699903663829812050e+09
1.699903665205957890e+09
1.699903666588790894e+09
1.699903667966994047e+09
1.699903669347886086e+09
1.699903670725917101e+09
1.699903672111352921e+09
1.699903673504355907e+09
1.699903674915035963e+09
1.699903676295614004e+09
1.699903677680856943e+09
1.699903679060050011e+09
1.699903680440762043e+09
1.699903681817101955e+09
1.699903683213542938e+09
1.699903684613183022e+09
1.699903685995117903e+09
1.699903687374624968e+09
1.699903688759347916e+09
1.699903690145754099e+09
1.699903691527435064e+09
1.699903692911324024e+09
1.699903694293592930e+09
1.699903695673162937e+09
1.699903697050765038e+09
1.699903698432800055e+09
1.699903699814583063e+09
1.699903701193661928e+09
1.699903702572838068e+09
1.699903703974944115e+09
1.699903705390223980e+09
1.699903706789041996e+09
1.699903708168227911e+09
1.699903709546267033e+09
1.699903710933104038e+09
1.699903712315875053e+09
1.699903713705387115e+09
1.699903715116293907e+09
1.699903716517508984e+09
1.699903717897298098e+09
1.699903719280983925e+09
1.699903720662813902e+09
1.699903722044084072e+09
1.699903723423516989e+09
1.699903724802154064e+09
1.699903726177659035e+09
1.699903727556689978e+09
1.699903728939160109e+09
1.699903730321686983e+09
1.699903731700366974e+09
1.699903733076672077e+09
1.699903734460289955e+09
1.699903735835335016e+09
1.699903737210992098e+09
1.699903738591811895e+09
1.699903739978184938e+09
1.699903741377037048e+09
1.699903742783732891e+09
1.699903744164938927e+09
1.699903745556427002e+09
1.699903746967097044e+09
1.699903748375319004e+09
1.699903749761872053e+09
1.699903751148680925e+09
1.699903752530049086e+09
1.699903753915052891e+09
1.699903755307317019e+09
1.699903756709496975e+09
1.699903758097299099e+09
1.699903759482858896e+09
1.699903760867269039e+09
1.699903762253309011e+09
1.699903763637101889e+09
1.699903765019745111e+09
1.699903766405767918e+09
1.699903767784265041e+09
1.699903769103982925e+09
1.699903770407968998e+09
1.699903771710799932e+09
1.699903773012639046e+09
1.699903774391170979e+09
1.699903775781817913e+09
1.699903777183345079e+09
1.699903778565875053e+09
1.699903779952382088e+09
1.699903781334477901e+09
1.699903782715569019e+09
1.699903784100303888e+09
1.699903785491518974e+09
1.699903786875931978e+09
1.699903788255191088e+09
1.699903789640662909e+09
1.699903791028580904e+09
1.699903792417088032e+09
1.699903793809250116e+09
1.699903795195744991e+09
1.699903796572977066e+09
1.699903797961054087e+09
1.699903799347536087e+09
1.699903800728740931e+09
1.699903802107451916e+09
1.699903803489708900e+09
1.699903804863363981e+09
1.699903806255034924e+09
1.699903807648111105e+09
1.699903809024879932e+09
1.699903810404344082e+09
1.699903811781610966e+09
1.699903813164278030e+09
1.699903814543422937e+09
1.699903815926351070e+09
1.699903817309804916e+09
1.699903818697680950e+09
1.699903820076591969e+09
1.699903821460612059e+09
1.699903822839674950e+09
1.699903824213852882e+09
1.699903825594321966e+09
1.699903826976346016e+09
1.699903828359582901e+09
1.699903829737468004e+09
1.699903831119417906e+09
1.699903832502032042e+09
1.699903833877037048e+09
1.699903835255394936e+09
1.699903836635438919e+09
1.699903838017318964e+09
1.699903839399322987e+09
1.699903840775274992e+09
1.699903842158092976e+09
1.699903843541022062e+09
1.699903844930779934e+09
1.699903846312366962e+09
1.699903847702755928e+09
1.699903849086257935e+09
1.699903850472054005e+09
1.699903851851908922e+09
1.699903853229242086e+09
1.699903854607630968e+09
1.699903855987343073e+09
1.699903857364918947e+09
1.699903858745722055e+09
1.699903860127866983e+09
1.699903861516984940e+09
1.699903862893285990e+09
1.699903864270211935e+09
1.699903865651422977e+09
1.699903867043132067e+09
1.699903868451715946e+09
1.699903869833184958e+09
1.699903871215881109e+09
1.699903872602679014e+09
1.699903873990988016e+09
1.699903875369394064e+09
1.699903876751117945e+09
1.699903878131386042e+09
1.699903879514988899e+09
1.699903880896342039e+09
1.699903882277592897e+09
1.699903883658925056e+09
1.699903885036530972e+09
1.699903886425038099e+09
1.699903887809367895e+09
1.699903889189080954e+09
1.699903890578854084e+09
1.699903891966114998e+09
1.699903893338150978e+09
1.699903894721086979e+09
1.699903896109014988e+09
1.699903897524436951e+09
1.699903898942950010e+09
1.699903900342870951e+09
1.699903901724447966e+09
1.699903903102168083e+09
1.699903904480406046e+09
1.699903905875900984e+09
1.699903907259351015e+09
1.699903908641388893e+09
1.699903910019520998e+09
1.699903911402686119e+09
1.699903912786912918e+09
1.699903914163261890e+09
1.699903915545402050e+09
1.699903916924094915e+09
1.699903918315285921e+09
1.699903919695981979e+09
1.699903921078037024e+09
1.699903922457489014e+09
1.699903923838687897e+09
1.699903925217652082e+09
1.699903926598867893e+09
1.699903927983333111e+09
1.699903929367335081e+09
1.699903930751674891e+09
1.699903932140501022e+09
1.699903933519299030e+09
1.699903934903187990e+09
1.699903936285600901e+09
1.699903937667532921e+09
1.699903939050827980e+09
1.699903940435657024e+09
1.699903941818749905e+09
1.699903943197366953e+09
1.699903944592330933e+09
1.699903945979172945e+09
1.699903947359605074e+09
1.699903948736654997e+09
1.699903950118010044e+09
1.699903951499321938e+09
1.699903952873016119e+09
1.699903954261472940e+09
1.699903955659926891e+09
1.699903957039489031e+09
1.699903958423829079e+09
1.699903959808408976e+09
1.699903961190882921e+09
1.699903962578762054e+09
1.699903963979317904e+09
1.699903965356955051e+09
1.699903966739532948e+09
1.699903968123404026e+09
1.699903969501260042e+09
1.699903970887603045e+09
1.699903972266172886e+09
1.699903973650018930e+09
1.699903975032231092e+09
1.699903976410413980e+09
1.699903977710058928e+09
1.699903979010744095e+09
1.699903980310419083e+09
1.699903981625010967e+09
1.699903983007534981e+09
1.699903984392954111e+09
1.699903985770294905e+09
1.699903987150062084e+09
1.699903988547636986e+09
1.699903989933959961e+09
1.699903991324909925e+09
1.699903992721069098e+09
1.699903994103403091e+09
1.699903995497621059e+09
1.699903996886919022e+09
1.699903998266823053e+09
1.699903999650067091e+09
1.699904001024904013e+09
1.699904002404629946e+09
1.699904003786803007e+09
1.699904005172935963e+09
1.699904006571408987e+09
1.699904007962363958e+09
1.699904009361459017e+09
1.699904010749077082e+09
1.699904012138871908e+09
1.699904013521095991e+09
1.699904014904465914e+09
1.699904016288840055e+09
1.699904017671808958e+09
1.699904019058509111e+09
1.699904020440684080e+09
1.699904021819374084e+09
1.699904023211400032e+09
1.699904024628546000e+09
1.699904026025887012e+09
1.699904027428658962e+09
1.699904028830930948e+09
1.699904030215233088e+09
1.699904031589509964e+09
1.699904032982799053e+09
1.699904034392529011e+09
1.699904035776262045e+09
1.699904037153251886e+09
1.699904038537697077e+09
1.699904039919307947e+09
1.699904041297049999e+09
1.699904042693010092e+09
1.699904044021159887e+09
1.699904045321770906e+09
1.699904046621090889e+09
1.699904047920361042e+09
1.699904049285661936e+09
1.699904050663646936e+09
1.699904052040657997e+09
1.699904053418242931e+09
1.699904054807895899e+09
1.699904056186537027e+09
1.699904057565346956e+09
1.699904058948945045e+09
1.699904060330668926e+09
1.699904061709822893e+09
1.699904063089499950e+09
1.699904064475234985e+09
1.699904065863684893e+09
1.699904067265111923e+09
1.699904068639306068e+09
1.699904070022955894e+09
1.699904071411705017e+09
1.699904072823750019e+09
1.699904074227771997e+09
1.699904075641746998e+09
1.699904077040967941e+09
1.699904078426218987e+09
1.699904079807657003e+09
1.699904081185431004e+09
1.699904082569468975e+09
1.699904083947386026e+09
1.699904085331820011e+09
1.699904086717152119e+09
1.699904088107564926e+09
1.699904089509700060e+09
1.699904090902348042e+09
1.699904092295053959e+09
1.699904093694945097e+09
1.699904095071151972e+09
1.699904096452069044e+09
1.699904097847541094e+09
1.699904099244335890e+09
1.699904100630932093e+09
1.699904102008903980e+09
1.699904103388415098e+09
1.699904104782290936e+09
1.699904106184556007e+09
1.699904107565560102e+09
1.699904108945893049e+09
1.699904110327295065e+09
1.699904111713538885e+09
1.699904113099909067e+09
1.699904114482003927e+09
1.699904115864814043e+09
1.699904117251872063e+09
1.699904118643836021e+09
1.699904120031399965e+09
1.699904121419612885e+09
1.699904122809673071e+09
1.699904124208354950e+09
1.699904125592719078e+09
1.699904126968995094e+09
1.699904128355782032e+09
1.699904129731585026e+09
1.699904131127847910e+09
1.699904132531604052e+09
1.699904133908495903e+09
1.699904135290738106e+09
1.699904136667669058e+09
1.699904138059680939e+09
1.699904139449641943e+09
1.699904140833117962e+09
1.699904142214210987e+09
1.699904143601664066e+09
1.699904144979098082e+09
1.699904146363396883e+09
1.699904147741420984e+09
1.699904149120326042e+09
1.699904150498172998e+09
1.699904151885668039e+09
1.699904153283689976e+09
1.699904154673309088e+09
1.699904156064151049e+09
1.699904157378648043e+09
1.699904158684180021e+09
1.699904159989528894e+09
1.699904161295984030e+09
1.699904162678080082e+09
1.699904164062211990e+09
1.699904165446255922e+09
1.699904166826566935e+09
1.699904168209202051e+09
1.699904169600357056e+09
1.699904171011622906e+09
1.699904172417515039e+09
1.699904173816807985e+09
1.699904175202915907e+09
1.699904176599318027e+09
1.699904177998851061e+09
1.699904179385231018e+09
1.699904180773920059e+09
1.699904182169725895e+09
1.699904183578555107e+09
1.699904184966012001e+09
1.699904186348347902e+09
1.699904187731082916e+09
1.699904189117759943e+09
1.699904190499118090e+09
1.699904191896183014e+09
1.699904193292824984e+09
1.699904194685518980e+09
1.699904196076656103e+09
1.699904197465795994e+09
1.699904198853645086e+09
1.699904200240879059e+09
1.699904201626029015e+09
1.699904203009258986e+09
1.699904204394606113e+09
1.699904205782131910e+09
1.699904207171833992e+09
1.699904208562068939e+09
1.699904209967252970e+09
1.699904211345937967e+09
1.699904212725248098e+09
1.699904214109812021e+09
1.699904215500710964e+09
1.699904216883599997e+09
1.699904218267663002e+09
1.699904219648597002e+09
1.699904221031200886e+09
1.699904222428350925e+09
1.699904223823559999e+09
1.699904225202991962e+09
1.699904226584889889e+09
1.699904227985482931e+09
1.699904229379765987e+09
1.699904230771545887e+09
1.699904232172830105e+09
1.699904233556835890e+09
1.699904234940479994e+09
1.699904236318265915e+09
1.699904237700269938e+09
1.699904239086025953e+09
1.699904240469338894e+09
1.699904241852492094e+09
1.699904243238279104e+09
1.699904244622287989e+09
1.699904246002199888e+09
1.699904247380774021e+09
1.699904248764318943e+09
1.699904250150208950e+09
1.699904251527228117e+09
1.699904252908519983e+09
1.699904254294061899e+09
1.699904255671895981e+09
1.699904257051331997e+09
1.699904258433948040e+09
1.699904259820609093e+09
1.699904261224102974e+09
1.699904262605660915e+09
1.699904263985125065e+09
1.699904265365075111e+09
1.699904266744184971e+09
1.699904268124855042e+09
1.699904269505462885e+09
1.699904270889324903e+09
1.699904272268315077e+09
1.699904273655630112e+09
1.699904275038861990e+09
1.699904276414153099e+09
1.699904277795617104e+09
1.699904279175234079e+09
1.699904280557507038e+09
1.699904281935899973e+09
1.699904283319339037e+09
1.699904284703476906e+09
1.699904286087162018e+09
1.699904287473378897e+09
1.699904288852705002e+09
1.699904290233544111e+09
1.699904291624324083e+09
1.699904293009393930e+09
1.699904294391624928e+09
1.699904295775506020e+09
1.699904297157500982e+09
1.699904298539469004e+09
1.699904299921216965e+09
1.699904301307640076e+09
1.699904302693134069e+09
1.699904304072505951e+09
1.699904305457113028e+09
1.699904306837090969e+09
1.699904308213531017e+09
1.699904309596774101e+09
1.699904310976890087e+09
1.699904312355756044e+09
1.699904313736963034e+09
1.699904315122257948e+09
1.699904316512307882e+09
1.699904317906796932e+09
1.699904319296853065e+09
1.699904320680932045e+09
1.699904322057750940e+09
1.699904323441091061e+09
1.699904324821563959e+09
1.699904326210947990e+09
1.699904327599750996e+09
1.699904328980153084e+09
1.699904330363091946e+09
1.699904331748717070e+09
1.699904333124985933e+09
1.699904334508622885e+09
1.699904335885581970e+09
1.699904337267254114e+09
1.699904338652203083e+09
1.699904340030714035e+09
1.699904341416240931e+09
1.699904342807677031e+09
1.699904344189129114e+09
1.699904345568835020e+09
1.699904346949026108e+09
1.699904348332967997e+09
1.699904349714857101e+09
1.699904351098138094e+09
1.699904352476830959e+09
1.699904353852386951e+09
1.699904355234792948e+09
1.699904356615289927e+09
1.699904357993532896e+09
1.699904359384181023e+09
1.699904360763019085e+09
1.699904362152775049e+09
1.699904363541902065e+09
1.699904364939524889e+09
1.699904366322901964e+09
1.699904367702263117e+09
1.699904369079468012e+09
1.699904370464468002e+09
1.699904371849030018e+09
1.699904373238456964e+09
1.699904374623543024e+09
1.699904376007087946e+09
1.699904377395333052e+09
1.699904378777127981e+09
1.699904380154989004e+09
1.699904381542578936e+09
1.699904382921791077e+09
1.699904384303368092e+09
1.699904385691004992e+09
1.699904387075757980e+09
1.699904388478534937e+09
1.699904389870737076e+09
1.699904391251728058e+09
1.699904392639028072e+09
1.699904394023480892e+09
1.699904395402827978e+09
1.699904396787077904e+09
1.699904398180931091e+09
1.699904399572307110e+09
1.699904400960819960e+09
1.699904402351306915e+09
1.699904403762785912e+09
1.699904405157130957e+09
1.699904406540654898e+09
1.699904407921041012e+09
1.699904409311305046e+09
1.699904410692121983e+09
1.699904412072957039e+09
1.699904413454562902e+09
1.699904414831213951e+09
1.699904416212970972e+09
1.699904417595670938e+09
1.699904418975723982e+09
1.699904420356818914e+09
1.699904421736592054e+09
1.699904423121052027e+09
1.699904424504688978e+09
1.699904425893263102e+09
1.699904427296312094e+09
1.699904428684561014e+09
1.699904430070899010e+09
1.699904431453929901e+09
1.699904432842044115e+09
1.699904434228961945e+09
1.699904435609236002e+09
1.699904436987781048e+09
1.699904438368573904e+09
1.699904439748424053e+09
1.699904441132920027e+09
1.699904442513762951e+09
1.699904443903080940e+09
1.699904445287209988e+09
1.699904446663865089e+09
1.699904448050740004e+09
1.699904449434379101e+09
1.699904450821434021e+09
1.699904452202235937e+09
1.699904453598593950e+09
1.699904454990900040e+09
1.699904456365379095e+09
1.699904457749433994e+09
1.699904459131364107e+09
1.699904460522114038e+09
1.699904461902234077e+09
1.699904463279407024e+09
1.699904464667341948e+09
1.699904466047518969e+09
1.699904467429105997e+09
1.699904468808326960e+09
1.699904470195265055e+09
1.699904471579557896e+09
1.699904472957539082e+09
1.699904474340717077e+09
1.699904475718348980e+09
1.699904477099443913e+09
1.699904478486725092e+09
1.699904479872684002e+09
1.699904481255589008e+09
1.699904482637125969e+09
1.699904484030658960e+09
1.699904485426080942e+09
1.699904486809267998e+09
1.699904488206650019e+09
1.699904489603442907e+09
1.699904490986855030e+09
1.699904492378482103e+09
1.699904493758569002e+09
1.699904495147583008e+09
1.699904496527584076e+09
1.699904497902313948e+09
1.699904499287895918e+09
1.699904500671859026e+09
1.699904502050482035e+09
1.699904503442889929e+09
1.699904504843274117e+09
1.699904506225311995e+09
1.699904507615492105e+09
1.699904509012176037e+09
1.699904510416198015e+09
1.699904511812977076e+09
1.699904513197757006e+09
1.699904514577931881e+09
1.699904515962435007e+09
1.699904517345160007e+09
1.699904518728379011e+09
1.699904520104506969e+09
1.699904521486721039e+09
1.699904522876224995e+09
1.699904524265292883e+09
1.699904525645401001e+09
1.699904527025556087e+09
1.699904528407625914e+09
1.699904529803060055e+09
1.699904531197443008e+09
1.699904532572457075e+09
1.699904533953876019e+09
1.699904535330317974e+09
1.699904536725234985e+09
1.699904538112421989e+09
1.699904539505863905e+09
1.699904540898216963e+09
1.699904542285064936e+09
1.699904543664526939e+09
1.699904545048460960e+09
1.699904546432243109e+09
1.699904547809850931e+09
1.699904549191770077e+09
1.699904550573338985e+09
1.699904551953454018e+09
1.699904553321314096e+09
1.699904554624631882e+09
1.699904555925489902e+09
1.699904557225600004e+09
1.699904558567532063e+09
1.699904559956396103e+09
1.699904561339956999e+09
1.699904562723095894e+09
1.699904564105709076e+09
1.699904565483648062e+09
1.699904566872733116e+09
1.699904568265696049e+09
1.699904569646724939e+09
1.699904571032288074e+09
1.699904572421103954e+09
1.699904573814467907e+09
1.699904575214257002e+09
1.699904576598550081e+09
1.699904577898212910e+09
1.699904579198010921e+09
1.699904580500080109e+09
1.699904581834331036e+09
1.699904583222876072e+09
1.699904584606026888e+09
1.699904585992904902e+09
1.699904587368660927e+09
1.699904588758133888e+09
1.699904590141623020e+09
1.699904591525892973e+09
1.699904592915008068e+09
1.699904594308444023e+09
1.699904595702601910e+09
1.699904597080466032e+09
1.699904598457963943e+09
1.699904599837132931e+09
1.699904601217019081e+09
1.699904602596245050e+09
1.699904603993453026e+09
1.699904605393167973e+09
1.699904606776940107e+09
1.699904608158751965e+09
1.699904609537810087e+09
1.699904610915056944e+09
1.699904612291595936e+09
1.699904613675296068e+09
1.699904615064507961e+09
1.699904616459748030e+09
1.699904617841418028e+09
1.699904619224838018e+09
1.699904620611257076e+09
1.699904622002923965e+09
1.699904623389822960e+09
1.699904624781936884e+09
1.699904626175175905e+09
1.699904627560554028e+09
1.699904628949028015e+09
1.699904630326339960e+09
1.699904631706217051e+09
1.699904633099831104e+09
1.699904634503004074e+09
1.699904635883604050e+09
1.699904637268598080e+09
1.699904638653742075e+09
1.699904640033971071e+09
1.699904641408611059e+09
1.699904642793739080e+09
1.699904644186459064e+09
1.699904645585102081e+09
1.699904646964222908e+09
1.699904648352893114e+09
1.699904649734035015e+09
1.699904651116405010e+09
1.699904652499099016e+09
1.699904653876559973e+09
1.699904655259793043e+09
1.699904656639308929e+09
1.699904658019767046e+09
1.699904659399897099e+09
1.699904660787971020e+09
1.699904662173090935e+09
1.699904663559809923e+09
1.699904664941083908e+09
1.699904666324486971e+09
1.699904667703794003e+09
1.699904669087600946e+09
1.699904670489283085e+09
1.699904671870152950e+09
1.699904673246877909e+09
1.699904674629802942e+09
1.699904676011913061e+09
1.699904677395203114e+09
1.699904678776102066e+09
1.699904680158278942e+09
