1.710520290710179090e+09
1.710520292263364077e+09
1.710520293770638943e+09
1.710520295254722118e+09
1.710520296738955021e+09
1.710520298222723961e+09
1.710520299707324982e+09
1.710520301214005947e+09
1.710520302697989941e+09
1.710520304182490110e+09
1.710520305666637897e+09
1.710520307152131081e+09
1.710520308635574102e+09
1.710520310120661020e+09
1.710520311627526999e+09
1.710520313111854076e+09
1.710520314596086025e+09
1.710520316080137014e+09
1.710520317564479113e+09
1.710520319049024105e+09
1.710520320533886909e+09
1.710520322040532112e+09
1.710520323524703026e+09
1.710520325008949041e+09
1.710520326493211031e+09
1.710520327977741003e+09
1.710520329461847067e+09
1.710520330946556091e+09
1.710520332476603031e+09
1.710520333983748913e+09
1.710520335467896938e+09
1.710520336951883078e+09
1.710520338436064005e+09
1.710520339920133114e+09
1.710520341405225992e+09
1.710520342911326885e+09
1.710520344396553040e+09
1.710520345880037069e+09
1.710520347364550114e+09
1.710520348848537922e+09
1.710520350332753897e+09
1.710520351817990065e+09
1.710520353324043989e+09
1.710520354808281898e+09
1.710520356292749882e+09
1.710520357777038097e+09
1.710520359261255026e+09
1.710520360745532990e+09
1.710520362230519056e+09
1.710520363737325907e+09
1.710520365220865965e+09
1.710520366704930067e+09
1.710520368189416885e+09
1.710520369673628092e+09
1.710520371181122065e+09
1.710520372666398048e+09
1.710520374173060894e+09
1.710520375657222986e+09
1.710520377141519070e+09
1.710520378628233910e+09
1.710520380109906912e+09
1.710520381617115021e+09
1.710520383101982117e+09
1.710520384608261108e+09
1.710520386092433929e+09
1.710520387576446056e+09
1.710520389060594082e+09
1.710520390544575930e+09
1.710520392028660059e+09
1.710520393514379025e+09
1.710520395019376993e+09
1.710520396503134966e+09
1.710520397987042904e+09
1.710520399470921993e+09
1.710520400954988956e+09
1.710520402439100981e+09
1.710520403924163103e+09
1.710520405430490971e+09
1.710520406914246082e+09
1.710520408398268938e+09
1.710520409882267952e+09
1.710520411366393089e+09
1.710520412850524902e+09
1.710520414334539890e+09
1.710520415841620922e+09
1.710520417325939894e+09
1.710520418810340881e+09
1.710520420294703007e+09
1.710520421778920889e+09
1.710520423286326885e+09
1.710520424771198988e+09
1.710520426279294014e+09
1.710520427762002945e+09
1.710520429246448994e+09
1.710520430730825901e+09
1.710520432215432882e+09
1.710520433699745893e+09
1.710520435185445070e+09
1.710520436691797018e+09
1.710520438178634882e+09
1.710520439660969973e+09
1.710520441145333052e+09
1.710520442629738092e+09
1.710520444115291119e+09
1.710520445599149942e+09
1.710520447105231047e+09
1.710520448590171099e+09
1.710520450074178934e+09
1.710520451558346033e+09
1.710520453065789938e+09
1.710520454550201893e+09
1.710520456035078049e+09
1.710520457541584015e+09
1.710520459025899887e+09
1.710520460510231972e+09
1.710520461994368076e+09
1.710520463478529930e+09
1.710520464962563038e+09
1.710520466447685957e+09
1.710520467954133987e+09
1.710520469438071966e+09
1.710520470922081947e+09
1.710520472406209946e+09
1.710520473890326023e+09
1.710520475374280930e+09
1.710520476859513998e+09
1.710520478365564108e+09
1.710520479849679947e+09
1.710520481334026098e+09
1.710520482817715883e+09
1.710520484301721096e+09
1.710520485785686970e+09
1.710520487271225929e+09
1.710520488777961969e+09
1.710520490262021065e+09
1.710520491746099949e+09
1.710520493230233908e+09
1.710520494714118004e+09
1.710520496198318958e+09
1.710520497682801962e+09
1.710520499189250946e+09
1.710520500673194885e+09
1.710520502157160044e+09
1.710520503641211987e+09
1.710520505125308990e+09
1.710520506632792950e+09
1.710520508117732048e+09
1.710520509623879910e+09
1.710520511107955933e+09
1.710520512591968060e+09
1.710520514076008081e+09
1.710520515560053110e+09
1.710520517044464111e+09
1.710520518528544903e+09
1.710520520034759998e+09
1.710520521518759012e+09
1.710520523005754948e+09
1.710520524486920118e+09
1.710520525970985889e+09
1.710520527455060005e+09
1.710520528940073013e+09
1.710520530446310997e+09
1.710520531930577040e+09
1.710520533414964914e+09
1.710520534899071932e+09
1.710520536383435011e+09
1.710520537867750883e+09
1.710520539353060007e+09
1.710520540859509945e+09
1.710520542343965054e+09
1.710520543828857899e+09
1.710520545312683105e+09
1.710520546798074961e+09
1.710520548306001902e+09
1.710520549792171955e+09
1.710520551299185038e+09
1.710520552784024000e+09
1.710520554269093037e+09
1.710520555753997087e+09
1.710520557239068985e+09
1.710520558723778963e+09
1.710520560209796906e+09
1.710520561717401028e+09
1.710520563202238083e+09
1.710520564687553883e+09
1.710520566172931910e+09
1.710520567657666922e+09
1.710520569142554045e+09
1.710520570627783060e+09
1.710520572134834051e+09
1.710520573619358063e+09
1.710520575104085922e+09
1.710520576588970900e+09
1.710520578074011087e+09
1.710520579558469057e+09
1.710520581044186115e+09
1.710520582551284075e+09
1.710520584035974026e+09
1.710520585520759106e+09
1.710520587005461931e+09
1.710520588490091085e+09
1.710520589974632978e+09
1.710520591460485935e+09
1.710520592967763901e+09
1.710520594475862980e+09
1.710520595961005926e+09
1.710520597445533991e+09
1.710520598930429935e+09
1.710520600415162086e+09
1.710520601900985956e+09
1.710520603407885075e+09
1.710520604892540932e+09
1.710520606377262115e+09
1.710520607861761093e+09
1.710520609346515894e+09
1.710520610854007959e+09
1.710520612339859009e+09
1.710520613846604109e+09
1.710520615331326008e+09
1.710520616815927029e+09
1.710520618323806047e+09
1.710520619808685064e+09
1.710520621293430090e+09
1.710520622802207947e+09
1.710520624309259892e+09
1.710520625797097921e+09
1.710520627278959036e+09
1.710520628763812065e+09
1.710520630248936892e+09
1.710520631734019041e+09
1.710520633219813108e+09
1.710520634726939917e+09
1.710520636211909056e+09
1.710520637697133064e+09
1.710520639181894064e+09
1.710520640666850090e+09
1.710520642174659967e+09
1.710520643660979033e+09
1.710520645167361975e+09
1.710520646651655912e+09
1.710520648135657072e+09
1.710520649643342972e+09
1.710520651127652884e+09
1.710520652611682892e+09
1.710520654096738100e+09
1.710520655603739977e+09
1.710520657087873936e+09
1.710520658571928024e+09
1.710520660056602001e+09
1.710520661540245056e+09
1.710520663024370909e+09
1.710520664511168957e+09
1.710520666039280891e+09
1.710520667523076057e+09
1.710520669007313013e+09
1.710520670491524935e+09
1.710520671975691080e+09
1.710520673459794998e+09
1.710520674945132017e+09
1.710520676451608896e+09
1.710520677935621023e+09
1.710520679419604063e+09
1.710520680903918028e+09
1.710520682388012886e+09
1.710520683872606993e+09
1.710520685357544899e+09
1.710520686867084026e+09
1.710520688348411083e+09
1.710520689855678082e+09
1.710520691339735031e+09
1.710520692847045898e+09
1.710520694354381084e+09
1.710520695861717939e+09
1.710520697369117975e+09
1.710520698853501081e+09
1.710520700337795973e+09
1.710520701821794987e+09
1.710520703305954933e+09
1.710520704790286064e+09
1.710520706274645090e+09
1.710520707758925915e+09
1.710520709243374109e+09
1.710520710727691889e+09
1.710520712211666107e+09
1.710520713696412086e+09
1.710520715180655956e+09
1.710520716664926052e+09
1.710520718149373055e+09
1.710520719633466005e+09
1.710520721117877007e+09
1.710520722625029087e+09
1.710520724132195950e+09
1.710520725616226912e+09
1.710520727100743055e+09
1.710520728584597111e+09
1.710520730068526030e+09
1.710520731553010941e+09
1.710520733037353039e+09
1.710520734521672964e+09
1.710520736006304979e+09
1.710520737490381002e+09
1.710520738974438906e+09
1.710520740458622932e+09
1.710520741942774057e+09
1.710520743426687956e+09
1.710520744910826921e+09
1.710520746418309927e+09
1.710520747902144909e+09
1.710520749386316061e+09
1.710520750870445967e+09
1.710520752354670048e+09
1.710520753839193106e+09
1.710520755323230982e+09
1.710520756807221889e+09
1.710520758292618036e+09
1.710520759779501915e+09
1.710520761260727882e+09
1.710520762745028019e+09
1.710520764229480028e+09
1.710520765713675976e+09
1.710520767221575975e+09
1.710520768706177950e+09
1.710520770192573071e+09
1.710520771675363064e+09
1.710520773160016060e+09
1.710520774644514084e+09
1.710520776130415916e+09
1.710520777613281012e+09
1.710520779097404957e+09
1.710520780581769943e+09
1.710520782066874981e+09
1.710520783550483942e+09
1.710520785034832001e+09
1.710520786518970966e+09
1.710520788003264904e+09
1.710520789510618925e+09
1.710520790995234013e+09
1.710520792479129076e+09
1.710520793963145018e+09
1.710520795447438955e+09
1.710520796931480885e+09
1.710520798415647030e+09
1.710520799899776936e+09
1.710520801384222031e+09
1.710520802868057966e+09
1.710520804354336977e+09
1.710520805836241961e+09
1.710520807320585966e+09
1.710520808804709911e+09
1.710520810288885117e+09
1.710520811772820950e+09
1.710520813257230997e+09
1.710520814742661953e+09
1.710520816225178003e+09
1.710520817709239960e+09
1.710520819193598032e+09
1.710520820677736998e+09
1.710520822161868095e+09
1.710520823646253109e+09
1.710520825130703926e+09
1.710520826614630938e+09
1.710520828121947050e+09
1.710520829606657028e+09
1.710520831090751886e+09
1.710520832598697901e+09
1.710520834083125114e+09
1.710520835569910049e+09
1.710520837052222967e+09
1.710520838537036896e+09
1.710520840021445990e+09
1.710520841506215096e+09
1.710520842990499020e+09
1.710520844498203039e+09
1.710520845982388020e+09
1.710520847466851950e+09
1.710520848951061964e+09
1.710520850435549974e+09
1.710520851919614077e+09
1.710520853403939962e+09
1.710520854888194084e+09
1.710520856372602940e+09
1.710520857879889965e+09
1.710520859364253998e+09
1.710520860848762989e+09
1.710520862333901882e+09
1.710520863840420008e+09
1.710520865324819088e+09
1.710520866809061050e+09
1.710520868293365002e+09
1.710520869777556896e+09
1.710520871261739969e+09
1.710520872746927023e+09
1.710520874253976107e+09
1.710520875738177061e+09
1.710520877222824097e+09
1.710520878706923008e+09
1.710520880191194057e+09
1.710520881675398111e+09
1.710520883162985086e+09
1.710520884667234898e+09
1.710520886174375057e+09
1.710520887658801079e+09
1.710520889142816067e+09
1.710520890627070904e+09
1.710520892135061979e+09
1.710520893495207071e+09
