1.710351942441570044e+09
1.710351943925280094e+09
1.710351945416178942e+09
1.710351946941726923e+09
1.710351948541928053e+09
1.710351950165085077e+09
1.710351951764456987e+09
1.710351953364490032e+09
1.710351954964428902e+09
1.710351956564085960e+09
1.710351958164086103e+09
1.710351959764708042e+09
1.710351961364257097e+09
1.710351962987514973e+09
1.710351964587244987e+09
1.710351966186911106e+09
1.710351967786540985e+09
1.710351969409465075e+09
1.710351971008924007e+09
1.710351972608304024e+09
1.710351974232338905e+09
1.710351975806514978e+09
1.710351977290194035e+09
1.710351978773634911e+09
1.710351980304670095e+09
1.710351981905153990e+09
1.710351983504609108e+09
1.710351985056649923e+09
1.710351986540566921e+09
1.710351988024169922e+09
1.710351989532160044e+09
1.710351991132484913e+09
1.710351992732486010e+09
1.710351994332433939e+09
1.710351995932018995e+09
1.710351997532063007e+09
1.710351999131808043e+09
1.710352000731980085e+09
1.710352002331969976e+09
1.710352003931471109e+09
1.710352005536281109e+09
1.710352007130672932e+09
1.710352008730228901e+09
1.710352010330240011e+09
1.710352011929568052e+09
1.710352013529511929e+09
1.710352015128712893e+09
1.710352016728960037e+09
1.710352018328444004e+09
1.710352019928232908e+09
1.710352021528790951e+09
1.710352023129057884e+09
1.710352024729407072e+09
1.710352026329658031e+09
1.710352027930512905e+09
1.710352029530849934e+09
1.710352031130852938e+09
1.710352032730954885e+09
1.710352034332046032e+09
1.710352035932353020e+09
1.710352037533488989e+09
1.710352039133536100e+09
1.710352040734298944e+09
1.710352042334477901e+09
1.710352043935542107e+09
1.710352045536273956e+09
1.710352047137411118e+09
1.710352048738045931e+09
1.710352050338892937e+09
1.710352051939966917e+09
1.710352053540896893e+09
1.710352055141475916e+09
1.710352056742010117e+09
1.710352058343357086e+09
1.710352059944616079e+09
1.710352061545317888e+09
1.710352063146106005e+09
1.710352064747194052e+09
1.710352066347904921e+09
1.710352067948879957e+09
1.710352069549233913e+09
1.710352071152695894e+09
1.710352072752445936e+09
1.710352074352302074e+09
1.710352075953249931e+09
1.710352077554130077e+09
1.710352079154930115e+09
1.710352080756371021e+09
1.710352082356919050e+09
1.710352083957113028e+09
1.710352085557374954e+09
1.710352087158775091e+09
1.710352088759463072e+09
1.710352090360388041e+09
1.710352091961436033e+09
1.710352093562594891e+09
1.710352095167037964e+09
1.710352096765340090e+09
1.710352098366061926e+09
1.710352099967180014e+09
1.710352101568475008e+09
1.710352103169157982e+09
1.710352104769556046e+09
1.710352106375933886e+09
1.710352107970841885e+09
1.710352109571357965e+09
1.710352111172668934e+09
1.710352112773152113e+09
1.710352114374295950e+09
1.710352115975028038e+09
1.710352117578613997e+09
1.710352119176651955e+09
1.710352120777466059e+09
1.710352122377804041e+09
1.710352123978141069e+09
1.710352125578301907e+09
1.710352127179589033e+09
1.710352128779202938e+09
1.710352130380661011e+09
1.710352131979810953e+09
1.710352133603197098e+09
1.710352135204444885e+09
1.710352136803716898e+09
1.710352138403860092e+09
1.710352140003918886e+09
1.710352141603853941e+09
1.710352143204601049e+09
1.710352144804770947e+09
1.710352146404465914e+09
1.710352148004525900e+09
1.710352149604867935e+09
1.710352151204891920e+09
1.710352152805591106e+09
1.710352154405644894e+09
1.710352156004893064e+09
1.710352157604688883e+09
1.710352159204602957e+09
1.710352160804800034e+09
1.710352162405592918e+09
1.710352164005352020e+09
1.710352165604909897e+09
1.710352167204642057e+09
1.710352168804812908e+09
1.710352170405433893e+09
1.710352172005316019e+09
1.710352173605880976e+09
1.710352175206090927e+09
1.710352176806126118e+09
1.710352178405438900e+09
1.710352180006038904e+09
1.710352181606427908e+09
1.710352183206787109e+09
1.710352184806883097e+09
1.710352186407495022e+09
1.710352188007783890e+09
1.710352189607678890e+09
1.710352191208461046e+09
1.710352192808568001e+09
1.710352194408824921e+09
1.710352196008331060e+09
1.710352197607954025e+09
1.710352199208532095e+09
1.710352200809220076e+09
1.710352202408703089e+09
1.710352204009622097e+09
1.710352205609919071e+09
1.710352207210371971e+09
1.710352208811744928e+09
1.710352210412848949e+09
1.710352212013897896e+09
1.710352213614980936e+09
1.710352215215871096e+09
1.710352216817692995e+09
1.710352218417723894e+09
1.710352220019026041e+09
1.710352221619987011e+09
1.710352223221507072e+09
1.710352224821403027e+09
1.710352226422229052e+09
1.710352228023897886e+09
1.710352229624742985e+09
1.710352231225476027e+09
1.710352232826617002e+09
1.710352234426795959e+09
1.710352236028455019e+09
1.710352237629303932e+09
1.710352239230217934e+09
1.710352240831824064e+09
1.710352242432064056e+09
1.710352244032226086e+09
1.710352245633702993e+09
1.710352247233983994e+09
1.710352248857942104e+09
1.710352250458982944e+09
1.710352252059662104e+09
1.710352253660870075e+09
1.710352255261945009e+09
1.710352256862464905e+09
1.710352258463591099e+09
1.710352260063163042e+09
1.710352261663314104e+09
1.710352263264679909e+09
1.710352264864218950e+09
1.710352266464277983e+09
1.710352268064399958e+09
1.710352269664720058e+09
1.710352271171252012e+09
1.710352272655706882e+09
1.710352274140198946e+09
1.710352275672388077e+09
1.710352277272695065e+09
1.710352278873023987e+09
1.710352280473181963e+09
1.710352282050360918e+09
1.710352283650360107e+09
1.710352285250344038e+09
1.710352286850636959e+09
1.710352288451366901e+09
1.710352290052165031e+09
1.710352291652519941e+09
1.710352293253304958e+09
1.710352294853394032e+09
1.710352296453615904e+09
1.710352298054680109e+09
1.710352299655304909e+09
1.710352301255851030e+09
1.710352302856745005e+09
1.710352304456716061e+09
1.710352306057357073e+09
1.710352307658018112e+09
1.710352309258558035e+09
1.710352310858273983e+09
1.710352312458766937e+09
1.710352314059258938e+09
1.710352315659807920e+09
1.710352317260356903e+09
1.710352318861166954e+09
1.710352320461591005e+09
1.710352322061971903e+09
1.710352323662271976e+09
1.710352325262960911e+09
1.710352326862586975e+09
1.710352328462924004e+09
1.710352330063345909e+09
1.710352331663372993e+09
1.710352333264050961e+09
1.710352334863837004e+09
1.710352336464462042e+09
1.710352338065160990e+09
1.710352339665716887e+09
1.710352341265393972e+09
1.710352342865695000e+09
1.710352344418173075e+09
1.710352345902417898e+09
1.710352347386437893e+09
1.710352348872942924e+09
1.710352350472260952e+09
1.710352352072019100e+09
1.710352353671637058e+09
1.710352355271477938e+09
1.710352356871306896e+09
1.710352358471391916e+09
1.710352360071799994e+09
1.710352361671489000e+09
1.710352363271912098e+09
1.710352364872050047e+09
1.710352366472047091e+09
1.710352368072575092e+09
1.710352369672498941e+09
1.710352371272758961e+09
1.710352372873245955e+09
1.710352374473853111e+09
1.710352376074265957e+09
1.710352377674268961e+09
1.710352379276051044e+09
1.710352380875472069e+09
1.710352382476684093e+09
1.710352384076045990e+09
1.710352385676311970e+09
1.710352387277463913e+09
1.710352388877824068e+09
1.710352390478251934e+09
1.710352392078159094e+09
1.710352393678627968e+09
1.710352395302263021e+09
1.710352396901619911e+09
1.710352398504720926e+09
1.710352400103163958e+09
1.710352401703293085e+09
1.710352403302984953e+09
1.710352404903352976e+09
1.710352406503359079e+09
1.710352408104656935e+09
1.710352409707628012e+09
1.710352411307533979e+09
1.710352412907977104e+09
1.710352414508848906e+09
1.710352416109807968e+09
1.710352417711271048e+09
1.710352419312381983e+09
1.710352420913527966e+09
1.710352422514987946e+09
1.710352424115890026e+09
1.710352425716723919e+09
1.710352427318264961e+09
1.710352428919497013e+09
1.710352430519891024e+09
1.710352432120814085e+09
1.710352433721396923e+09
1.710352435323534012e+09
1.710352436924741030e+09
1.710352438525218964e+09
1.710352440125933886e+09
1.710352441726948023e+09
1.710352443327006102e+09
1.710352444928162098e+09
1.710352446529369116e+09
1.710352448128868103e+09
1.710352449658036947e+09
1.710352451141983032e+09
1.710352452625962973e+09
1.710352454158394098e+09
1.710352455758352041e+09
1.710352457358342886e+09
1.710352458864577055e+09
1.710352460349034071e+09
1.710352461833321095e+09
1.710352463365314007e+09
1.710352464965729952e+09
1.710352466565661907e+09
1.710352468166291952e+09
1.710352469766715050e+09
1.710352471367151022e+09
1.710352472968031883e+09
1.710352474567662001e+09
1.710352476167783022e+09
1.710352477769093037e+09
1.710352479368973970e+09
1.710352480969156981e+09
1.710352482569621086e+09
1.710352484169944048e+09
1.710352485769996881e+09
1.710352487370348930e+09
1.710352488970577002e+09
1.710352490583410978e+09
1.710352492100980997e+09
1.710352493585252047e+09
1.710352495069534063e+09
