1.710540596875983000e+09
1.710540598389470100e+09
1.710540599912978888e+09
1.710540601396559000e+09
1.710540602880296946e+09
1.710540604410502911e+09
1.710540605918953896e+09
1.710540607448173046e+09
1.710540608959523916e+09
1.710540610439344883e+09
1.710540611946259975e+09
1.710540613429472923e+09
1.710540614913095951e+09
1.710540616397375107e+09
1.710540617926597118e+09
1.710540619433453083e+09
1.710540620940475941e+09
1.710540622447335005e+09
1.710540623954262018e+09
1.710540625438119888e+09
1.710540626922485113e+09
1.710540628452013969e+09
1.710540629935625076e+09
1.710540631419560909e+09
1.710540632903477907e+09
1.710540634387398958e+09
1.710540635871412992e+09
1.710540637356463909e+09
1.710540638863202095e+09
1.710540640370320082e+09
1.710540641854612112e+09
1.710540643338658094e+09
1.710540644822087049e+09
1.710540646308382988e+09
1.710540647813518047e+09
1.710540649319468021e+09
1.710540650803292990e+09
1.710540652289946079e+09
1.710540653771632910e+09
1.710540655255805969e+09
1.710540656740128040e+09
1.710540658225524902e+09
1.710540659732137918e+09
1.710540661216610909e+09
1.710540662701052904e+09
1.710540664187877893e+09
1.710540665692800045e+09
1.710540667176608086e+09
1.710540668661184072e+09
1.710540670193351984e+09
1.710540671697877884e+09
1.710540673205089092e+09
1.710540674735357046e+09
1.710540676242660999e+09
1.710540677750111103e+09
1.710540679280893087e+09
1.710540680764806986e+09
1.710540682249142885e+09
1.710540683757214069e+09
1.710540685263979912e+09
1.710540686771281004e+09
1.710540688255649090e+09
1.710540689739311934e+09
1.710540691223242998e+09
1.710540692754471064e+09
1.710540694237562895e+09
1.710540695744821072e+09
1.710540697228885889e+09
1.710540698759676933e+09
1.710540700266906023e+09
1.710540701751029968e+09
1.710540703258455038e+09
1.710540704765801907e+09
1.710540706273673058e+09
1.710540707756619930e+09
1.710540709263679981e+09
1.710540710747514009e+09
1.710540712231674910e+09
1.710540713715632915e+09
1.710540715199649096e+09
1.710540716683826923e+09
1.710540718191178083e+09
1.710540719698360920e+09
1.710540721182452917e+09
1.710540722666518927e+09
1.710540724150439978e+09
1.710540725634210110e+09
1.710540727118320942e+09
1.710540728601891994e+09
1.710540730109044075e+09
1.710540731639324903e+09
1.710540733146349907e+09
1.710540734653460979e+09
1.710540736137624979e+09
1.710540737644655943e+09
1.710540739128562927e+09
1.710540740635668993e+09
1.710540742119518995e+09
1.710540743603369951e+09
1.710540745087161064e+09
1.710540746570993900e+09
1.710540748054893017e+09
1.710540749561918020e+09
1.710540751046005011e+09
1.710540752530184031e+09
1.710540754014492035e+09
1.710540755498908997e+09
1.710540757006325960e+09
1.710540758514100075e+09
1.710540760021445990e+09
1.710540761528614998e+09
1.710540763035640001e+09
1.710540764519675970e+09
1.710540766003659010e+09
1.710540767487772942e+09
1.710540768971757889e+09
1.710540770455529928e+09
1.710540771939531088e+09
1.710540773423557997e+09
1.710540774907339096e+09
1.710540776414441109e+09
1.710540777921540022e+09
1.710540779405492067e+09
1.710540780889169931e+09
1.710540782373058081e+09
1.710540783880110979e+09
1.710540785364098072e+09
1.710540786847836971e+09
1.710540788331574917e+09
1.710540789838677883e+09
1.710540791322700024e+09
1.710540792833096981e+09
1.710540794337155104e+09
1.710540795821063042e+09
1.710540797328246117e+09
1.710540798812196016e+09
1.710540800319380999e+09
1.710540801826536894e+09
1.710540803333578110e+09
1.710540804817615986e+09
1.710540806301868916e+09
1.710540807809123993e+09
1.710540809317468882e+09
1.710540810824003935e+09
1.710540812308265924e+09
1.710540813792125940e+09
1.710540815276242018e+09
1.710540816783344984e+09
1.710540818267344952e+09
1.710540819752029896e+09
1.710540821258358002e+09
1.710540822765686035e+09
1.710540824249826908e+09
1.710540825734110117e+09
1.710540827241429090e+09
1.710540828727503061e+09
1.710540830234397888e+09
1.710540831763041973e+09
1.710540833270219088e+09
1.710540834777359962e+09
1.710540836307671070e+09
1.710540837791481018e+09
1.710540839275463104e+09
1.710540840760272980e+09
1.710540842289602041e+09
1.710540843773320913e+09
1.710540845281244040e+09
1.710540846787719965e+09
1.710540848294749975e+09
1.710540849778798103e+09
1.710540851285845041e+09
1.710540852793040037e+09
1.710540854276850939e+09
1.710540855760829926e+09
1.710540857244580984e+09
1.710540858751580954e+09
1.710540860259469032e+09
1.710540861742494106e+09
1.710540863228131056e+09
1.710540864710412979e+09
1.710540866217288971e+09
1.710540867701170921e+09
1.710540869208589077e+09
1.710540870692759037e+09
1.710540872199959040e+09
1.710540873684452057e+09
1.710540875169910908e+09
1.710540876651911974e+09
1.710540878135682106e+09
1.710540879619430065e+09
1.710540881105176926e+09
1.710540882587110996e+09
1.710540884071032047e+09
1.710540885577963114e+09
1.710540887061675072e+09
1.710540888545361996e+09
1.710540890052069902e+09
1.710540891558768988e+09
1.710540893065361023e+09
1.710540894548959970e+09
1.710540896056087017e+09
1.710540897562774897e+09
1.710540899069925070e+09
1.710540900553775072e+09
1.710540902060920000e+09
1.710540903544743061e+09
1.710540905028259993e+09
1.710540906535070896e+09
1.710540908018673897e+09
1.710540909525371075e+09
1.710540911008862972e+09
1.710540912492543936e+09
1.710540913999501944e+09
1.710540915506499052e+09
1.710540917013462067e+09
1.710540918497221947e+09
1.710540920050465107e+09
1.710540921557395935e+09
1.710540923041280985e+09
1.710540924525048971e+09
1.710540926032021046e+09
1.710540927515640020e+09
1.710540929045618057e+09
1.710540930575424910e+09
1.710540932082144022e+09
1.710540933589200020e+09
1.710540935095886946e+09
1.710540936602762938e+09
1.710540938109606028e+09
1.710540939593210936e+09
1.710540941077101946e+09
1.710540942583831072e+09
1.710540944090890884e+09
1.710540945574779034e+09
1.710540947105057001e+09
1.710540948611742020e+09
1.710540950095649958e+09
1.710540951579562902e+09
1.710540953063126087e+09
1.710540954546931982e+09
1.710540956054008007e+09
1.710540957561067104e+09
1.710540959068212032e+09
1.710540960552310944e+09
1.710540962082501888e+09
1.710540963589413881e+09
1.710540965096436977e+09
1.710540966580173016e+09
1.710540968064066887e+09
1.710540969571145058e+09
1.710540971056045055e+09
1.710540972538507938e+09
1.710540974022465944e+09
1.710540975529402971e+09
1.710540977036556005e+09
1.710540978520319939e+09
1.710540980004259109e+09
1.710540981511385918e+09
1.710540983041589022e+09
1.710540984548964977e+09
1.710540986032902956e+09
1.710540987540051937e+09
1.710540989024209976e+09
1.710540990508088112e+09
1.710540992015187979e+09
1.710540993522222996e+09
1.710540995029318094e+09
1.710540996513109922e+09
1.710540998021333933e+09
1.710540999526920080e+09
1.710541001033909082e+09
1.710541002517885923e+09
1.710541004001791954e+09
1.710541005485954046e+09
1.710541006992862940e+09
1.710541008501184940e+09
1.710541010007014036e+09
1.710541011491512060e+09
1.710541013021401882e+09
1.710541014528753996e+09
1.710541016012655973e+09
1.710541017542808056e+09
1.710541019050822020e+09
1.710541020534769058e+09
1.710541022042427063e+09
1.710541023573286057e+09
1.710541025081063986e+09
1.710541026565598011e+09
1.710541028050023079e+09
1.710541029535372019e+09
1.710541031042097092e+09
1.710541032573035955e+09
1.710541034057291031e+09
1.710541035541624069e+09
1.710541037026273966e+09
1.710541038510355949e+09
1.710541039995471001e+09
1.710541041501893044e+09
1.710541042986315966e+09
1.710541044493772984e+09
1.710541046024161100e+09
1.710541047508199930e+09
1.710541048992952108e+09
1.710541050501898050e+09
1.710541052031056881e+09
1.710541053538381100e+09
1.710541055045144081e+09
1.710541056552299976e+09
1.710541058036498070e+09
1.710541059520242929e+09
1.710541061027174950e+09
1.710541062511009932e+09
1.710541064018179893e+09
1.710541065525376081e+09
1.710541067009104967e+09
1.710541068516195059e+09
1.710541070023303032e+09
1.710541071530359983e+09
1.710541073060684919e+09
1.710541074544795036e+09
1.710541076028655052e+09
1.710541077582146883e+09
1.710541079088989973e+09
1.710541080572797060e+09
1.710541082079854965e+09
1.710541083563724041e+09
1.710541085070645094e+09
1.710541086577439070e+09
1.710541088061114073e+09
1.710541089544960976e+09
1.710541091051897049e+09
1.710541092559104919e+09
1.710541094112267971e+09
1.710541095619273901e+09
1.710541097126223087e+09
1.710541098610256910e+09
1.710541100094139099e+09
1.710541101577970982e+09
1.710541103061523914e+09
1.710541104568423986e+09
1.710541106053066969e+09
1.710541107535824060e+09
1.710541109042948961e+09
1.710541110527118921e+09
1.710541112010799885e+09
1.710541113495960951e+09
1.710541115001955032e+09
1.710541116485414982e+09
1.710541117969571114e+09
1.710541119454205990e+09
1.710541120960549116e+09
1.710541122467531919e+09
1.710541123974716902e+09
1.710541125481909037e+09
1.710541126989273071e+09
1.710541128496408939e+09
1.710541129981097937e+09
1.710541131510536909e+09
1.710541132994422913e+09
1.710541134478420973e+09
1.710541135961992025e+09
1.710541137445620060e+09
1.710541138929971933e+09
1.710541140414213896e+09
1.710541141942939997e+09
1.710541143449857950e+09
1.710541144933573961e+09
1.710541146417555094e+09
1.710541147900675058e+09
1.710541149407408953e+09
1.710541150891544104e+09
1.710541152397463083e+09
1.710541153903992891e+09
1.710541155387690067e+09
1.710541156894555092e+09
1.710541158378185987e+09
1.710541159862170935e+09
1.710541161370151997e+09
1.710541162876480103e+09
1.710541164383658886e+09
1.710541165867573977e+09
1.710541167374758959e+09
1.710541168881676912e+09
1.710541170365555048e+09
1.710541171850297928e+09
1.710541173379445076e+09
1.710541174863177061e+09
1.710541176369971037e+09
1.710541177900017977e+09
1.710541179383879900e+09
1.710541180891422987e+09
1.710541182422940969e+09
1.710541183975306988e+09
1.710541185482136011e+09
1.710541186989029884e+09
1.710541188495848894e+09
1.710541189979732990e+09
1.710541191463603020e+09
1.710541192970508099e+09
1.710541194454619884e+09
1.710541195961580992e+09
1.710541197468916893e+09
1.710541198975770950e+09
1.710541200280692101e+09
