1.702570653777074099e+09
1.702570655109862089e+09
1.702570656443511963e+09
1.702570657778412104e+09
1.702570659209731102e+09
1.702570660666762114e+09
1.702570662125101089e+09
1.702570663599354982e+09
1.702570665039056063e+09
1.702570666468216896e+09
1.702570667927335978e+09
1.702570669369384050e+09
1.702570670846179008e+09
1.702570672134644032e+09
1.702570696419301987e+09
1.702570697747720003e+09
1.702570699092611074e+09
1.702570700436599016e+09
1.702570701865600109e+09
1.702570703162025928e+09
1.702570750381131887e+09
1.702570751712982893e+09
1.702570753161978960e+09
1.702570754612864017e+09
1.702570756043246984e+09
1.702570757499253035e+09
1.702570758953496933e+09
1.702570760387876034e+09
1.702570761725692034e+09
1.702570763059542894e+09
1.702570764390110970e+09
1.702570765780910015e+09
1.702570767238684893e+09
1.702570768700680017e+09
1.702570770155628920e+09
1.702570771607357979e+09
1.702570773049865961e+09
1.702570774501316071e+09
1.702570775907955885e+09
1.702570777240499020e+09
1.702570778571863890e+09
1.702570779900357962e+09
1.702570781323796988e+09
1.702570782262088060e+09
1.702570818590171099e+09
1.702570819923044920e+09
1.702570821104840040e+09
1.702570895237921953e+09
1.702570896569365025e+09
1.702570897929430008e+09
1.702570899379000902e+09
1.702570900834475040e+09
1.702570902126975060e+09
1.702570911904320955e+09
1.702570913243448973e+09
1.702570914579380989e+09
1.702570916014642000e+09
1.702570917464848042e+09
1.702570918920386076e+09
1.702570920375642061e+09
1.702570921652684927e+09
1.702570954869754076e+09
1.702570956203650951e+09
1.702570957535748959e+09
1.702570958872641087e+09
1.702570960161418915e+09
1.702570966906095982e+09
1.702570968240601063e+09
1.702570969573528051e+09
1.702570970907944918e+09
1.702570971488235950e+09
1.702570997618213892e+09
1.702570998998735905e+09
1.702571000462564945e+09
1.702571001383164883e+09
1.702571008351944923e+09
1.702571009684914112e+09
1.702571011017049074e+09
1.702571011513612032e+09
1.702571029091017962e+09
1.702571030420861006e+09
1.702571031752870083e+09
1.702571033170979023e+09
1.702571034623383045e+09
1.702571036093991995e+09
1.702571037523063898e+09
1.702571038981395006e+09
1.702571040405946970e+09
1.702571041737781048e+09
1.702571042575402021e+09
1.702571053091458082e+09
1.702571054423537970e+09
1.702571055746387005e+09
1.702571057154582024e+09
1.702571058616108894e+09
1.702571060046525002e+09
1.702571061517815113e+09
1.702571062968841076e+09
1.702571064416713953e+09
1.702571064606381893e+09
1.702571070687959909e+09
1.702571072143096924e+09
1.702571073618083954e+09
1.702571075075406075e+09
1.702571076371685028e+09
1.702571099317581892e+09
1.702571100673902988e+09
1.702571102138205051e+09
1.702571103608195066e+09
1.702571104887029886e+09
1.702571115566132069e+09
1.702571116907402992e+09
1.702571118359618902e+09
1.702571119644912004e+09
1.702571127041651964e+09
1.702571128730786085e+09
1.702571130422156096e+09
1.702571132202847958e+09
1.702571133279105902e+09
1.702575280522614956e+09
1.702575281898700953e+09
1.702575283096457958e+09
1.702575366828195095e+09
1.702575368241699934e+09
1.702575369616965055e+09
1.702575370472353935e+09
1.702575395159421921e+09
1.702575396536484003e+09
1.702575397927340984e+09
1.702575398834250927e+09
1.702575446445668936e+09
1.702575447930860043e+09
1.702575449427248955e+09
1.702575450935764074e+09
1.702575451875010967e+09
1.702575476842740059e+09
1.702575478330003023e+09
1.702575479838846922e+09
1.702575481349549055e+09
1.702575482743350029e+09
1.702575483600433111e+09
1.702575572920160055e+09
1.702575574298563004e+09
1.702575575671746016e+09
1.702575576528249979e+09
1.702575584615523100e+09
1.702575585991255045e+09
1.702575587364860058e+09
1.702575588221455097e+09
1.702575595504394054e+09
1.702575596884435892e+09
1.702575597790657997e+09
1.702575631471113920e+09
1.702575632846154928e+09
1.702575634248222113e+09
1.702575635194251060e+09
1.702575666750000000e+09
1.702575668146477938e+09
1.702575669640499115e+09
1.702575671130562067e+09
1.702575672447860956e+09
1.702575683930341959e+09
1.702575685305505991e+09
1.702575686731635094e+09
1.702575688222431898e+09
1.702575689157725096e+09
1.702575699878705978e+09
1.702575701255074978e+09
1.702575702737462044e+09
1.702575704171878099e+09
1.702575705544197083e+09
1.702575706919672966e+09
1.702575708318955898e+09
1.702575709807290077e+09
1.702575711303493023e+09
1.702575712808079004e+09
1.702575714302849054e+09
1.702575715806525946e+09
1.702575717216223001e+09
1.702575718590579033e+09
1.702575719967173100e+09
1.702575721362160921e+09
1.702575722302805901e+09
1.702580274492357016e+09
1.702580275986077070e+09
1.702580277297283888e+09
1.702580370436243057e+09
1.702580371818264961e+09
1.702580373252346039e+09
1.702580374737354994e+09
1.702580376233942032e+09
1.702580377730490923e+09
1.702580379140177965e+09
1.702580380514993906e+09
1.702580381714714050e+09
1.702583302207802057e+09
1.702583303583851099e+09
1.702583304964090109e+09
1.702583306465737104e+09
1.702583307966846943e+09
1.702583309467472076e+09
1.702583310966173887e+09
1.702583312464025021e+09
1.702583313787440062e+09
1.702583354398031950e+09
1.702583355777723074e+09
1.702583357155018091e+09
1.702583358549910069e+09
1.702583360043354034e+09
1.702583361531889915e+09
1.702583363036684036e+09
1.702583363977871895e+09
