1.701288402707133055e+09
1.701288404023493052e+09
1.701288405340414047e+09
1.701288406657664061e+09
1.701288408068041086e+09
1.701288409508735895e+09
1.701288410925693989e+09
1.701288412351615906e+09
1.701288413785639048e+09
1.701288413976463079e+09
1.701288448878081083e+09
1.701288450194541931e+09
1.701288451525320053e+09
1.701288452969810963e+09
1.701288454381006002e+09
1.701288455807605028e+09
1.701288457223284006e+09
1.701288458662941933e+09
1.701288460099685907e+09
1.701288461526447058e+09
1.701288462946439028e+09
1.701288463854115963e+09
1.701288482022660971e+09
1.701288483347543955e+09
1.701288484665293932e+09
1.701288485984728098e+09
1.701288487405875921e+09
1.701288488829396009e+09
1.701288490259119987e+09
1.701288490822643995e+09
1.701288574647480965e+09
1.701288575962400913e+09
1.701288577313720942e+09
1.701288578735203028e+09
1.701288580171349049e+09
1.701288581595832109e+09
1.701288583021914959e+09
1.701288584456691027e+09
1.701288584649673939e+09
1.701288594971667051e+09
1.701288596283993959e+09
1.701288597600481987e+09
1.701288598916289091e+09
1.701288600330971956e+09
1.701288601745623112e+09
1.701288603154799938e+09
1.701288603713340044e+09
1.701288656952780008e+09
1.701288658274007082e+09
1.701288659627718925e+09
1.701288660541141033e+09
1.701288679216269016e+09
1.701288680540630102e+09
1.701288681865525961e+09
1.701288683246911049e+09
1.701288684674575090e+09
1.701288686101922989e+09
1.701288687017990112e+09
1.701288754400218964e+09
1.701288755713824034e+09
1.701288757032567024e+09
1.701288758462163925e+09
1.701288759896414042e+09
1.701288760093868971e+09
1.701289162781332970e+09
1.701289162789664030e+09
1.701289162953589916e+09
1.701289163296667099e+09
