8.069686550491847812e-03
9.200614335813598471e-03
1.062422437386922533e-02
6.135472371864163048e-03
7.499396466721859264e-03
1.056628785066137007e-02
5.607025498612557349e-03
7.875254278058697530e-03
6.706279237574374122e-03
9.269454594619625995e-03
7.913777782473530725e-03
6.941687338045474630e-03
7.847416320721460961e-03
7.561563579595483031e-03
7.128189103501423630e-03
7.833906750872350264e-03
6.866993116773105130e-03
7.720817642771236888e-03
6.254536178793064331e-03
6.595987921489543729e-03
6.497774255974537137e-03
7.619247353811356080e-03
7.751086544265753039e-03
9.177310115468365059e-03
7.590287621427197276e-03
8.031414291856969756e-03
6.416354863266909327e-03
8.360448154420347527e-03
7.318799864598416263e-03
1.008262139002002143e-02
8.628686643272187248e-03
6.715496318250160218e-03
8.619608917757079491e-03
8.214366506694903772e-03
7.373968889997535581e-03
7.629827150517921527e-03
7.140080425895163792e-03
8.134861748443592000e-03
7.303004720226779350e-03
8.281220318011981926e-03
6.126869606156119287e-03
7.647051672590611006e-03
9.338084019624874610e-03
7.125014404889766506e-03
5.979812951206862556e-03
6.534590613235689502e-03
8.036314746364627351e-03
7.602483173156103329e-03
5.664102397915221458e-03
5.973310831996236567e-03
8.520477085334260750e-03
6.384076256834286291e-03
9.291869675284074662e-03
8.878883924585155574e-03
6.554342719487276508e-03
8.248360909911161762e-03
7.501730574891852729e-03
6.310773464340506574e-03
8.700250745400346999e-03
8.398636688358305374e-03
5.577594721418295716e-03
1.025191472507362006e-02
9.331625258496538053e-03
7.468715036866213110e-03
8.604083696346178853e-03
7.601732602042799228e-03
8.290198931197454574e-03
6.207551985167340455e-03
6.409049249498087984e-03
7.941033353253692043e-03
7.971219740490028544e-03
6.711583910629865916e-03
7.871207294304162494e-03
9.907738916645347435e-03
8.875891623066607325e-03
6.127251856263902022e-03
6.022816906064349697e-03
6.958437973913489394e-03
8.333786158783305226e-03
8.294348906365042046e-03
7.032913476250688203e-03
8.401977934032344233e-03
6.533840226026251495e-03
8.293962976790915723e-03
7.664594977105129714e-03
8.615775848998226752e-03
5.790421437331975778e-03
9.776595756915078261e-03
7.590057530650754121e-03
6.962996493365223617e-03
8.869830141779480939e-03
8.289582558989511130e-03
7.313171244094912940e-03
9.631351638580998645e-03
9.231597162906375262e-03
7.125228089908781752e-03
7.688518704932914213e-03
6.615222835386860845e-03
7.060708574432303548e-03
7.761956340786569514e-03
5.974512800394744805e-03
6.203610575775067408e-03
1.008932723332079708e-02
7.475244342146815900e-03
7.296466439629903378e-03
8.243008135842109715e-03
7.319679747327841914e-03
5.783342795097460437e-03
1.164718213730185116e-02
8.437600792673456349e-03
8.277217950536021329e-03
7.740539153998745453e-03
9.731164586829262747e-03
7.547566334618324713e-03
5.696386875778291364e-03
9.619602445749825606e-03
7.914184316931947155e-03
9.320827933897409337e-03
1.028393892515416276e-02
5.405543212758985409e-03
8.092791351427696192e-03
6.545703991369153374e-03
7.503722331493110735e-03
8.345944004371358416e-03
5.575155678584018878e-03
1.069789752161849281e-02
6.511246351935499888e-03
7.369066236138411413e-03
7.383452552455049139e-03
6.289969255882589712e-03
7.541433336547324895e-03
7.314623273698068681e-03
8.395049458110244098e-03
7.242199905234905644e-03
7.952871544978860896e-03
5.765460867187381828e-03
6.810633331124481965e-03
9.219042665550200230e-03
7.354845331911546470e-03
8.656502474542270009e-03
7.042370916596092482e-03
7.265902202483435698e-03
8.415529845166412268e-03
8.612292491768746075e-03
5.626315908339186642e-03
5.793849341773662544e-03
7.283711077179627277e-03
7.506534230421345669e-03
8.882854663559635114e-03
7.163930016668916025e-03
6.534679226257254954e-03
1.051666800190024544e-02
8.808677398449857310e-03
7.551111653281015329e-03
8.983918176678302656e-03
6.091612689518364002e-03
5.761917389754836125e-03
6.358111990607765579e-03
6.468343101828311938e-03
5.545130943332961769e-03
8.559009287668171637e-03
6.763072495039290123e-03
6.900137037704451304e-03
7.669489743667044432e-03
8.834331888526079923e-03
5.871212018866047398e-03
6.182297303707701142e-03
9.472773340567012396e-03
6.441328080136670374e-03
9.311747538783337816e-03
8.329789586992359871e-03
7.470745422242250702e-03
9.450784616486906931e-03
9.641759734910090862e-03
6.691395967237701546e-03
6.122075936392710159e-03
8.793953365946788683e-03
5.903366228937204432e-03
8.681530893412477481e-03
6.893318433611744442e-03
7.256307810162985344e-03
7.037850206514715927e-03
7.625229400102773690e-03
8.259506009335927657e-03
6.225435838682657694e-03
8.000029844068567292e-03
9.353753050228902008e-03
5.610224411387301421e-03
9.135770499489449456e-03
5.614950066340226344e-03
9.142421058463147052e-03
8.783354402584632459e-03
6.051764096776694572e-03
6.999263889217088343e-03
7.620860897044464018e-03
7.509161424675487792e-03
6.088667699141207465e-03
7.200751328824410435e-03
8.272408115662014880e-03
9.599187592219884588e-03
6.932864241551471053e-03
7.735556952969076250e-03
7.251132440848113633e-03
1.000052404331158891e-02
7.177555579828784338e-03
7.565507915807121071e-03
8.041176857195943273e-03
7.324419475397922832e-03
7.553899075879049775e-03
6.922160576329534562e-03
8.011069506585921651e-03
9.230277735666748279e-03
6.819526066559416198e-03
6.249799388802531296e-03
7.591773304340293863e-03
6.099511338366354202e-03
8.984699179246057738e-03
6.700328810366643767e-03
5.651663085062629162e-03
6.312714318092708075e-03
6.343236458342658458e-03
7.083611088908109248e-03
7.070617771161381675e-03
1.004336851715520278e-02
6.030916137434316412e-03
6.734102562177883729e-03
7.261873718059596444e-03
5.420228719726656770e-03
1.060865123877163807e-02
9.518837491790149014e-03
6.606193720018479522e-03
8.521526960089691530e-03
5.807112749868589656e-03
6.394169929015953470e-03
6.963250760058445690e-03
9.029190356614836058e-03
8.542673284663652652e-03
7.324163353655556083e-03
6.876454943860361123e-03
6.751927562793111175e-03
7.385899999037129522e-03
8.282118786599868346e-03
8.166355477785679218e-03
8.144583495033152001e-03
1.055491354926150691e-02
5.350403427278925886e-03
5.783557795603121512e-03
7.158362523774754183e-03
7.274352612418766295e-03
7.514928914541376369e-03
7.195916383558658043e-03
6.824312034434663367e-03
8.554157342107572906e-03
7.008516805838927929e-03
9.767083418376185447e-03
6.787270755291250311e-03
6.492198904184405539e-03
6.957147393632288554e-03
7.150657852899666191e-03
1.197751472482076057e-02
6.983320515902579663e-03
8.062094149570320223e-03
9.420436552146206274e-03
8.428915539501462967e-03
7.888085753912817133e-03
7.536093502077956252e-03
7.930399956712264400e-03
9.452498765982505005e-03
7.136900236963918814e-03
8.381809615326248769e-03
1.044492902409167000e-02
8.497181314476333347e-03
8.738040506298930601e-03
5.596587847501617585e-03
6.575074413460066727e-03
7.375846484525521406e-03
7.109730611272107453e-03
5.765690996419613017e-03
9.730618270231323336e-03
1.073823098308892415e-02
9.801638948845538268e-03
8.348208984044617684e-03
6.120139624537141755e-03
7.807163035244073061e-03
8.926472693075990228e-03
6.789977919564571182e-03
9.504713859884680524e-03
6.988966090652609653e-03
7.962402960637196894e-03
7.264328443536872612e-03
7.008844242926873247e-03
7.878448524270375078e-03
6.182637278763510047e-03
7.048083899996229577e-03
6.764168671757136986e-03
1.005687317820655284e-02
8.293648783431037744e-03
6.662472385756439824e-03
6.784142982408524272e-03
7.794795591494627779e-03
9.577987741527710375e-03
6.131400141106540906e-03
9.369662524971988579e-03
7.652852786374372655e-03
9.193724872935503736e-03
8.918567507426988089e-03
6.369618457685508051e-03
6.722654578653717607e-03
8.005853639842420641e-03
9.995739518924313255e-03
8.286239812058462939e-03
7.629175052014269820e-03
1.448215962771866490e-02
1.090771810758024013e-02
7.389971906475120179e-03
6.620535858317525869e-03
6.422374150380249710e-03
7.838781835271754067e-03
7.838211747306880750e-03
7.234472906748285435e-03
7.357397303488349798e-03
8.049728137774499193e-03
8.266803464907579099e-03
7.413931879226478422e-03
7.915080111276307298e-03
9.451207506471296857e-03
5.953408383486101692e-03
8.120521872228289931e-03
8.674694032221692483e-03
6.509074126962532611e-03
8.181610777240258883e-03
6.206835912153854141e-03
6.788504156137251458e-03
9.524781084774645162e-03
8.636331445508363402e-03
7.518640101882373243e-03
9.668518770871985246e-03
6.841513185775059853e-03
6.841606365332995703e-03
9.170146909376435812e-03
7.870042776659504774e-03
6.284378893853403807e-03
6.177681130126752226e-03
1.033266833218085198e-02
1.198714039597821926e-02
7.605821114858264849e-03
1.036014637041309493e-02
7.970329048552021733e-03
6.924465114228700591e-03
7.524835390512121455e-03
8.932852284499316273e-03
8.253622351994728892e-03
6.507828693369409855e-03
7.835395253583985614e-03
1.338037872028678861e-02
8.964990064687825347e-03
1.084508913567181626e-02
5.851968096690210452e-03
9.573440308596406143e-03
1.008700182892949965e-02
6.255341427187100130e-03
1.023057410712625327e-02
8.048637539322023651e-03
7.442805076590400942e-03
1.172961570598472086e-02
8.613889489893241866e-03
7.266925821324674538e-03
5.751513897214096185e-03
8.233170452899694902e-03
6.820131734838818377e-03
6.881070547295389979e-03
6.149613417426609725e-03
6.416351894132418104e-03
9.581597661139288138e-03
6.906404606167572402e-03
9.541123892471751328e-03
8.856198231607961130e-03
7.720766167118767176e-03
7.767485508280662539e-03
7.372298397230248046e-03
5.273102229659200509e-03
5.514897353666288471e-03
6.524698307372922904e-03
7.928661584687539746e-03
6.244398116376445769e-03
8.218054402680478182e-03
7.005152428487641803e-03
7.658195170025138519e-03
7.693028933025965709e-03
6.250251458914325015e-03
8.034969716224932973e-03
9.674859909130634553e-03
7.054262164872630685e-03
8.755299786111938806e-03
5.767814479691754648e-03
8.163702052239584298e-03
7.717454481458508805e-03
8.817460160090846016e-03
8.549031432391603763e-03
6.628797306380923744e-03
8.733774733873532828e-03
9.877358675619106812e-03
7.147034281500598898e-03
8.018755528145841971e-03
7.654336947921541907e-03
9.279374266784939582e-03
7.110765624502580519e-03
7.933094267670493319e-03
6.422356904102430666e-03
1.003357699494805515e-02
7.817326017744935171e-03
8.374163980098462898e-03
5.803753855001894842e-03
8.006910463525385505e-03
7.652025046600422105e-03
1.016886522511867286e-02
7.757013127543288533e-03
5.961300970343744697e-03
7.723412337949527549e-03
6.047122292202941791e-03
6.095701377050381613e-03
