6.058801039379941959e-03
7.665806991748964037e-03
7.852336613417745109e-03
7.618753502951136278e-03
6.357324151275581606e-03
8.245615447233524062e-03
7.672811898093678286e-03
6.831631441022243366e-03
7.290286789717906508e-03
7.632963794685466291e-03
7.609962604082436480e-03
7.225919408973508623e-03
7.705428449916575627e-03
6.413408934225131933e-03
8.272515076460913372e-03
6.215750186700395516e-03
6.211962197491779566e-03
6.370079593024262354e-03
6.902192725739183729e-03
5.420485461097066839e-03
7.317650668084016256e-03
6.569333810246391799e-03
6.603729177961579523e-03
6.513655553748772670e-03
6.072811954363844036e-03
5.561264372610932351e-03
6.673832794110555293e-03
8.126997768948679424e-03
8.785195323952128127e-03
6.959675643359364283e-03
7.275131995252207689e-03
6.437342427616192866e-03
6.657762030930633283e-03
8.117585587479507828e-03
5.546449926720023807e-03
6.171827800217661621e-03
6.392677790848950818e-03
7.659061371076699744e-03
6.330510518517008106e-03
6.368235676266828862e-03
6.754716724768420645e-03
8.084551783044589823e-03
7.600641660318436209e-03
6.382630736933485836e-03
6.361223098765834971e-03
7.476420298896498812e-03
6.969955874894298402e-03
8.324283726624727431e-03
9.681671524746889371e-03
7.327273880471454025e-03
5.845342361275720176e-03
7.507261719562130682e-03
7.629695411457296760e-03
7.497469039678040896e-03
8.373301769849596926e-03
7.098007332208429096e-03
7.092838138679974369e-03
7.057338961158624718e-03
7.462203762692636196e-03
7.351295385180462924e-03
8.443635134246809532e-03
1.037849828022710010e-02
6.925390797400400936e-03
7.985501795784071336e-03
7.970168131580178741e-03
7.539706069907244242e-03
7.388271223251559675e-03
8.286658392761244232e-03
9.792611759407767250e-03
8.464384431738948555e-03
8.472015953914816336e-03
6.554371389401484824e-03
6.914719300228475488e-03
7.045380036594591465e-03
7.428308574752347064e-03
7.293516938332747328e-03
7.258241834965563181e-03
9.052685695009799263e-03
6.671996478242957739e-03
7.035407847425101911e-03
6.703925000011071340e-03
7.818887897614191368e-03
8.053149970182331072e-03
6.121667099378406453e-03
8.438961735347477386e-03
7.079392237052742343e-03
7.652163912529810416e-03
8.405820119001875673e-03
8.965610054067455967e-03
8.040949998193958406e-03
7.969554308753840424e-03
7.382911458220216792e-03
7.559600911041142353e-03
7.397541466084855272e-03
9.857344320958418352e-03
8.975994345029082722e-03
7.725846907858992599e-03
1.175719634091841430e-02
7.291299942270425966e-03
7.002499150698674596e-03
6.989581651947713616e-03
7.193973244736400624e-03
8.192813464231995038e-03
9.578193069234661877e-03
8.480539601660948973e-03
8.043165109162135618e-03
8.947470473638747049e-03
6.614677792448476860e-03
8.323046609139834670e-03
9.109538152042243736e-03
6.261617370092962057e-03
7.723904882632726641e-03
6.174201215837205568e-03
8.891399569015001267e-03
5.787341838616110248e-03
8.736632969359321363e-03
8.080534513760772100e-03
8.127137741377857966e-03
7.217452482685494941e-03
8.148477018721142148e-03
6.747087341722264771e-03
8.077029217254149893e-03
7.037447530310855619e-03
8.570253979697869604e-03
6.267953915468692759e-03
9.264938199816536921e-03
8.596638333155154701e-03
6.922373047245354225e-03
7.483346500257136158e-03
8.179577658226876158e-03
7.027440707963198731e-03
7.248964562847390325e-03
7.121722919158001049e-03
5.946682306680468356e-03
6.457714797576554963e-03
8.736885413295219019e-03
6.773239529662071490e-03
7.779401757680260571e-03
5.836367940122319693e-03
6.866898353281049132e-03
7.881668352661514235e-03
6.772514419558364925e-03
7.074439140758899403e-03
8.772235309761242453e-03
6.680070711535640929e-03
6.203681645914784284e-03
8.246766465843524338e-03
6.486205996638353538e-03
7.939695346298429254e-03
7.439877356370283232e-03
7.630484903119631040e-03
6.367489538564342043e-03
6.085716062221710985e-03
6.774030420352344407e-03
8.654158972964488827e-03
6.504830030359180955e-03
7.925027052155657684e-03
7.597717106931275825e-03
7.856253474902468587e-03
7.758384408051278644e-03
8.780692382230127421e-03
9.408206967803377924e-03
7.671937719268465301e-03
8.562979199314889323e-03
8.653739272667040558e-03
7.069473470907172361e-03
6.974795652921340905e-03
7.017224958521743605e-03
6.807664485981915897e-03
8.280622625131716860e-03
1.019934109976476481e-02
9.537217684753178382e-03
8.740335247635603114e-03
1.064940865191445901e-02
8.361027298557394127e-03
8.297385515373852105e-03
8.104689376550870336e-03
7.897380505827203759e-03
7.290184856657441932e-03
9.040619152946420892e-03
7.861372118119788407e-03
6.275933239118251274e-03
7.652325814879779725e-03
7.736739397957213479e-03
7.300371471979877000e-03
6.404883434230538783e-03
9.463336355128746866e-03
3.907740366942780673e-03
7.163335314649053182e-03
9.406026360112331938e-03
7.622858302348206952e-03
6.414740958133258869e-03
8.616522291306747544e-03
5.661649005275548596e-03
6.870110402752832406e-03
8.088049526104822834e-03
7.016808061175856294e-03
6.948289363804827264e-03
7.303178495253239040e-03
6.125864127477590078e-03
8.743409706333858319e-03
8.269415787014322214e-03
6.308346455557500843e-03
6.843496660412214626e-03
6.476687264948312490e-03
6.053301969041162932e-03
7.170331118544307457e-03
7.478329846986206571e-03
6.861862342373749833e-03
7.487426477983416019e-03
5.651960334156140402e-03
6.435177910000727808e-03
6.772905165900101887e-03
5.997530117848919907e-03
7.095695350540970336e-03
9.753623682407300266e-03
6.598956501349028704e-03
7.389132794087285155e-03
6.114566510856236752e-03
7.693413303845312266e-03
6.121527844305794420e-03
7.329786895160386381e-03
6.746747971567719493e-03
6.539358150534648438e-03
7.317260261216493658e-03
7.319675693700750801e-03
7.515618550009759910e-03
6.253690669834798856e-03
6.388794607184484706e-03
1.107203286364508849e-02
5.614735331373901447e-03
6.833913714642251246e-03
8.042671708857274462e-03
1.035492460837714006e-02
6.357073736660548945e-03
7.692168977229669677e-03
8.437927987424790818e-03
5.976263922211171899e-03
9.724645511855338140e-03
8.843612101104408527e-03
6.152725199898348256e-03
7.121250577721095765e-03
1.141799104944099703e-02
7.630390937202216790e-03
8.103988510745922455e-03
6.273602415113563834e-03
6.647861761759140710e-03
7.184270740666031524e-03
5.977203334449529212e-03
6.283238727435185890e-03
7.997822452782856265e-03
7.708592241306410839e-03
8.579821266181029971e-03
5.663369282270215577e-03
7.976271644545089232e-03
6.560103248722496880e-03
7.482461133670915629e-03
9.818812255671837547e-03
5.230949661674232261e-03
5.369866800251092871e-03
8.835318397741636492e-03
4.759148117144320657e-03
6.899847148474986397e-03
7.889458816441706143e-03
7.548771931598624758e-03
6.942598473607335119e-03
7.781995713858096651e-03
7.101884228763476192e-03
6.708947485870538074e-03
5.416754278878918409e-03
7.702623897713622644e-03
5.492384475205394460e-03
5.688792075939422092e-03
5.430143909829009130e-03
5.818457534258842864e-03
5.218681290949848603e-03
7.621585137525616060e-03
5.189510347180771588e-03
5.669538941443574148e-03
6.656915756332473441e-03
6.660761273627278239e-03
7.797025489400376090e-03
6.028141665345015075e-03
5.530837161186737821e-03
6.383762719259685955e-03
5.331431758780005165e-03
6.793157397036458586e-03
8.410525362970995567e-03
6.933594341954146811e-03
5.918596871967589206e-03
6.698259037017465292e-03
6.574426790825851387e-03
5.977407641056124536e-03
5.766481728536280299e-03
5.165629130196902445e-03
6.950251006397508563e-03
9.090072265854187011e-03
6.292322789981119949e-03
5.902332794972185888e-03
7.009800034497823060e-03
7.563934144292667680e-03
6.849254818187062305e-03
6.936216346356333627e-03
5.743763198311846799e-03
5.891526812030120457e-03
6.689290935884677561e-03
5.205429406647548232e-03
7.440086062384498877e-03
6.667997137341448270e-03
6.893490286431193381e-03
7.646148896366506374e-03
5.765904168257115353e-03
7.499193124329823698e-03
7.317388352646530224e-03
7.635283462804202601e-03
5.890116337968784831e-03
7.794178315013514970e-03
6.065031635290440287e-03
8.229099123049440564e-03
8.814479555055132129e-03
4.972549619133347608e-03
6.154099294205307366e-03
7.529323656265534195e-03
7.043502673055958285e-03
6.638036614369776343e-03
1.082877250711814475e-02
5.692765488046030477e-03
8.510754775116502815e-03
7.990549224642764028e-03
5.495960921528537761e-03
6.374236270643367230e-03
6.784571451279720715e-03
6.332416087850056656e-03
7.138600114044251627e-03
6.378024743352936864e-03
6.123524601493289185e-03
6.149365856248962744e-03
6.872433768563841749e-03
5.295006437753286416e-03
5.970695706247262750e-03
8.562866009620209717e-03
5.824103557289805194e-03
7.668514245285023602e-03
8.062683857290054226e-03
7.552414646744052759e-03
6.726030411175710697e-03
7.534733072328975330e-03
7.740734816131508711e-03
8.585409877176299054e-03
1.166861368444005627e-02
7.074227501957987968e-03
8.946592992170574604e-03
6.754319381283882019e-03
7.312086047726567249e-03
5.189202873565530727e-02
9.073046530281431155e-03
1.093284535067548177e-02
1.139400021725683193e-02
1.086023047183339030e-02
1.002739653402053878e-02
1.665949504075417767e-02
6.674047250212862374e-03
9.111950958723835300e-03
7.223108561628479619e-03
9.462761524490076459e-03
8.007042204713921835e-03
8.697773651159099520e-03
8.829507042070555700e-03
1.060112386232043256e-02
9.058950527556026283e-03
9.466361959440183077e-03
1.044944186744879537e-02
8.145152805921223108e-03
8.761753975457659688e-03
1.116767103971940192e-02
1.032375144975487997e-02
1.089919744201581393e-02
8.072158743051992616e-03
1.117359143084839176e-02
1.236154275841568236e-02
7.436897477458618254e-03
9.541462436586363102e-03
7.065281675460730396e-03
1.056385469957945265e-02
1.750472331214560084e-02
6.751693019452285720e-03
1.064092445385789523e-02
1.353483235887219423e-02
9.404002681026358418e-03
1.064091702242367203e-02
1.206187362631272464e-02
1.132976498371988418e-02
1.327328280414522346e-02
1.064811314030610599e-02
1.011490909260654401e-02
1.269441547142233923e-02
8.778912383796228999e-03
8.606838983987835992e-03
9.579822227622339370e-03
9.518777710122723612e-03
1.048129690609638474e-02
1.403353494594299089e-02
1.168443461166928168e-02
7.480547373583975972e-03
8.561337180109561407e-03
7.870299894614470049e-03
7.517567172942445260e-03
1.070946318297464998e-02
7.345728602251119788e-03
1.031952602610380042e-02
8.342282329403821403e-03
7.013781493250179598e-03
9.547781307221276173e-03
1.022374251021006784e-02
1.047194089801311429e-02
8.760566305611018276e-03
9.664603790759014601e-03
6.980871869477994415e-03
6.409613975983191603e-03
1.007642034676096976e-02
8.449905251418305188e-03
