1.709744378843943119e+09
1.709744391481345892e+09
1.709744404118608952e+09
1.709744416756864071e+09
1.709744429183965921e+09
1.709744441707676888e+09
1.709744454068097115e+09
1.709744466732219934e+09
1.709744479391112089e+09
1.709744492052891016e+09
1.709744504692212105e+09
1.709744517333487034e+09
1.709744529972796917e+09
1.709744542610429049e+09
1.709744554970066071e+09
1.709744567607604980e+09
1.709744580270437002e+09
1.709744592931566000e+09
1.709744605567779064e+09
1.709744618205058098e+09
1.709744630658535004e+09
1.709744643177249908e+09
1.709744655836992979e+09
1.709744668308409929e+09
1.709744680762223959e+09
1.709744693422640085e+09
1.709744706061125040e+09
1.709744718721791029e+09
1.709744731386898994e+09
1.709744744045175076e+09
1.709744756707986116e+09
1.709744769348325014e+09
1.709744781986411095e+09
1.709744794626188040e+09
1.709744807287350893e+09
1.709744819949614048e+09
1.709744832590647936e+09
1.709744845254687071e+09
1.709744857621260881e+09
1.709744870268754959e+09
1.709744882937571049e+09
1.709744895578999043e+09
1.709744908222764969e+09
1.709744920887310982e+09
1.709744933528072119e+09
1.709744946168711901e+09
1.709744958817132950e+09
1.709744971467056990e+09
1.709744984130027056e+09
1.709744996497080088e+09
1.709745009167016983e+09
1.709745021579766035e+09
1.709745034161289930e+09
1.709745046824928999e+09
1.709745059467780113e+09
1.709745071945041895e+09
1.709745084450635910e+09
1.709745097090534925e+09
1.709745109753609896e+09
1.709745122419148922e+09
1.709745135062792063e+09
1.709745147702476978e+09
1.709745160019108057e+09
1.709745172661055088e+09
1.709745185323616982e+09
1.709745197964862108e+09
1.709745210605999947e+09
1.709745223271897078e+09
1.709745235939688921e+09
1.709745248604950905e+09
1.709745261244239092e+09
1.709745273885622025e+09
1.709745286225208998e+09
1.709745298891905069e+09
1.709745311558490038e+09
1.709745324200587034e+09
1.709745336866347075e+09
1.709745349532572031e+09
1.709745362200114012e+09
1.709745374845041990e+09
1.709745387508663893e+09
1.709745400150312901e+09
1.709745412793431044e+09
1.709745425436031103e+09
1.709745437751271009e+09
1.709745450094993114e+09
1.709745462737915993e+09
1.709745475403547049e+09
1.709745487719764948e+09
1.709745500361623049e+09
1.709745513023351908e+09
1.709745525664638996e+09
1.709745538329125881e+09
1.709745550994172096e+09
1.709745563638231993e+09
1.709745576305994034e+09
1.709745588947021008e+09
1.709745601609705925e+09
1.709745614273391008e+09
1.709745626915131092e+09
1.709745639580971003e+09
1.709745652268953085e+09
1.709745664909943104e+09
1.709745677552656889e+09
1.709745690193027020e+09
1.709745702858042002e+09
1.709745715522435904e+09
1.709745728165385008e+09
1.709745740831536055e+09
1.709745753169567108e+09
1.709745765815525055e+09
1.709745778482381105e+09
1.709745791125174046e+09
1.709745803535135984e+09
1.709745815786407948e+09
1.709745828431757927e+09
1.709745841102562904e+09
1.709745853770849943e+09
1.709745866139786959e+09
1.709745878486183882e+09
1.709745891155642033e+09
1.709745903800865889e+09
1.709745916473236084e+09
1.709745928955327988e+09
1.709745941442761898e+09
1.709745953808234930e+09
1.709745966450862885e+09
1.709745979116610050e+09
1.709745991777412891e+09
1.709746004417875051e+09
1.709746017083432913e+09
1.709746029726531982e+09
1.709746042086790085e+09
1.709746054357712030e+09
1.709746066999974012e+09
1.709746079441680908e+09
1.709746091749197960e+09
1.709746104389923096e+09
1.709746117053683043e+09
1.709746129694525003e+09
1.709746142359921932e+09
1.709746154860671043e+09
1.709746166995497942e+09
