1.704816368339988947e+09
1.704816419344119072e+09
1.704816469632225990e+09
1.704816520674416065e+09
1.704816571532491922e+09
1.704816622080147028e+09
1.704816673102013111e+09
1.704816724132246017e+09
1.704816775176637888e+09
1.704816826092149973e+09
1.704816876864722967e+09
1.704816927871891022e+09
1.704816978675244093e+09
1.704817029512231112e+09
1.704817080497073889e+09
1.704817131581631899e+09
1.704817181539485931e+09
1.704817232209326029e+09
1.704817283315731049e+09
1.704817333630428076e+09
1.704817384715893984e+09
1.704817435398933887e+09
1.704817486058593035e+09
1.704817537088238001e+09
1.704817587739696026e+09
1.704817638817863941e+09
1.704817689845681906e+09
1.704817740532635927e+09
1.704817791530327082e+09
1.704817842250509977e+09
1.704817892906069994e+09
1.704817943968045950e+09
1.704817994717411995e+09
1.704818045411458969e+09
1.704818096087168932e+09
1.704818146809803963e+09
1.704818197498922110e+09
1.704818248572972059e+09
1.704818299685524940e+09
1.704818350707750082e+09
1.704818401849595070e+09
1.704818452912457943e+09
1.704818503979922056e+09
1.704818554703099012e+09
1.704818605711910009e+09
1.704818656759231091e+09
1.704818707803946018e+09
1.704818758819839001e+09
1.704818809508294106e+09
1.704818860543256044e+09
1.704818911624161959e+09
1.704818962740922928e+09
1.704819013453449965e+09
1.704819064319324970e+09
1.704819115356148005e+09
1.704819166470454931e+09
1.704819217527014017e+09
1.704819268354804039e+09
1.704819319324583054e+09
1.704819370396111965e+09
1.704819421456686020e+09
1.704819472539246082e+09
1.704819523232219934e+09
1.704819573984679937e+09
1.704819624665318012e+09
1.704819675412499905e+09
1.704819726545763969e+09
1.704819777608566999e+09
1.704819828681106091e+09
1.704819879441211939e+09
1.704819930210942030e+09
1.704819939171423912e+09
