1.709671996733836889e+09
1.709671998242474079e+09
1.709671999589308023e+09
1.709672053203118086e+09
1.709672054709129095e+09
1.709672056217175961e+09
1.709672057701373100e+09
1.709672059209697008e+09
1.709672060807899952e+09
1.709672062292391062e+09
1.709672063776405096e+09
1.709672065260049105e+09
1.709672066767529964e+09
1.709672068251667023e+09
1.709672069736435890e+09
1.709672071221406937e+09
1.709672072750958920e+09
1.709672074236826897e+09
1.709672075722151995e+09
1.709672077250104904e+09
1.709672078757129908e+09
1.709672080240725040e+09
1.709672081749253988e+09
1.709672083101747036e+09
1.709672091768136978e+09
1.709672093250230074e+09
1.709672094757263899e+09
1.709672095688229084e+09
1.709672291641179085e+09
1.709672293233988047e+09
1.709672294850944996e+09
1.709672296463866949e+09
1.709672298058936119e+09
1.709672299673249960e+09
1.709672301270991087e+09
1.709672302851423025e+09
1.709672303462522984e+09
