1.710542875212888002e+09
1.710542876767052889e+09
1.710542878296621084e+09
1.710542879827083111e+09
1.710542881334156036e+09
1.710542882841159105e+09
1.710542884372596025e+09
1.710542885924993038e+09
1.710542887432015896e+09
1.710542888916251898e+09
1.710542890400384903e+09
1.710542891907762051e+09
1.710542893391057014e+09
1.710542894899286985e+09
1.710542896451445103e+09
1.710542897935250998e+09
1.710542899442311049e+09
1.710542900949887991e+09
1.710542902433726072e+09
1.710542903918318987e+09
1.710542905402405024e+09
1.710542906932235956e+09
1.710542908439760923e+09
1.710542909946921110e+09
1.710542911431047916e+09
1.710542912938179970e+09
1.710542914445369959e+09
1.710542915929533005e+09
1.710542917483244896e+09
1.710542918990781069e+09
1.710542920498131037e+09
1.710542922006884098e+09
1.710542923513008118e+09
1.710542924997231960e+09
1.710542926504719973e+09
1.710542928035032034e+09
1.710542929519396067e+09
1.710542931026864052e+09
1.710542932535319090e+09
1.710542934041852951e+09
1.710542935526098967e+09
1.710542937010478973e+09
1.710542938518066883e+09
1.710542940025367022e+09
1.710542941509577990e+09
1.710542942996748924e+09
1.710542944524801016e+09
1.710542946032030106e+09
1.710542947539661884e+09
1.710542949093823910e+09
1.710542950601385117e+09
1.710542952108661890e+09
1.710542953640196085e+09
1.710542955169390917e+09
1.710542956676703930e+09
1.710542958183830976e+09
1.710542959714204073e+09
1.710542961198569059e+09
1.710542962682167053e+09
1.710542964167529106e+09
1.710542965697103024e+09
1.710542967205786943e+09
1.710542968712431908e+09
1.710542970266251087e+09
1.710542971773510933e+09
1.710542973257597923e+09
1.710542974766089916e+09
1.710542976295500994e+09
1.710542977803020954e+09
1.710542979310434103e+09
1.710542980840980053e+09
1.710542982348270893e+09
1.710542983855659962e+09
1.710542985364815950e+09
1.710542986916690111e+09
1.710542988423818111e+09
1.710542989931139946e+09
1.710542991484734058e+09
1.710542992992043018e+09
1.710542994522753954e+09
1.710542996007227898e+09
1.710542997514661074e+09
1.710542999022167921e+09
1.710543000529428005e+09
1.710543002036768913e+09
1.710543003543864012e+09
1.710543005051067114e+09
1.710543006535005093e+09
1.710543008065654993e+09
1.710543009572916031e+09
1.710543011080319881e+09
1.710543012587764978e+09
1.710543014071693897e+09
1.710543015579194069e+09
1.710543017088279009e+09
1.710543018617242098e+09
1.710543020124743938e+09
1.710543021632225990e+09
1.710543023139653921e+09
1.710543024623919964e+09
1.710543026108114004e+09
1.710543027616715908e+09
1.710543029145884037e+09
1.710543030653256893e+09
1.710543032137363911e+09
1.710543033644591093e+09
1.710543035151604891e+09
1.710543036659018993e+09
1.710543038190949917e+09
1.710543039720197916e+09
1.710543041227550983e+09
1.710543042734667063e+09
1.710543044241906881e+09
1.710543045725644112e+09
1.710543047209753990e+09
1.710543048717051983e+09
1.710543050247510910e+09
1.710543051778079033e+09
1.710543053285465002e+09
1.710543054792880058e+09
1.710543056300261021e+09
1.710543057784226894e+09
1.710543059291409016e+09
1.710543060775610924e+09
1.710543062283209085e+09
1.710543063790570974e+09
1.710543065344636917e+09
1.710543066828891993e+09
1.710543068336308956e+09
1.710543069844073057e+09
1.710543071351464987e+09
1.710543072858726978e+09
1.710543074366039991e+09
1.710543075896287918e+09
1.710543077403481007e+09
1.710543078910824060e+09
1.710543080440923929e+09
1.710543081971493006e+09
1.710543083478688002e+09
1.710543084985657930e+09
1.710543086469615936e+09
1.710543087976648092e+09
1.710543089483882904e+09
1.710543090991100073e+09
1.710543092498624086e+09
1.710543094006067038e+09
1.710543095513442039e+09
1.710543097020657063e+09
1.710543098504796028e+09
1.710543100011858940e+09
1.710543101519746065e+09
1.710543103025927067e+09
1.710543104532906055e+09
1.710543106039618969e+09
1.710543107569875956e+09
1.710543109053750038e+09
1.710543110561103106e+09
1.710543112068042994e+09
1.710543113575300932e+09
1.710543115082387924e+09
1.710543116566386938e+09
1.710543118075445890e+09
1.710543119603910923e+09
1.710543121111151934e+09
1.710543122619224072e+09
1.710543124148622036e+09
1.710543125655746937e+09
1.710543127162302017e+09
1.710543128715557098e+09
1.710543130222425938e+09
1.710543131729403973e+09
1.710543133259294987e+09
1.710543134789333105e+09
1.710543136297739983e+09
1.710543137803610086e+09
1.710543139310697079e+09
1.710543140817781925e+09
1.710543142301631927e+09
1.710543143785567999e+09
1.710543145292467117e+09
1.710543146799323082e+09
1.710543148283370972e+09
1.710543149767277956e+09
1.710543151297501087e+09
1.710543152804792881e+09
1.710543154311681986e+09
1.710543155818572044e+09
1.710543157325407982e+09
1.710543158832397938e+09
1.710543160362507105e+09
1.710543161869422913e+09
1.710543163376571894e+09
1.710543164859589100e+09
1.710543166366291046e+09
1.710543167873142958e+09
1.710543169380072117e+09
1.710543170910367012e+09
1.710543172417248964e+09
1.710543173947235107e+09
1.710543175431010962e+09
1.710543176937989950e+09
1.710543178445101976e+09
1.710543179952030897e+09
1.710543181435663939e+09
1.710543182942610025e+09
1.710543184449551105e+09
1.710543185979515076e+09
1.710543187463033915e+09
1.710543188946671009e+09
1.710543190453656912e+09
1.710543191960808039e+09
1.710543193467811108e+09
1.710543194974818945e+09
1.710543196505069017e+09
1.710543198011981964e+09
1.710543199495604038e+09
1.710543200979453087e+09
1.710543202509383917e+09
1.710543204039228916e+09
1.710543205546096087e+09
1.710543207076312065e+09
1.710543208583450079e+09
1.710543210090188026e+09
1.710543211597517014e+09
1.710543213081135988e+09
1.710543214565613985e+09
1.710543216072591066e+09
1.710543217579750061e+09
1.710543219110224009e+09
1.710543220617494106e+09
1.710543222148709059e+09
1.710543223678002119e+09
1.710543225185267925e+09
1.710543226692567110e+09
1.710543228245866060e+09
1.710543229752902031e+09
1.710543231259789944e+09
1.710543232813585997e+09
1.710543234389693975e+09
1.710543235897104979e+09
1.710543237404742956e+09
1.710543238888910055e+09
1.710543240396318913e+09
1.710543241880456924e+09
1.710543243389430046e+09
1.710543244918190956e+09
1.710543246425663948e+09
1.710543247933235884e+09
1.710543249440393925e+09
1.710543250947623014e+09
1.710543252454992056e+09
1.710543253963289976e+09
1.710543255492482901e+09
1.710543257022706032e+09
1.710543258529755116e+09
1.710543260059941053e+09
1.710543261567094088e+09
1.710543263074418068e+09
1.710543264582375050e+09
1.710543266111923933e+09
1.710543267618920088e+09
1.710543269126020908e+09
1.710543270656414032e+09
1.710543272163474083e+09
1.710543273670397997e+09
1.710543275180391073e+09
1.710543276707616091e+09
1.710543278214466095e+09
1.710543279721575975e+09
1.710543281251861095e+09
1.710543282759016037e+09
1.710543284242933989e+09
1.710543285753818035e+09
1.710543287280199051e+09
1.710543288787446976e+09
1.710543290295110941e+09
1.710543291825618982e+09
1.710543293333189011e+09
1.710543294840413094e+09
1.710543296348318100e+09
1.710543297877774000e+09
1.710543299361943007e+09
1.710543300869019985e+09
1.710543302353291988e+09
1.710543303860733032e+09
1.710543305367679119e+09
1.710543306922293901e+09
1.710543308451638937e+09
1.710543309935710907e+09
1.710543311443195105e+09
1.710543312997068882e+09
1.710543314504966021e+09
1.710543316012609005e+09
1.710543317545084953e+09
1.710543319051115036e+09
1.710543320581927061e+09
1.710543322089267969e+09
1.710543323619880915e+09
1.710543325129201889e+09
1.710543326635361910e+09
1.710543328143873930e+09
1.710543329673007011e+09
1.710543331180145979e+09
1.710543332687470913e+09
1.710543334194946051e+09
1.710543335702450037e+09
1.710543337211273909e+09
1.710543338717356920e+09
1.710543340246691942e+09
1.710543341753786087e+09
1.710543343261040926e+09
1.710543344791716099e+09
1.710543346299061060e+09
1.710543347806406975e+09
1.710543349291407108e+09
1.710543350821166992e+09
1.710543352305449009e+09
1.710543353812764883e+09
1.710543355319701910e+09
1.710543356826767921e+09
1.710543358334078074e+09
1.710543359842962027e+09
1.710543361394613028e+09
1.710543362901809931e+09
1.710543364408953905e+09
1.710543365939358950e+09
1.710543367446695089e+09
1.710543368953944921e+09
1.710543370462325096e+09
1.710543372037853956e+09
1.710543373544964075e+09
1.710543375051990032e+09
1.710543376558974981e+09
1.710543378065758944e+09
1.710543379572704077e+09
1.710543381079412937e+09
1.710543382609617949e+09
1.710543384116791964e+09
1.710543385623621941e+09
1.710543387131352901e+09
1.710543388639285088e+09
1.710543390144932032e+09
1.710543391652906895e+09
1.710543393182267904e+09
1.710543394689479113e+09
1.710543396197612047e+09
1.710543397750320911e+09
1.710543399280962944e+09
1.710543400765197039e+09
1.710543402273525000e+09
1.710543403802918911e+09
1.710543405333303928e+09
1.710543406840435028e+09
1.710543408347928047e+09
1.710543409832159042e+09
1.710543411339436054e+09
1.710543412847583055e+09
1.710543414400645018e+09
1.710543415907898903e+09
1.710543417415215015e+09
1.710543418968789101e+09
1.710543420498975992e+09
1.710543422006115913e+09
1.710543423513360023e+09
1.710543425020596981e+09
1.710543426527570009e+09
1.710543428034502029e+09
1.710543429587941885e+09
1.710543431094928026e+09
1.710543432601991892e+09
1.710543434109334946e+09
1.710543435662967920e+09
1.710543437171955109e+09
1.710543438677123070e+09
1.710543440184201002e+09
1.710543441691334963e+09
1.710543443198600054e+09
1.710543444707701921e+09
1.710543446235960007e+09
1.710543447743051052e+09
1.710543449250217915e+09
1.710543450734322071e+09
1.710543452265263081e+09
1.710543453773479939e+09
1.710543455305493116e+09
1.710543456835257053e+09
1.710543458366276979e+09
1.710543459874114990e+09
1.710543461404985905e+09
1.710543462912946939e+09
1.710543464420854092e+09
1.710543465929033041e+09
1.710543467437269926e+09
1.710543468922260046e+09
1.710543470430139065e+09
1.710543471961271048e+09
1.710543473492290974e+09
1.710543474843404055e+09
