1.711575680955452919e+09
1.711575682434250116e+09
1.711575683913480043e+09
1.711575685432030916e+09
1.711575687021815062e+09
1.711575688611922026e+09
1.711575690201565027e+09
1.711575691783026934e+09
1.711575693356121063e+09
1.711575694946856022e+09
1.711575696545943975e+09
1.711575698058939934e+09
1.711575699536087990e+09
1.711575701013134956e+09
1.711575702530877113e+09
1.711575704115391970e+09
1.711575705685597897e+09
1.711575707275108099e+09
1.711575708870912075e+09
1.711575710468122959e+09
1.711575711982655048e+09
1.711575713459492922e+09
1.711575714936625957e+09
1.711575716448451996e+09
1.711575718019361973e+09
1.711575719610167980e+09
1.711575721201778889e+09
1.711575722716720104e+09
1.711575724192336082e+09
1.711575725671031952e+09
1.711575727187882900e+09
1.711575728764575958e+09
1.711575730341846943e+09
1.711575731930474997e+09
1.711575733444659948e+09
1.711575734920445919e+09
1.711575736396060944e+09
1.711575737914200068e+09
1.711575739489686966e+09
1.711575741064475060e+09
1.711575742575834036e+09
1.711575744051561117e+09
1.711575745527287006e+09
1.711575747049474955e+09
1.711575748568017006e+09
1.711575750045569897e+09
1.711575751522000074e+09
1.711575753039710999e+09
1.711575754550467968e+09
1.711575756026500940e+09
1.711575757503334999e+09
1.711575759015094042e+09
1.711575760592895985e+09
1.711575762113394022e+09
1.711575763591418028e+09
1.711575765069142103e+09
1.711575766589859009e+09
1.711575768197983027e+09
1.711575769706496000e+09
1.711575771183573008e+09
1.711575772659286976e+09
1.711575774175880909e+09
1.711575775753834009e+09
1.711575777343792915e+09
1.711575778919492006e+09
1.711575780504734039e+09
1.711575782015125036e+09
1.711575783490706921e+09
1.711575784968241930e+09
1.711575786479640007e+09
1.711575788047463894e+09
1.711575789638468027e+09
1.711575791218170881e+09
1.711575792808392048e+09
1.711575794409524918e+09
1.711575795994525909e+09
1.711575797569756031e+09
1.711575799169429064e+09
1.711575800681497097e+09
1.711575802157337904e+09
1.711575803633049965e+09
1.711575805146992922e+09
1.711575806725310087e+09
1.711575808302670002e+09
1.711575809893610954e+09
1.711575811491502047e+09
1.711575813008968115e+09
1.711575814485888004e+09
1.711575815962593079e+09
1.711575817481318951e+09
1.711575819064150095e+09
1.711575820632311106e+09
1.711575822141236067e+09
1.711575823617443085e+09
1.711575825093779087e+09
1.711575826614455938e+09
1.711575828124905109e+09
1.711575829603669882e+09
1.711575831081208944e+09
1.711575832599622965e+09
1.711575834171739101e+09
1.711575835762470961e+09
1.711575837363879919e+09
1.711575838878235102e+09
1.711575840356518030e+09
1.711575841835341930e+09
1.711575843358951092e+09
1.711575844880122900e+09
1.711575846356451988e+09
1.711575847838805914e+09
1.711575849359978914e+09
1.711575850882493973e+09
1.711575852359972000e+09
1.711575853845146894e+09
1.711575855366106987e+09
1.711575856882978916e+09
1.711575858360783100e+09
1.711575859845479012e+09
1.711575861367259026e+09
1.711575862958883047e+09
1.711575864530499935e+09
1.711575866036150932e+09
1.711575867513778925e+09
1.711575868990746975e+09
1.711575870516401052e+09
1.711575872030318022e+09
1.711575873507699966e+09
1.711575874984056950e+09
1.711575876504892111e+09
1.711575878017462969e+09
1.711575879494333982e+09
1.711575880972513914e+09
1.711575882484916925e+09
1.711575884065964937e+09
1.711575885647332907e+09
1.711575887161838055e+09
1.711575888639955044e+09
1.711575890117722988e+09
1.711575891638641119e+09
1.711575893221303940e+09
1.711575894795295000e+09
1.711575896389678001e+09
1.711575897984724045e+09
1.711575899573854923e+09
1.711575901165046930e+09
1.711575902744272947e+09
1.711575904316447020e+09
1.711575905914737940e+09
1.711575907504831076e+09
1.711575909035851002e+09
1.711575910513659954e+09
1.711575911992140055e+09
1.711575913509175062e+09
1.711575915022264004e+09
1.711575916501317978e+09
1.711575917977579117e+09
1.711575919491880894e+09
1.711575921061048985e+09
1.711575922643851042e+09
1.711575924166773081e+09
1.711575925643270016e+09
1.711575927120630026e+09
1.711575928638657093e+09
1.711575930227000952e+09
1.711575931810952902e+09
1.711575933381535053e+09
1.711575934975649118e+09
1.711575936487488031e+09
1.711575937968020916e+09
1.711575939445699930e+09
1.711575940965012074e+09
1.711575942477406979e+09
1.711575943955058098e+09
1.711575945433319092e+09
1.711575946951054096e+09
1.711575948519295931e+09
1.711575950114552021e+09
1.711575951703466892e+09
1.711575953309087992e+09
1.711575954901261091e+09
1.711575956483683109e+09
1.711575958067931890e+09
1.711575959581906080e+09
1.711575961058828115e+09
1.711575962536081076e+09
1.711575964052095890e+09
1.711575965570569992e+09
1.711575967048486948e+09
1.711575968525846004e+09
1.711575970038245916e+09
1.711575971612561941e+09
1.711575973213761091e+09
1.711575974795166969e+09
1.711575976365339994e+09
1.711575977883063078e+09
1.711575979361073971e+09
1.711575980839852095e+09
1.711575982362961054e+09
1.711575983877367020e+09
1.711575985355906963e+09
1.711575986834434032e+09
1.711575988347465038e+09
1.711575989928617001e+09
1.711575991451231003e+09
1.711575992929116964e+09
1.711575994407236099e+09
1.711575995929784060e+09
1.711575997531141996e+09
1.711575999045030117e+09
1.711576000522439003e+09
1.711576002000350952e+09
1.711576003518069029e+09
1.711576005110918999e+09
1.711576006695624113e+09
1.711576008303819895e+09
1.711576009889441013e+09
1.711576011401408911e+09
1.711576012879035950e+09
1.711576014358858109e+09
1.711576015871418953e+09
1.711576017443119049e+09
1.711576019047705889e+09
1.711576020556982040e+09
1.711576022036185980e+09
1.711576023514554977e+09
1.711576025031356096e+09
1.711576026615159035e+09
1.711576028184005976e+09
1.711576029778845072e+09
1.711576031371789932e+09
1.711576032963063955e+09
1.711576034557336092e+09
1.711576036135552883e+09
1.711576037721642971e+09
1.711576039322504997e+09
1.711576040924297094e+09
1.711576042442248106e+09
1.711576043921632051e+09
1.711576045399635077e+09
1.711576046916059971e+09
1.711576048503519058e+09
1.711576050072453022e+09
1.711576051588161945e+09
1.711576053067308903e+09
1.711576054546375990e+09
1.711576056060302019e+09
1.711576057634017944e+09
1.711576059237854004e+09
1.711576060761636972e+09
1.711576062240381002e+09
1.711576063717835903e+09
1.711576065240135908e+09
1.711576066758337021e+09
1.711576068237099886e+09
1.711576069715639114e+09
1.711576071233608961e+09
1.711576072821765900e+09
1.711576074402209044e+09
1.711576075990474939e+09
1.711576077593682051e+09
1.711576079181049109e+09
1.711576080698229074e+09
1.711576082177035093e+09
1.711576083656016111e+09
1.711576085175196886e+09
1.711576086685755968e+09
1.711576088165133953e+09
1.711576089644349098e+09
1.711576091157754898e+09
1.711576092739526033e+09
1.711576094331970930e+09
1.711576095859944105e+09
1.711576097338598967e+09
1.711576098817991972e+09
1.711576100341383934e+09
1.711576101862428904e+09
1.711576103341552973e+09
1.711576104821342945e+09
1.711576106341625929e+09
1.711576107927692890e+09
1.711576109511312962e+09
1.711576111106810093e+09
1.711576112698729992e+09
1.711576114278208971e+09
1.711576115863070011e+09
1.711576117381953955e+09
1.711576118860282898e+09
1.711576120338490009e+09
1.711576121861299992e+09
1.711576123462937117e+09
1.711576124993901968e+09
1.711576126473526001e+09
1.711576127952517033e+09
1.711576129478128910e+09
1.711576131000632048e+09
1.711576132478641987e+09
1.711576133958734035e+09
1.711576135475832939e+09
1.711576137069756031e+09
1.711576138658747911e+09
1.711576140230314016e+09
1.711576141826052904e+09
1.711576143426032066e+09
1.711576144944921970e+09
1.711576146423584938e+09
1.711576147901560068e+09
1.711576149424549103e+09
1.711576150934999943e+09
1.711576152413990974e+09
1.711576153892575026e+09
1.711576155411573887e+09
1.711576156997849941e+09
1.711576158566004038e+09
1.711576160161501884e+09
1.711576161763477087e+09
1.711576163282103062e+09
1.711576164762428045e+09
1.711576166241004944e+09
1.711576167765265942e+09
1.711576169283660889e+09
1.711576170762118101e+09
1.711576172241390944e+09
1.711576173763637066e+09
1.711576175370552063e+09
1.711576176888539076e+09
1.711576178367755890e+09
1.711576179846575022e+09
1.711576181362700939e+09
1.711576182946394920e+09
1.711576184519519091e+09
1.711576186130727053e+09
1.711576187721039057e+09
1.711576189240726948e+09
1.711576190720048904e+09
1.711576192199990988e+09
1.711576193718065023e+09
1.711576195237670898e+09
1.711576196715496063e+09
1.711576198194256067e+09
1.711576199715543032e+09
1.711576201229080915e+09
1.711576202708585978e+09
1.711576204188815117e+09
1.711576205706206083e+09
1.711576207276945114e+09
1.711576208866637945e+09
1.711576210465663910e+09
1.711576211979305029e+09
1.711576213459352970e+09
1.711576214937876940e+09
1.711576216459471941e+09
1.711576217975328922e+09
1.711576219454947948e+09
1.711576220935235023e+09
1.711576222455336094e+09
1.711576224040985107e+09
1.711576225611963987e+09
1.711576227203254938e+09
1.711576228801929951e+09
1.711576230397690058e+09
1.711576231985702991e+09
1.711576233558058977e+09
1.711576235134418011e+09
1.711576236714133024e+09
1.711576238243875980e+09
1.711576239724432945e+09
1.711576241205841064e+09
1.711576242729310989e+09
1.711576244246098042e+09
1.711576245724513054e+09
1.711576247202882051e+09
1.711576248723468065e+09
1.711576250315733910e+09
1.711576251885725021e+09
1.711576253486999989e+09
1.711576255079499006e+09
1.711576256689845085e+09
1.711576258289431095e+09
1.711576259807889938e+09
1.711576261287297010e+09
1.711576262767450094e+09
1.711576264292593956e+09
1.711576265898849964e+09
1.711576267425034046e+09
1.711576268905575991e+09
1.711576270386022091e+09
1.711576271908389091e+09
1.711576273502104998e+09
1.711576275019273043e+09
1.711576276500406981e+09
1.711576277981642008e+09
1.711576279504683018e+09
1.711576281022810936e+09
1.711576282503473043e+09
1.711576283984827995e+09
1.711576285505768061e+09
1.711576287097301960e+09
1.711576288670305967e+09
1.711576290260857105e+09
1.711576291856404066e+09
1.711576293380140066e+09
1.711576294860948086e+09
1.711576296341434956e+09
1.711576297865484953e+09
1.711576299387864113e+09
1.711576300867721081e+09
1.711576302347882986e+09
1.711576303869796038e+09
1.711576305387459040e+09
1.711576306866573095e+09
1.711576308345669985e+09
1.711576309866075039e+09
1.711576311378964901e+09
1.711576312858369112e+09
1.711576314338601112e+09
1.711576315854281902e+09
1.711576317426831007e+09
1.711576319030164003e+09
1.711576320629447937e+09
1.711576322230911970e+09
1.711576323825381994e+09
1.711576325429059029e+09
1.711576327038275003e+09
1.711576328632977962e+09
1.711576330145534992e+09
1.711576331624260902e+09
1.711576333105063915e+09
1.711576334631768942e+09
1.711576336238116026e+09
1.711576337825833082e+09
1.711576339409037113e+09
1.711576340990135908e+09
1.711576342508136034e+09
1.711576343989058018e+09
1.711576345470184088e+09
1.711576346994595051e+09
1.711576348591963053e+09
1.711576350173299074e+09
1.711576351759489059e+09
1.711576353351281881e+09
1.711576354922837019e+09
1.711576356525232077e+09
1.711576358118776083e+09
1.711576359717679977e+09
1.711576361316374063e+09
1.711576362831904888e+09
1.711576364312033892e+09
1.711576365791518927e+09
1.711576367316063881e+09
1.711576368835748911e+09
1.711576370316488028e+09
1.711576371796319008e+09
1.711576373324522018e+09
1.711576374842756033e+09
1.711576376324878931e+09
1.711576377804780960e+09
1.711576379330837011e+09
1.711576380935568094e+09
1.711576382551086903e+09
1.711576384153625965e+09
1.711576385674160004e+09
1.711576387154231071e+09
1.711576388633543968e+09
1.711576390158649921e+09
1.711576391761778116e+09
1.711576393359540939e+09
1.711576394874576092e+09
1.711576396354398012e+09
1.711576397833003044e+09
1.711576399351593971e+09
1.711576400864722967e+09
1.711576402345818043e+09
1.711576403826734066e+09
1.711576405344017982e+09
1.711576406929378033e+09
1.711576408524444103e+09
1.711576410042042971e+09
1.711576411524868965e+09
1.711576413006298065e+09
1.711576414529318094e+09
1.711576416008604050e+09
1.711576417487569094e+09
1.711576418970652103e+09
1.711576420517834902e+09
1.711576422119967937e+09
1.711576423713001966e+09
1.711576425306516886e+09
1.711576426878112078e+09
1.711576428481154919e+09
1.711576430087291956e+09
1.711576431681828022e+09
1.711576433201572895e+09
1.711576434681123018e+09
1.711576436168718100e+09
1.711576437695156097e+09
1.711576439212162971e+09
1.711576440693447113e+09
1.711576442176688910e+09
1.711576443709429979e+09
1.711576445312407970e+09
1.711576446826725960e+09
1.711576448306729078e+09
1.711576449788753986e+09
1.711576451316122055e+09
1.711576452835573912e+09
1.711576454316536903e+09
1.711576455797401905e+09
1.711576457326379061e+09
1.711576458940972090e+09
1.711576460543504000e+09
1.711576462143774986e+09
1.711576463744708061e+09
1.711576465269264936e+09
1.711576466749349117e+09
1.711576468231731892e+09
1.711576469756602049e+09
1.711576471279571056e+09
1.711576472758956909e+09
1.711576474240657091e+09
1.711576475769656897e+09
1.711576477370424032e+09
1.711576478893583059e+09
1.711576480373744965e+09
1.711576481853563070e+09
1.711576483371977091e+09
1.711576484890615940e+09
1.711576486370419979e+09
1.711576487851419926e+09
1.711576489370831013e+09
1.711576490969266891e+09
1.711576492486738920e+09
1.711576493967962027e+09
1.711576495448828936e+09
1.711576496967690945e+09
1.711576498554986000e+09
1.711576500129327059e+09
1.711576501722249985e+09
1.711576503321290016e+09
1.711576504925224066e+09
1.711576506512543917e+09
1.711576508104520082e+09
1.711576509705610991e+09
1.711576511302983999e+09
1.711576512819470882e+09
1.711576514301337004e+09
1.711576515781877995e+09
1.711576517311449051e+09
1.711576518919429064e+09
1.711576520519306898e+09
1.711576522036807060e+09
1.711576523517035007e+09
1.711576524997697115e+09
1.711576526521543980e+09
1.711576528038085938e+09
1.711576529520710945e+09
1.711576531002470016e+09
1.711576532524569035e+09
1.711576534104885101e+09
1.711576535696734905e+09
1.711576537217648029e+09
1.711576538697624922e+09
1.711576540179327011e+09
1.711576541703471899e+09
1.711576543324599981e+09
1.711576544918215990e+09
1.711576546533430099e+09
1.711576548124053955e+09
1.711576549727220058e+09
1.711576551246273994e+09
1.711576552729161978e+09
1.711576554215603113e+09
1.711576555742491961e+09
1.711576557278084040e+09
1.711576558761097908e+09
1.711576560243036032e+09
1.711576561772717953e+09
1.711576563366703987e+09
1.711576564889831066e+09
1.711576566371812105e+09
1.711576567853627920e+09
1.711576569375435114e+09
1.711576570969283104e+09
1.711576572551697969e+09
1.711576574138248920e+09
1.711576575657342911e+09
1.711576577137823105e+09
1.711576578618961096e+09
1.711576580138498068e+09
1.711576581724643946e+09
1.711576583299504042e+09
1.711576584899674892e+09
1.711576586495601892e+09
1.711576588096496105e+09
1.711576589613826990e+09
1.711576591094775915e+09
1.711576592575330973e+09
1.711576594098818064e+09
1.711576595694363117e+09
1.711576597286856890e+09
1.711576598865684986e+09
1.711576600448826075e+09
1.711576602052299023e+09
1.711576603662184954e+09
1.711576605260674953e+09
1.711576606855334044e+09
1.711576608470676899e+09
1.711576609988692999e+09
1.711576611468463898e+09
1.711576612949160099e+09
1.711576614475136042e+09
1.711576615999439955e+09
1.711576617481544971e+09
1.711576618964812994e+09
1.711576620496464968e+09
1.711576622087961912e+09
1.711576623613755941e+09
1.711576625094907045e+09
1.711576626575246096e+09
1.711576628101857901e+09
1.711576629708554983e+09
1.711576631315664053e+09
1.711576632915543079e+09
1.711576634431538105e+09
1.711576635913115978e+09
1.711576637449915886e+09
1.711576638977741003e+09
1.711576640558701992e+09
1.711576642145598888e+09
1.711576643745568037e+09
1.711576645354343891e+09
1.711576646969293118e+09
1.711576648563011885e+09
1.711576650178702116e+09
1.711576651781599998e+09
1.711576653369148970e+09
1.711576654965949059e+09
1.711576656485435963e+09
1.711576657966564894e+09
1.711576659448015928e+09
1.711576660974831104e+09
1.711576662579083920e+09
1.711576664185287952e+09
1.711576665706325054e+09
1.711576667187763929e+09
1.711576668668679953e+09
1.711576670194782019e+09
1.711576671795085907e+09
1.711576673320637941e+09
1.711576674802843094e+09
1.711576676285068035e+09
1.711576677815537930e+09
1.711576679345618963e+09
1.711576680828826904e+09
1.711576682313157082e+09
1.711576683839926004e+09
1.711576685446841002e+09
1.711576686960454941e+09
1.711576688441612959e+09
1.711576689923238039e+09
1.711576691447216988e+09
1.711576692963535070e+09
1.711576694445373058e+09
1.711576695928527117e+09
1.711576697455461979e+09
1.711576699053301096e+09
1.711576700574558020e+09
1.711576702056853056e+09
1.711576703538321972e+09
1.711576705068896055e+09
1.711576706591691971e+09
1.711576708073044062e+09
1.711576709554919958e+09
1.711576711089061022e+09
1.711576712695875883e+09
1.711576714297372103e+09
1.711576715907561064e+09
1.711576717518429995e+09
1.711576719112524033e+09
1.711576720718390942e+09
1.711576722237185001e+09
1.711576723720691919e+09
1.711576725201989889e+09
1.711576726730046034e+09
1.711576728245393991e+09
1.711576729726506948e+09
1.711576731208364010e+09
1.711576732731173038e+09
1.711576734252944946e+09
1.711576735735480070e+09
1.711576737216548920e+09
1.711576738742259026e+09
1.711576740269979000e+09
1.711576741753292084e+09
1.711576743236166954e+09
1.711576744768731117e+09
1.711576746373240948e+09
1.711576747888839006e+09
1.711576749372669935e+09
1.711576750854005098e+09
1.711576752381694078e+09
1.711576753975466967e+09
1.711576755496932983e+09
1.711576756980334044e+09
1.711576758463036060e+09
1.711576759992722034e+09
1.711576761610466957e+09
1.711576763216773033e+09
1.711576764725719929e+09
1.711576766207894087e+09
1.711576767691790104e+09
1.711576769222193956e+09
1.711576770829729080e+09
1.711576772429997921e+09
1.711576774037659883e+09
1.711576775561212063e+09
1.711576777043148994e+09
1.711576778527348995e+09
1.711576780066186905e+09
1.711576781659270048e+09
1.711576783179167986e+09
1.711576784661521912e+09
1.711576786143394947e+09
1.711576787670381069e+09
1.711576789188975096e+09
1.711576790672003031e+09
1.711576792153403997e+09
1.711576793673505068e+09
1.711576795293196917e+09
1.711576796812402964e+09
1.711576798294328928e+09
1.711576799779181004e+09
1.711576801308672905e+09
1.711576802828433037e+09
1.711576804310882092e+09
1.711576805794243097e+09
1.711576807326360941e+09
1.711576808931272030e+09
1.711576810531336069e+09
1.711576812055284977e+09
1.711576813538095951e+09
1.711576815022664070e+09
1.711576816550425053e+09
1.711576818075567961e+09
1.711576819558625937e+09
1.711576821040453911e+09
1.711576822565773010e+09
1.711576824091193914e+09
1.711576825574539900e+09
1.711576827057799101e+09
1.711576828583998919e+09
1.711576830193943024e+09
1.711576831804090977e+09
1.711576833418658972e+09
1.711576834938323021e+09
1.711576836422229052e+09
1.711576837907807112e+09
1.711576839439034939e+09
1.711576841043798923e+09
1.711576842565875053e+09
1.711576844049592018e+09
1.711576845532285929e+09
1.711576847059808016e+09
1.711576848587974072e+09
1.711576850069561958e+09
1.711576851552000046e+09
1.711576853077651978e+09
1.711576854675277948e+09
1.711576856204138994e+09
1.711576857685885906e+09
1.711576859167412996e+09
1.711576860694308043e+09
1.711576862297493935e+09
1.711576863909713030e+09
1.711576865507734060e+09
1.711576867110793114e+09
1.711576868713164091e+09
1.711576870238868952e+09
1.711576871722598076e+09
1.711576873206988096e+09
1.711576874739268064e+09
1.711576876345654964e+09
1.711576877941776991e+09
1.711576879458364964e+09
1.711576880939645052e+09
1.711576882421828032e+09
1.711576883945442915e+09
1.711576885466953993e+09
1.711576886949876070e+09
1.711576888433125019e+09
1.711576889962528944e+09
1.711576891565716028e+09
1.711576893161401987e+09
1.711576894757280111e+09
1.711576896346582890e+09
1.711576897939613104e+09
1.711576899545253992e+09
1.711576901147444010e+09
1.711576902747205019e+09
1.711576904357583046e+09
1.711576905873923063e+09
1.711576907357712984e+09
1.711576908840125084e+09
1.711576910366009951e+09
1.711576911959909916e+09
1.711576913571664095e+09
1.711576915157505989e+09
1.711576916728694916e+09
1.711576918336743116e+09
1.711576919936168909e+09
1.711576921542643070e+09
1.711576923142040968e+09
1.711576924756973982e+09
1.711576926352982998e+09
1.711576927957515955e+09
1.711576929569412947e+09
1.711576931169967890e+09
1.711576932778918028e+09
1.711576934382709026e+09
1.711576935981173038e+09
1.711576937586747885e+09
1.711576939191237926e+09
1.711576940794691086e+09
1.711576942409034014e+09
1.711576944009231091e+09
1.711576945618920088e+09
1.711576947216500998e+09
1.711576948827258110e+09
1.711576950441683054e+09
1.711576951964613914e+09
1.711576953450975895e+09
1.711576954937819958e+09
1.711576956464484930e+09
1.711576957985156059e+09
1.711576959469522953e+09
1.711576960954303980e+09
1.711576962485740900e+09
1.711576964087291002e+09
1.711576965613845110e+09
1.711576967097223997e+09
1.711576968580678940e+09
1.711576970112440109e+09
1.711576971719558954e+09
1.711576973323925972e+09
1.711576974839354992e+09
1.711576976324001074e+09
1.711576977805869102e+09
1.711576979333518982e+09
1.711576980929673910e+09
1.711576982516808033e+09
1.711576984099945068e+09
1.711576985708049059e+09
1.711576987304475069e+09
1.711576988823822021e+09
1.711576990306751013e+09
1.711576991789596081e+09
1.711576993318886995e+09
1.711576994933767080e+09
1.711576996524605989e+09
1.711576998141962051e+09
1.711576999662404060e+09
1.711577001146078110e+09
1.711577002629355907e+09
1.711577004160893917e+09
1.711577005686408043e+09
1.711577007170511007e+09
1.711577008653501987e+09
1.711577010185843945e+09
1.711577011796747923e+09
1.711577013395885944e+09
1.711577014984951973e+09
1.711577016582777023e+09
1.711577018187318087e+09
1.711577019782824039e+09
1.711577021299762964e+09
1.711577022783063889e+09
1.711577024266005039e+09
1.711577025797795057e+09
1.711577027408538103e+09
1.711577029011118889e+09
1.711577030609437943e+09
1.711577032209217072e+09
1.711577033728890896e+09
1.711577035211824894e+09
1.711577036696660995e+09
1.711577038225514889e+09
1.711577039834795952e+09
1.711577041431219101e+09
1.711577043031649113e+09
1.711577044639076948e+09
1.711577046243227005e+09
1.711577047859497070e+09
1.711577049454591990e+09
1.711577051062385082e+09
1.711577052662395954e+09
1.711577054248617887e+09
1.711577055837508917e+09
1.711577057454401970e+09
1.711577059067742109e+09
1.711577060596745968e+09
1.711577062080914974e+09
1.711577063565638065e+09
1.711577065095503092e+09
1.711577066700892925e+09
1.711577068306520939e+09
1.711577069897624016e+09
1.711577071511936903e+09
1.711577073121176004e+09
1.711577074727184057e+09
1.711577076331727028e+09
1.711577077924067020e+09
1.711577079540674925e+09
1.711577081057672024e+09
1.711577082540860891e+09
1.711577084024727106e+09
1.711577085551109076e+09
1.711577087155142069e+09
1.711577088666539907e+09
1.711577090149015903e+09
1.711577091635049105e+09
1.711577093166423082e+09
1.711577094772598982e+09
1.711577096376086950e+09
1.711577097981838942e+09
1.711577099590044022e+09
1.711577101192751884e+09
1.711577102799016953e+09
1.711577104403294086e+09
1.711577106007432938e+09
1.711577107605314970e+09
1.711577109210361004e+09
1.711577110823257923e+09
1.711577112425837040e+09
1.711577114009978056e+09
1.711577115616039038e+09
1.711577117154530048e+09
1.711577118639834881e+09
1.711577120124176025e+09
1.711577121648957014e+09
1.711577123246757030e+09
1.711577124844073057e+09
1.711577126458404064e+09
1.711577128062298059e+09
1.711577129666531086e+09
1.711577131261945009e+09
1.711577132869285107e+09
1.711577134470611095e+09
1.711577136084639072e+09
1.711577137690628052e+09
1.711577139286696911e+09
1.711577140894870043e+09
1.711577142506371021e+09
1.711577144109107018e+09
1.711577145715958118e+09
1.711577147307862043e+09
1.711577148925273895e+09
1.711577150529005051e+09
1.711577152136276007e+09
1.711577153738255024e+09
1.711577155336827993e+09
1.711577156938561916e+09
1.711577158555295944e+09
1.711577160157572985e+09
1.711577161771565914e+09
1.711577163367687941e+09
1.711577164980743885e+09
1.711577166587163925e+09
1.711577168186161995e+09
1.711577169788395882e+09
1.711577171395867109e+09
1.711577172910921097e+09
1.711577174394539118e+09
1.711577175878276110e+09
1.711577177403228045e+09
1.711577179010843992e+09
1.711577180622854948e+09
1.711577182222280979e+09
1.711577183823982000e+09
1.711577185426605940e+09
1.711577187032700062e+09
1.711577188625497103e+09
1.711577190217915058e+09
1.711577191747353077e+09
1.711577193231023073e+09
1.711577194719311953e+09
1.711577196250025034e+09
1.711577197852071047e+09
1.711577199466398954e+09
1.711577201070209026e+09
1.711577202674237013e+09
1.711577204279346943e+09
1.711577205877161026e+09
1.711577207487509012e+09
1.711577209087408066e+09
1.711577210690680981e+09
1.711577212286361933e+09
1.711577213879899979e+09
1.711577215462630033e+09
1.711577216990659952e+09
1.711577218474034071e+09
1.711577219958024025e+09
1.711577221482656002e+09
1.711577223091974974e+09
1.711577224615050077e+09
1.711577226099813938e+09
1.711577227583873987e+09
1.711577229113583088e+09
1.711577230633814096e+09
1.711577232118163109e+09
1.711577233601063013e+09
1.711577235129748106e+09
1.711577236731683969e+09
1.711577238337999105e+09
1.711577239956590891e+09
1.711577241553527117e+09
1.711577243150445938e+09
1.711577244747586012e+09
1.711577246272809982e+09
1.711577247757272959e+09
1.711577249240847111e+09
1.711577250767307997e+09
1.711577252379673958e+09
1.711577253991694927e+09
1.711577255586685896e+09
1.711577257187346935e+09
1.711577258806742907e+09
1.711577260398699045e+09
1.711577262009211063e+09
1.711577263616906881e+09
1.711577265229001045e+09
1.711577266839492083e+09
1.711577268360142946e+09
1.711577269844392061e+09
1.711577271329161882e+09
1.711577272859349966e+09
1.711577274465790987e+09
1.711577276066807032e+09
1.711577277595076084e+09
1.711577279080801010e+09
1.711577280566088915e+09
1.711577282094826937e+09
1.711577283699146986e+09
1.711577285308509111e+09
1.711577286834233999e+09
1.711577288319518089e+09
1.711577289804785013e+09
1.711577291334799051e+09
1.711577292950934887e+09
1.711577294555032015e+09
1.711577296157800913e+09
1.711577297691057920e+09
1.711577299182373047e+09
1.711577300668015957e+09
1.711577302195656061e+09
1.711577303808156967e+09
1.711577305412655115e+09
1.711577307004874945e+09
1.711577308608947992e+09
1.711577310215279102e+09
1.711577311832401037e+09
1.711577313345676899e+09
1.711577314831835985e+09
1.711577316317121983e+09
1.711577317843931913e+09
1.711577319436399937e+09
1.711577321055075884e+09
1.711577322652188063e+09
1.711577324175252914e+09
1.711577325661573887e+09
1.711577327146851063e+09
1.711577328681612015e+09
1.711577330292357922e+09
1.711577331815220118e+09
1.711577333298130989e+09
1.711577334781419992e+09
1.711577336312901020e+09
1.711577337935317993e+09
1.711577339538490057e+09
1.711577341152455091e+09
1.711577342769985914e+09
1.711577344379199982e+09
1.711577345989737034e+09
1.711577347613559008e+09
1.711577349212759018e+09
1.711577350824620008e+09
1.711577352421351910e+09
1.711577354034552097e+09
1.711577355631913900e+09
1.711577357242046118e+09
1.711577358853688955e+09
1.711577360377219915e+09
1.711577361862598896e+09
1.711577363347048044e+09
1.711577364876813889e+09
1.711577366400316954e+09
1.711577367885270119e+09
1.711577369369098902e+09
1.711577370900501966e+09
1.711577372501797915e+09
1.711577374118577957e+09
1.711577375640666962e+09
1.711577377125478983e+09
1.711577378607945919e+09
1.711577380135435104e+09
1.711577381655344009e+09
1.711577383139476061e+09
1.711577384622786999e+09
1.711577386152919054e+09
1.711577387756365061e+09
1.711577389367877007e+09
1.711577390977682114e+09
1.711577392586983919e+09
1.711577394186629057e+09
1.711577395708982944e+09
1.711577397193451881e+09
1.711577398680769920e+09
1.711577400211466074e+09
1.711577401820525885e+09
1.711577403427403927e+09
1.711577405041739941e+09
1.711577406645149946e+09
1.711577408249743938e+09
1.711577409855720043e+09
1.711577411454921961e+09
1.711577413058597088e+09
1.711577414575794935e+09
1.711577416058904886e+09
1.711577417542810917e+09
1.711577419067655087e+09
1.711577420587110043e+09
1.711577422069958925e+09
1.711577423553972006e+09
1.711577425089711905e+09
1.711577426691622019e+09
1.711577428313098907e+09
1.711577429917526960e+09
1.711577431522125959e+09
1.711577433119010925e+09
1.711577434721920013e+09
1.711577436340792894e+09
1.711577437954770088e+09
1.711577439479257107e+09
1.711577440964380026e+09
1.711577442450048923e+09
1.711577443978499889e+09
1.711577445588540077e+09
1.711577447207874060e+09
1.711577448738681078e+09
1.711577450223805904e+09
1.711577451709783077e+09
1.711577453241911888e+09
1.711577454855011940e+09
1.711577456452162027e+09
1.711577458065685987e+09
1.711577459668644905e+09
1.711577461269406080e+09
1.711577462880829096e+09
1.711577464477449894e+09
1.711577466088908911e+09
1.711577467686671972e+09
1.711577469292943001e+09
1.711577470818641901e+09
1.711577472304001093e+09
1.711577473788103104e+09
1.711577475319367886e+09
1.711577476943445921e+09
1.711577478561027050e+09
1.711577480122452021e+09
1.711577480664594889e+09
