1.704319273530457020e+09
1.704319296539299965e+09
1.704319319582593918e+09
1.704319342601475954e+09
1.704319364948072910e+09
1.704319387808659077e+09
1.704319410829106092e+09
1.704319433844818115e+09
1.704319456458353996e+09
1.704319479474030018e+09
1.704319502448363066e+09
1.704319525473468065e+09
1.704319548457542896e+09
1.704319571083017111e+09
1.704319594058571100e+09
1.704319617081073999e+09
1.704319640071316004e+09
1.704319663051609039e+09
1.704319686048837900e+09
1.704319709052608013e+09
1.704319732073112965e+09
1.704319755090784073e+09
1.704319778114288092e+09
1.704319801143105030e+09
1.704319824172225952e+09
1.704319847217509031e+09
1.704319852114552975e+09
