1.710353880976980925e+09
1.710353882460913897e+09
1.710353883944987059e+09
1.710353885452222109e+09
1.710353886936470032e+09
1.710353888420631886e+09
1.710353889929258108e+09
1.710353891529601097e+09
1.710353893129569054e+09
1.710353894729801893e+09
1.710353896330010891e+09
1.710353897930325985e+09
1.710353899530031919e+09
1.710353901129781961e+09
1.710353902752609015e+09
1.710353904375880003e+09
1.710353905975759983e+09
1.710353907598972082e+09
1.710353909222203016e+09
1.710353910845912933e+09
1.710353912446253061e+09
1.710353914046720982e+09
1.710353915670310020e+09
1.710353917293665886e+09
1.710353918917048931e+09
1.710353920517587900e+09
1.710353922118041992e+09
1.710353923741244078e+09
1.710353925341551065e+09
1.710353926941180944e+09
1.710353928564769030e+09
1.710353930188224077e+09
1.710353931788367987e+09
1.710353933340838909e+09
1.710353934848401070e+09
1.710353936355864048e+09
1.710353937887768030e+09
1.710353939510785103e+09
1.710353941111030102e+09
1.710353942734649897e+09
1.710353944357949018e+09
1.710353945957679033e+09
1.710353947582102060e+09
1.710353949205595970e+09
1.710353950828232050e+09
1.710353952451874971e+09
1.710353954074875116e+09
1.710353955698003054e+09
1.710353957299206018e+09
1.710353958899727106e+09
1.710353960499824047e+09
1.710353962122828007e+09
1.710353963724006891e+09
1.710353965324328899e+09
1.710353966924032927e+09
1.710353968547739983e+09
1.710353970171479940e+09
1.710353971795303106e+09
1.710353973419044971e+09
1.710353975042347908e+09
1.710353976666112900e+09
1.710353978290261984e+09
1.710353979914195061e+09
1.710353981537564039e+09
1.710353983137963057e+09
1.710353984738445044e+09
1.710353986338581085e+09
1.710353987962907076e+09
1.710353989586472034e+09
1.710353991186892033e+09
1.710353992810358047e+09
1.710353994433872938e+09
1.710353996034543991e+09
1.710353997634274006e+09
1.710353999258052111e+09
1.710354000882224083e+09
1.710354002482458115e+09
1.710354004083498001e+09
1.710354005683434963e+09
1.710354007307507992e+09
1.710354008907902956e+09
1.710354010507431984e+09
1.710354012130840063e+09
1.710354013755677938e+09
1.710354015355489016e+09
1.710354016978363037e+09
1.710354018601378918e+09
1.710354020224740028e+09
1.710354021847753048e+09
1.710354023470262051e+09
1.710354025092994928e+09
1.710354026716461897e+09
1.710354028315258026e+09
1.710354029938281059e+09
1.710354031561508894e+09
1.710354033184644938e+09
1.710354034783947945e+09
1.710354036406517029e+09
1.710354038029059887e+09
1.710354039652322054e+09
1.710354041275948048e+09
1.710354042874794960e+09
1.710354044497776985e+09
1.710354046121129990e+09
1.710354047744483948e+09
1.710354049367222071e+09
1.710354050966675043e+09
1.710354052589818954e+09
1.710354054213373899e+09
1.710354055835674047e+09
1.710354057437428951e+09
1.710354059058029890e+09
1.710354060658416033e+09
1.710354062257595062e+09
1.710354063880805016e+09
1.710354065503802061e+09
1.710354067126637936e+09
1.710354068726615906e+09
1.710354070349518061e+09
1.710354071949450016e+09
1.710354073572669983e+09
1.710354075176302910e+09
1.710354076795840979e+09
1.710354078417768002e+09
1.710354080016941071e+09
1.710354081616877079e+09
1.710354083216424942e+09
1.710354084816524982e+09
1.710354086416337967e+09
1.710354088015604973e+09
1.710354089615362883e+09
1.710354091214564085e+09
1.710354092814280033e+09
1.710354094415661097e+09
1.710354096014920950e+09
1.710354097637814999e+09
1.710354099237720966e+09
1.710354100837276936e+09
1.710354102437247992e+09
1.710354104036678076e+09
1.710354105637025118e+09
1.710354107237025976e+09
1.710354108836817026e+09
1.710354110436769009e+09
1.710354112036179066e+09
1.710354113636799097e+09
1.710354115236752033e+09
1.710354116836229086e+09
1.710354118436610937e+09
1.710354120037440062e+09
1.710354121636684895e+09
1.710354123236649036e+09
1.710354124837047100e+09
1.710354126437872887e+09
1.710354128037190914e+09
1.710354129637726068e+09
1.710354131237478018e+09
1.710354132837625980e+09
1.710354134438095093e+09
1.710354136038064003e+09
1.710354137638140917e+09
1.710354139238528013e+09
1.710354140838596106e+09
1.710354142438445091e+09
1.710354144037832975e+09
1.710354145637984991e+09
1.710354147237978935e+09
1.710354148838080883e+09
1.710354150438019991e+09
1.710354152038362026e+09
1.710354153638405085e+09
1.710354155237721920e+09
1.710354156838501930e+09
1.710354158438314915e+09
1.710354160038654089e+09
1.710354161637809992e+09
1.710354163238327026e+09
1.710354164837953091e+09
1.710354166438081026e+09
1.710354168037993908e+09
1.710354169638638020e+09
1.710354171239171982e+09
1.710354172840771914e+09
1.710354174462996960e+09
1.710354176063354015e+09
1.710354177663356066e+09
1.710354179263482094e+09
1.710354180863975048e+09
1.710354182464384079e+09
1.710354184087429047e+09
1.710354185687705040e+09
1.710354187310723066e+09
1.710354188910751104e+09
1.710354190515415907e+09
1.710354192111350060e+09
1.710354193710495949e+09
1.710354195310816050e+09
1.710354196911390066e+09
1.710354198511372089e+09
1.710354200111582041e+09
1.710354201711544991e+09
1.710354203241281986e+09
1.710354204725632906e+09
1.710354206210053921e+09
1.710354207718487024e+09
1.710354209318932056e+09
1.710354210919598103e+09
1.710354212520181894e+09
1.710354214143824100e+09
1.710354215744154930e+09
1.710354217344520092e+09
1.710354218945017099e+09
1.710354220545224905e+09
1.710354222145768881e+09
1.710354223746172905e+09
1.710354225351640940e+09
1.710354226946670055e+09
1.710354228546821117e+09
1.710354230147202969e+09
1.710354231747515917e+09
1.710354233348033905e+09
1.710354234949270010e+09
1.710354236553288937e+09
1.710354238151968002e+09
1.710354239752604008e+09
1.710354241353178978e+09
1.710354242954296112e+09
1.710354244555650949e+09
1.710354246156071901e+09
1.710354247756843090e+09
1.710354249357414007e+09
1.710354250956738949e+09
1.710354252557643890e+09
1.710354254157893896e+09
1.710354255758131981e+09
1.710354257358463049e+09
1.710354258958211899e+09
1.710354260558471918e+09
1.710354262158097982e+09
1.710354263759677887e+09
1.710354265365573883e+09
1.710354266960069895e+09
1.710354268561333895e+09
1.710354270160878897e+09
1.710354271760951042e+09
1.710354273361264944e+09
1.710354274961786985e+09
1.710354276561983109e+09
1.710354278162198067e+09
1.710354279762897968e+09
1.710354281363002062e+09
1.710354282963397026e+09
1.710354284563813925e+09
1.710354286163665056e+09
1.710354287764591932e+09
1.710354289364746094e+09
1.710354290965200901e+09
1.710354292565140009e+09
1.710354294165659904e+09
1.710354295766494036e+09
1.710354297366374016e+09
1.710354298966252089e+09
1.710354300567558050e+09
1.710354302166419983e+09
1.710354303742486954e+09
1.710354305226448059e+09
1.710354306710858107e+09
1.710354308245690107e+09
1.710354309843219042e+09
1.710354311442760944e+09
1.710354313043908119e+09
1.710354314644090891e+09
1.710354316267473936e+09
1.710354317867626905e+09
1.710354319467457056e+09
1.710354321067998886e+09
1.710354322690741062e+09
1.710354324291668892e+09
1.710354325892034054e+09
1.710354327491986990e+09
1.710354329092144012e+09
1.710354330692461967e+09
1.710354332293287992e+09
1.710354333893640041e+09
1.710354335493479967e+09
1.710354337094309092e+09
1.710354338694622040e+09
1.710354340295485020e+09
1.710354341895762920e+09
1.710354343496131897e+09
1.710354345096081018e+09
1.710354346696192980e+09
1.710354348296607971e+09
1.710354349896483898e+09
1.710354351496632099e+09
1.710354353096009016e+09
1.710354354696223021e+09
1.710354356296698093e+09
1.710354357896840096e+09
1.710354359496629953e+09
1.710354361096612930e+09
1.710354362696640968e+09
1.710354364296574116e+09
1.710354365896656036e+09
1.710354367496725082e+09
1.710354369097086906e+09
1.710354370697329044e+09
1.710354372297367096e+09
1.710354373897470951e+09
1.710354375497176886e+09
1.710354377098972082e+09
1.710354378698817015e+09
1.710354380298578978e+09
1.710354381898608923e+09
1.710354383498564959e+09
1.710354385098429918e+09
1.710354386699444056e+09
1.710354388299911022e+09
1.710354389899642944e+09
1.710354391500092983e+09
1.710354393100267887e+09
1.710354394700397968e+09
1.710354396300379992e+09
1.710354397901482105e+09
1.710354399501569033e+09
1.710354401102643967e+09
1.710354402701303005e+09
1.710354404302380085e+09
1.710354405902800083e+09
1.710354407502974987e+09
1.710354409103257895e+09
1.710354410705895901e+09
1.710354412303389072e+09
1.710354413903914928e+09
1.710354415503675938e+09
1.710354417104531050e+09
1.710354418727225065e+09
1.710354420327655077e+09
1.710354421927628040e+09
1.710354423527316093e+09
1.710354425127021074e+09
1.710354426726972103e+09
1.710354428326684952e+09
1.710354429927867889e+09
1.710354431527863979e+09
1.710354433127504110e+09
1.710354434727447987e+09
1.710354436327727079e+09
1.710354437928416967e+09
1.710354439530632973e+09
1.710354441128659964e+09
1.710354442728765011e+09
1.710354444328566074e+09
1.710354445928937912e+09
1.710354447528924942e+09
1.710354449129074097e+09
1.710354450753048897e+09
1.710354452352897882e+09
1.710354453952693939e+09
1.710354455552711010e+09
1.710354457152445078e+09
1.710354458753020048e+09
1.710354460353204012e+09
1.710354461953679085e+09
1.710354463554368019e+09
1.710354465153717041e+09
1.710354466753464937e+09
1.710354468354075909e+09
1.710354469954864979e+09
1.710354471554833889e+09
1.710354473156899929e+09
1.710354474756980896e+09
1.710354476356223106e+09
1.710354477956533909e+09
1.710354479556827068e+09
1.710354481156600952e+09
1.710354482732640982e+09
1.710354482921828985e+09
