1.710534725781657934e+09
1.710534727333826065e+09
1.710534728864295006e+09
1.710534730371705055e+09
1.710534731878803968e+09
1.710534733433083057e+09
1.710534734986460924e+09
1.710534736494050026e+09
1.710534738024450064e+09
1.710534739555429935e+09
1.710534741085870028e+09
1.710534742593364954e+09
1.710534744100991011e+09
1.710534745607803106e+09
1.710534747115403891e+09
1.710534748622682095e+09
1.710534750131009102e+09
1.710534751660156965e+09
1.710534753167269945e+09
1.710534754674499989e+09
1.710534756205094099e+09
1.710534757712553024e+09
1.710534759243117094e+09
1.710534760775901079e+09
1.710534762327187061e+09
1.710534763834427118e+09
1.710534765341751099e+09
1.710534766848985910e+09
1.710534768379477024e+09
1.710534769886575937e+09
1.710534771393771887e+09
1.710534772924284935e+09
1.710534774431421041e+09
1.710534775938777924e+09
1.710534777469011068e+09
1.710534778976057053e+09
1.710534780483246088e+09
1.710534781990606070e+09
1.710534783521246910e+09
1.710534785028563023e+09
1.710534786535909891e+09
1.710534788043405056e+09
1.710534789550605059e+09
1.710534791057992935e+09
1.710534792543205023e+09
1.710534794049588919e+09
1.710534795533507109e+09
1.710534797040883064e+09
1.710534798524910927e+09
1.710534800008923054e+09
1.710534801492712975e+09
1.710534802978180885e+09
1.710534804483726025e+09
1.710534805967423916e+09
1.710534807451085091e+09
1.710534808934912920e+09
1.710534810419003010e+09
1.710534811926547050e+09
1.710534813433731079e+09
1.710534814940807104e+09
1.710534816424791098e+09
1.710534817933167934e+09
1.710534819415999889e+09
1.710534820923110962e+09
1.710534822430252075e+09
1.710534823938664913e+09
1.710534825444228888e+09
1.710534826928303957e+09
1.710534828435657978e+09
1.710534829942984104e+09
1.710534831450620890e+09
1.710534832957578897e+09
1.710534834465442896e+09
1.710534835994549036e+09
1.710534837501662970e+09
1.710534839008894920e+09
1.710534840515930891e+09
1.710534841999675989e+09
1.710534843483342886e+09
1.710534844967713118e+09
1.710534846497425079e+09
1.710534847981326103e+09
1.710534849465159893e+09
1.710534850972306013e+09
1.710534852456027985e+09
1.710534853940203905e+09
1.710534855424987078e+09
1.710534856931296110e+09
1.710534858415199995e+09
1.710534859898788929e+09
1.710534861382519007e+09
1.710534862866256952e+09
1.710534864350141048e+09
1.710534865834098101e+09
1.710534867340169907e+09
1.710534868847137928e+09
1.710534870354259014e+09
1.710534871861335039e+09
1.710534873344765902e+09
1.710534874828815937e+09
1.710534876337256908e+09
1.710534877843023062e+09
1.710534879326673031e+09
1.710534880810362101e+09
1.710534882293962002e+09
1.710534883777838945e+09
1.710534885262046099e+09
1.710534886746364117e+09
1.710534888276267052e+09
1.710534889783148050e+09
1.710534891290153027e+09
1.710534892773986101e+09
1.710534894258102894e+09
1.710534895741981030e+09
1.710534897225668907e+09
1.710534898732587099e+09
1.710534900216267109e+09
1.710534901699846029e+09
1.710534903184166908e+09
1.710534904690227032e+09
1.710534906173957109e+09
1.710534907657577038e+09
1.710534909141305923e+09
1.710534910648102045e+09
1.710534912154858112e+09
1.710534913639533043e+09
1.710534915145307064e+09
1.710534916628912926e+09
1.710534918158863068e+09
1.710534919642577887e+09
1.710534921126290083e+09
1.710534922610177040e+09
1.710534924094619989e+09
1.710534925600825071e+09
1.710534927084420919e+09
1.710534928568017006e+09
1.710534930051681042e+09
1.710534931535523891e+09
1.710534933019088030e+09
1.710534934503660917e+09
1.710534936009798050e+09
1.710534937493783951e+09
1.710534938977693081e+09
1.710534940461844921e+09
1.710534941945728064e+09
1.710534943452825069e+09
1.710534944937649965e+09
1.710534946466988087e+09
1.710534947974574089e+09
1.710534949457974911e+09
1.710534950965253115e+09
1.710534952449116945e+09
1.710534953955806017e+09
1.710534955440479994e+09
1.710534956946595907e+09
1.710534958430675983e+09
1.710534959915131092e+09
1.710534961421536922e+09
1.710534962928610086e+09
1.710534964412153006e+09
1.710534965897198915e+09
1.710534967402400017e+09
1.710534968886166096e+09
1.710534970393234968e+09
1.710534971877063036e+09
1.710534973361069918e+09
1.710534974844654083e+09
1.710534976329559088e+09
1.710534977835335016e+09
1.710534979342427015e+09
1.710534980849436998e+09
1.710534982333463907e+09
1.710534983817554951e+09
1.710534985301579952e+09
1.710534986787450075e+09
1.710534988292440891e+09
1.710534989776171923e+09
1.710534991283030033e+09
1.710534992767168999e+09
1.710534994274207115e+09
1.710534995781435966e+09
1.710534997291510105e+09
1.710534998865360022e+09
1.710535000349432945e+09
1.710535001832962990e+09
1.710535003316906929e+09
1.710535004800649881e+09
1.710535006284638882e+09
1.710535007768807888e+09
1.710535009274893045e+09
1.710535010758510113e+09
1.710535012242250919e+09
1.710535013749202013e+09
1.710535015256150961e+09
1.710535016740207911e+09
1.710535018225352049e+09
1.710535019731314898e+09
1.710535021214757919e+09
1.710535022698499918e+09
1.710535024182379961e+09
1.710535025689580917e+09
1.710535027174324036e+09
1.710535028658546925e+09
1.710535030165642023e+09
1.710535031650207043e+09
1.710535033134510040e+09
1.710535034665416002e+09
1.710535036150054932e+09
1.710535037657573938e+09
1.710535039165349007e+09
1.710535040649758101e+09
1.710535042157404900e+09
1.710535043663919926e+09
1.710535045170877934e+09
1.710535046677800894e+09
1.710535048161670923e+09
1.710535049645997047e+09
1.710535051177309036e+09
1.710535052659651041e+09
1.710535054166846037e+09
1.710535055673918009e+09
1.710535057159363985e+09
1.710535058641226053e+09
1.710535060125870943e+09
1.710535061631674051e+09
1.710535063115390062e+09
1.710535064598854065e+09
1.710535066082359076e+09
1.710535067566057920e+09
1.710535069049978971e+09
1.710535070534714937e+09
1.710535072041676044e+09
1.710535073548798084e+09
1.710535075032797098e+09
1.710535076516598940e+09
1.710535078023938894e+09
1.710535079507643938e+09
1.710535080992247105e+09
1.710535082498758078e+09
1.710535083982884884e+09
1.710535085466795921e+09
1.710535086997056007e+09
1.710535088504479885e+09
1.710535089988163948e+09
1.710535091472925901e+09
1.710535092979178905e+09
1.710535094463162899e+09
1.710535095946894884e+09
1.710535097430850029e+09
1.710535098915100098e+09
1.710535100421979904e+09
1.710535101931149006e+09
1.710535103436719894e+09
1.710535104920784950e+09
1.710535106427911043e+09
1.710535107935259104e+09
1.710535109442703009e+09
1.710535110949562073e+09
1.710535112434886932e+09
1.710535113940216064e+09
1.710535115447314978e+09
1.710535116954370975e+09
1.710535118461419106e+09
1.710535119945292950e+09
1.710535121452312946e+09
1.710535122983194113e+09
1.710535124513149977e+09
1.710535125997252941e+09
1.710535127481313944e+09
1.710535128965460062e+09
1.710535130449465036e+09
1.710535131956680059e+09
1.710535133463881016e+09
1.710535134971282959e+09
1.710535136478923082e+09
1.710535137985842943e+09
1.710535139493108988e+09
1.710535140977240086e+09
1.710535142461321115e+09
1.710535143945393085e+09
1.710535145477905035e+09
1.710535146960195065e+09
1.710535148444173098e+09
1.710535149974245071e+09
1.710535151458390951e+09
1.710535152942353964e+09
1.710535154426537991e+09
1.710535155910641909e+09
1.710535157394588947e+09
1.710535158878762007e+09
1.710535160362763882e+09
1.710535161846740961e+09
1.710535163330907106e+09
1.710535164815118074e+09
1.710535166300304890e+09
1.710535167782824993e+09
1.710535169266428947e+09
1.710535170750385046e+09
1.710535172234383106e+09
1.710535173741350889e+09
1.710535175225385904e+09
1.710535176709227085e+09
1.710535178193236113e+09
1.710535179677059889e+09
1.710535181184093952e+09
1.710535182669208050e+09
1.710535184174711943e+09
1.710535185681926966e+09
1.710535187189030886e+09
1.710535188672703981e+09
1.710535190180000067e+09
1.710535191687215090e+09
1.710535193194552898e+09
1.710535194701767921e+09
1.710535196185992002e+09
1.710535197670190096e+09
1.710535199154108047e+09
1.710535200638221025e+09
1.710535202122351885e+09
1.710535203606198072e+09
1.710535205090241909e+09
1.710535206574549913e+09
1.710535208058996916e+09
1.710535209543147087e+09
1.710535211027381897e+09
1.710535212511559963e+09
1.710535213995414019e+09
1.710535215479326963e+09
1.710535216963473082e+09
1.710535218447160006e+09
1.710535219931500912e+09
1.710535221414942980e+09
1.710535222898631096e+09
1.710535224382385969e+09
1.710535225866116047e+09
1.710535227350054979e+09
1.710535228834063053e+09
1.710535230318013906e+09
1.710535231802071095e+09
1.710535233286269903e+09
1.710535234770271063e+09
1.710535236254468918e+09
1.710535237738589048e+09
1.710535239222618103e+09
1.710535240729677916e+09
1.710535242239105940e+09
1.710535243767684937e+09
1.710535245251914978e+09
1.710535246736438036e+09
1.710535248243921041e+09
1.710535249820285082e+09
1.710535251304411888e+09
1.710535252788289070e+09
1.710535254295917988e+09
1.710535255779613972e+09
1.710535257263417959e+09
1.710535258747395992e+09
1.710535260231412888e+09
1.710535261738141060e+09
1.710535263221992016e+09
1.710535264705805063e+09
1.710535266191318035e+09
1.710535267673887968e+09
1.710535269157924891e+09
1.710535270641983032e+09
1.710535272127269983e+09
1.710535273609553099e+09
1.710535275093389034e+09
1.710535276577220917e+09
1.710535278061772108e+09
1.710535279567887068e+09
1.710535281051620960e+09
1.710535282558836937e+09
1.710535284042691946e+09
1.710535285526643038e+09
1.710535287010763884e+09
1.710535288494398117e+09
1.710535289978252888e+09
1.710535291461910963e+09
1.710535292946011066e+09
1.710535294429924011e+09
1.710535295913625956e+09
1.710535297397481918e+09
1.710535298881445885e+09
1.710535300365312099e+09
1.710535301871997118e+09
1.710535303355858088e+09
1.710535304862735987e+09
1.710535306346666098e+09
1.710535307830832958e+09
1.710535309317358971e+09
1.710535310822351933e+09
1.710535312375863075e+09
1.710535313882996082e+09
1.710535315390413046e+09
1.710535316921044111e+09
1.710535318428423882e+09
1.710535319912765980e+09
1.710535321397006035e+09
1.710535322904521942e+09
1.710535324457941055e+09
1.710535325047049046e+09
