8.885123333041235194e-03
9.564155955772460707e-03
1.116259142757568268e-02
1.250750032791814355e-02
1.711922532638551070e-02
8.854685087792350806e-03
1.590193599848663264e-02
1.229233715947853842e-02
1.274610817509374411e-02
1.131943329553942480e-02
1.379697692279096416e-02
1.140681279043646683e-02
1.035723112782089422e-02
1.300281011469009949e-02
1.111931235077017605e-02
8.519147802715060572e-03
1.198557207115361414e-02
1.799802478773883038e-02
9.885205362325807585e-03
1.217577180938872114e-02
1.102917999876325619e-02
9.075893322857466264e-03
1.230845082458813418e-02
1.299101758478286503e-02
2.121587124145472500e-02
8.791295217761193811e-03
1.155672202076685542e-02
1.030086764699856758e-02
1.036840718075307359e-02
1.206650369984105763e-02
1.056812398012078880e-02
9.648570154342384769e-03
1.102172428461630285e-02
1.224547580285233021e-02
1.144357171038346520e-02
8.654272498752828280e-03
1.060749835794396780e-02
1.556854026465981193e-02
1.652385029099298283e-02
1.376787631774595115e-02
1.060482331737176188e-02
1.623192369308175051e-02
1.310530133599679611e-02
9.607864042360976520e-03
1.295037094030156329e-02
9.399567829876246880e-03
1.300303761840135991e-02
9.843045108379787703e-03
9.752206041865571148e-03
1.091625734708103618e-02
1.217533316203508326e-02
9.619353911423903988e-03
9.280400713572492175e-03
8.357704613803975183e-03
1.098039676128380673e-02
1.059619120454651821e-02
9.862716937198595310e-03
1.090813249017333168e-02
1.175235672297545581e-02
9.773662451081124511e-03
1.016460650254690477e-02
1.311274938964862233e-02
9.556511285352573340e-03
1.352015849584723740e-02
1.096514633663409934e-02
8.877006549189778509e-03
1.218004589886880970e-02
1.205078934233298760e-02
8.903681503425915633e-03
1.016786230041592971e-02
1.227927416069349298e-02
1.318712530738672464e-02
9.054720272098531683e-03
1.153145273760242638e-02
1.246917728774805077e-02
1.064913762988753052e-02
1.127374785384261530e-02
1.265838376960509541e-02
8.861776974952212740e-03
1.051237941983777270e-02
1.062448536634948669e-02
1.063192767701444733e-02
1.417897367826765481e-02
9.672518872157920278e-03
1.217164664512215833e-02
1.379574565535284132e-02
9.054218424058776971e-03
9.075476379291911103e-03
1.412989959138733279e-02
9.400631368637196728e-03
1.154085203061479617e-02
1.268758547889658680e-02
1.226338040587729092e-02
9.949064956814052119e-03
1.063734599231855489e-02
9.939817426308211051e-03
1.041710189050686769e-02
1.467773211527557096e-02
1.052290367581146420e-02
1.145984472894040311e-02
1.512559008754773074e-02
8.386343327641324757e-03
1.154835395569817763e-02
1.180429059908792190e-02
1.455722963474929271e-02
1.190413473740498974e-02
1.263443953379134004e-02
1.250806028940675517e-02
1.343247887948222259e-02
1.111137753879320143e-02
9.354821002941665284e-03
1.275292825996681215e-02
1.346876200918305927e-02
1.098887154899081710e-02
1.066125373226218392e-02
1.074721792818974023e-02
1.249281932142700877e-02
1.052026896233418732e-02
1.226268694345884411e-02
1.089525803547321432e-02
1.268391099471131642e-02
1.130053781513735978e-02
8.473140330733392594e-03
1.106826340348957688e-02
9.539757669921456254e-03
8.332651931053926611e-03
9.424711625020646896e-03
1.026714329239582398e-02
1.118267677215914468e-02
1.225248915016116831e-02
1.443803566527715465e-02
1.374640801921534275e-02
1.110527006972276270e-02
1.378701544234630511e-02
9.212604906464381960e-03
8.188216203702157470e-03
2.163899432539777290e-02
1.131814963485331532e-02
8.533362597346348666e-03
1.352374342637738085e-02
1.058570580568413133e-02
9.718597973133940443e-03
1.077009072810782009e-02
1.098694255041774391e-02
8.930609670938824407e-03
1.383375057243959975e-02
1.360159067804361452e-02
1.235729694063669032e-02
1.110915109293369660e-02
1.553351713510372004e-02
1.259548412070517903e-02
1.362913186020554834e-02
1.302846764771689765e-02
1.293644584880286087e-02
1.250342398810587972e-02
1.155149908506469640e-02
1.303290232066060816e-02
1.459627661346815652e-02
1.236124309975700566e-02
9.509485947858206667e-03
1.343644791424561738e-02
1.143869580317720056e-02
1.358434044935038013e-02
1.097237261029651578e-02
1.095071219909386946e-02
1.145970809513086400e-02
1.064099766855863653e-02
1.471562886824919619e-02
1.226673889496547078e-02
9.895470358479858605e-03
8.006655112497835375e-03
1.079686467501333839e-02
1.071919887494953566e-02
1.186293836684138882e-02
9.625423098069433789e-03
8.676422036202658533e-03
1.100721224120600195e-02
1.314565488127423208e-02
8.552830797175012614e-03
1.073866462540781080e-02
9.613155727746347523e-03
1.010056336390905557e-02
9.457951798047680922e-03
1.576220917271356145e-02
8.693462132935663236e-03
9.148321255706248767e-03
1.038365513195065558e-02
1.052092631874268665e-02
1.046799492453930232e-02
1.295572545671084923e-02
9.689387028391588386e-03
8.943731160517555748e-03
1.552320883339644055e-02
1.082751099243829847e-02
1.060158591734365260e-02
1.478666409568310178e-02
1.373383198254488936e-02
1.067476229017425698e-02
1.462478014783560702e-02
1.275274250541436928e-02
1.213896624633959039e-02
1.449857174732207057e-02
1.047885139021820754e-02
9.139765974927405515e-03
1.438074109665827931e-02
1.445114188294005508e-02
8.061868196040452780e-03
1.406102065045343637e-02
9.480192960902120158e-03
9.967840182741263474e-03
9.705334449994202847e-03
9.741153234429908436e-03
1.100408356890557326e-02
1.161324727566116939e-02
1.467572012710466334e-02
1.172790764977847851e-02
1.002288685995376960e-02
1.265716481092769331e-02
1.296146941365088415e-02
1.107962585710210897e-02
1.357212098186741205e-02
1.412529831988457510e-02
1.482523519365607986e-02
1.527276352244848895e-02
1.440825627026795334e-02
1.162237905114014806e-02
1.021299132601317591e-02
1.134185598243334613e-02
1.179601707012910110e-02
1.050947697371022033e-02
1.474969298250201725e-02
1.280382624327194852e-02
1.038764731174452415e-02
1.953824135997079062e-02
1.099018594903789468e-02
1.058471102217002115e-02
1.508290997352917766e-02
1.106905705453400945e-02
1.176093475002154727e-02
1.020710274207792256e-02
1.301960218527101025e-02
1.079378478470046157e-02
1.051824559147786740e-02
1.262988718493786994e-02
1.262826691009076747e-02
1.022167004994022771e-02
1.060975749644472999e-02
1.125895682732706501e-02
8.729996909722263082e-03
1.412924958619409671e-02
1.392049051509414159e-02
1.094490385994378520e-02
1.030472169581152404e-02
1.165200681973601465e-02
9.833593158291955780e-03
1.032881728896870195e-02
1.388909993881499126e-02
1.280782751160914820e-02
1.149625289653164600e-02
9.911317839833405294e-03
1.394243497800012194e-02
9.444250071462668636e-03
9.543924014933737043e-03
1.321632788705163868e-02
9.448741353805065191e-03
1.148972554183355470e-02
1.412927713232844766e-02
9.813455495871417286e-03
1.160990260535849777e-02
1.543694786561793098e-02
1.268228883906282606e-02
1.403662196511108046e-02
1.227378021174468925e-02
9.266381039596125607e-03
9.761089307959847430e-03
1.132796255274921837e-02
9.943221990955972145e-03
1.103386379525595450e-02
1.509101267062538596e-02
1.372309611648495943e-02
1.034923104072554660e-02
1.780418010133847859e-02
1.207947740664024050e-02
1.431323781581102239e-02
1.600111478843437018e-02
1.134973945932485698e-02
1.156823725105870712e-02
1.042860179419394760e-02
1.232510699951778338e-02
1.288815681953893628e-02
1.562769831094136183e-02
1.110332876986287395e-02
1.071506792218245886e-02
1.225514754462153633e-02
1.061564662640479551e-02
1.174553710726128353e-02
9.701575339315577848e-03
1.321479012710647868e-02
1.330995625565025396e-02
1.158817227993686437e-02
1.313025857638549371e-02
1.357952619437459083e-02
1.169038638502547384e-02
1.352479517151037453e-02
1.424434509407196577e-02
1.095617010520785750e-02
1.037880230421323047e-02
1.272274171070036930e-02
1.302800460716078447e-02
1.125103553197824742e-02
1.428976321299507170e-02
1.306996032125078491e-02
1.031281471382338062e-02
1.437357856670767181e-02
1.114475485818850094e-02
1.044121903912867584e-02
1.332430479996568953e-02
9.827303553343153322e-03
8.835443786714322276e-03
1.503542164837009046e-02
1.161602141247189066e-02
9.604306637736448674e-03
1.492468625462330112e-02
1.308121210688707910e-02
9.399359034916779029e-03
1.709917527979641638e-02
1.184287690653543917e-02
1.536719409506108296e-02
1.335169331873238378e-02
1.540652238856325858e-02
1.576621683357695702e-02
1.261991219765752278e-02
1.186673709468372487e-02
1.401460359826408632e-02
1.215296417571982111e-02
1.314701775359632813e-02
1.381488994807276473e-02
1.419350893324010723e-02
1.216802855696130781e-02
1.378006756363922385e-02
1.503701400747308077e-02
1.252330163068245128e-02
1.097373672383388475e-02
1.490809153814189915e-02
1.251993548732925968e-02
9.637433978135170887e-03
1.278847320289188717e-02
1.013841696317820638e-02
1.079563295833095397e-02
1.492159943013456058e-02
9.051673429730521664e-03
1.213784745439237117e-02
1.159532902628903663e-02
1.163143578592152651e-02
1.026168988155828736e-02
8.465935343494400411e-03
9.457163142500257455e-03
1.014644383239433900e-02
8.825565560628531939e-03
1.987745476447743895e-02
1.087101860179417838e-02
1.049007629159169272e-02
1.089292630757370157e-02
1.081733358672152742e-02
1.070115654776645532e-02
9.944066447889390176e-03
1.295568588104551583e-02
8.135410976865698612e-03
9.048204062916714169e-03
9.235319915931692117e-03
8.347876936067442910e-03
7.652239369455812214e-03
1.091240535271688350e-02
1.008785879368533610e-02
7.886114338394801387e-03
1.154940557971126727e-02
1.020588361530041892e-02
8.978722600287945832e-03
1.184186833495615501e-02
9.481317510323813980e-03
7.202813940508552733e-03
1.085807353764589936e-02
9.506208962397660195e-03
8.122498446106405853e-03
1.046186646433243730e-02
1.143795846922622365e-02
1.362640906385102421e-02
9.534058023868266507e-03
1.012544073963235654e-02
1.000336462301946484e-02
1.261635887873930467e-02
1.166608792941139366e-02
9.529404431978518927e-03
1.019689658905716979e-02
8.257341279708903248e-03
1.032793343326113798e-02
8.567537459178622278e-03
1.002284014175417251e-02
1.184962197980315816e-02
8.601637869614741846e-03
9.520939001440827457e-03
1.455203278666393138e-02
1.008610838663655425e-02
1.375781959005312367e-02
1.011432110931886723e-02
1.104667615620519988e-02
9.018258151790685406e-03
9.505551223552897652e-03
9.752801153849776847e-03
1.176441420154056804e-02
1.170316348927572317e-02
1.186269334057854681e-02
9.408261862601113162e-03
1.032084274222558502e-02
1.179880711022211412e-02
8.923294992830342262e-03
9.325460344142791347e-03
1.049746423413592915e-02
8.017082706891286853e-03
8.285872001235752501e-03
9.566012144855055507e-03
