2.067428576294122120e-02
1.103660088155504655e-02
1.028445311847952896e-02
1.053182190403357740e-02
1.024745470736319712e-02
1.689146431170060469e-02
7.881025360124895018e-03
1.238961564259858164e-02
1.005679979759516000e-02
8.091279199335473307e-03
9.919118275582380906e-03
9.463408687334265434e-03
8.089902963407426262e-03
9.556732567945203094e-03
1.179087209557731081e-02
8.912180087315089635e-03
8.986873747741685667e-03
1.007880893051414130e-02
8.164702492229836128e-03
8.886403867756863945e-03
1.120553875991565744e-02
8.636353148688437689e-03
9.411509716009267695e-03
9.882994790794566095e-03
7.101690305089892498e-03
8.142635898993376767e-03
8.631283225714166119e-03
9.071495317339178105e-03
8.859018504006119579e-03
9.925796915629673395e-03
8.486740685502491138e-03
8.780390343940179185e-03
9.003461840400074981e-03
1.074760280065191996e-02
9.430461400211349529e-03
1.178727928592207194e-02
1.162868176939282384e-02
8.623429387551432082e-03
9.864556308877402840e-03
1.301744365314124255e-02
9.744844165960575913e-03
1.165969507060411921e-02
1.101412333502097864e-02
1.081866346604698492e-02
1.365700728743191039e-02
1.114850794060115273e-02
7.803560325167167681e-03
1.094855020741305682e-02
1.027448340201757987e-02
1.137895405332819965e-02
1.003908652629602501e-02
1.286223681349779775e-02
1.238764551050150833e-02
1.064401867136287490e-02
9.035118947234110562e-03
1.084342600175372713e-02
9.369702756958543308e-03
1.335563686749757437e-02
1.626553999397872471e-02
9.177492779887518048e-03
9.451539301490072612e-03
1.130308179405979316e-02
8.438942575142813207e-03
8.785709411386002574e-03
1.153700291526618162e-02
8.117698099820038968e-03
1.062065045475420536e-02
1.407836574202383020e-02
1.028413554338298251e-02
9.618360384693658283e-03
9.636108619813682150e-03
1.008572969993451994e-02
9.274602572945120013e-03
1.128105993496006723e-02
1.126148969501854571e-02
1.109467971734638507e-02
1.048962064150678157e-02
1.657326576570048934e-02
1.173194558836248777e-02
9.830275130250348131e-03
9.946238681735341397e-03
7.995952729062272973e-03
8.476169356272355779e-03
1.016681408454817373e-02
7.752362644726742101e-03
1.048659817438476333e-02
1.012355161140919731e-02
8.724016376154681424e-03
9.929888855142354059e-03
8.815245308706165864e-03
8.503211829172052302e-03
1.010783105062919122e-02
1.046053666121072451e-02
8.439664016413614758e-03
9.668161178790431881e-03
1.073529876687023300e-02
8.925893957967211481e-03
8.642803042213684922e-03
9.217071582258783147e-03
9.264923942754185043e-03
1.001761539769820825e-02
7.802465170737416141e-03
8.192252778849669348e-03
1.223643765463249856e-02
1.040415840814019194e-02
1.011086849554535677e-02
1.113450096087988984e-02
1.159713783130542596e-02
9.810365565566421531e-03
1.034127497951238192e-02
1.200659561622644325e-02
9.633832713158875863e-03
1.049203378067638595e-02
1.240925241191210941e-02
8.250938209333326043e-03
9.043942325968412979e-03
8.315888937244728454e-03
1.134656605350147125e-02
9.108072950538838655e-03
1.007587749216247094e-02
9.412092725310369432e-03
8.640039698825173475e-03
9.743473715510276786e-03
1.098064653882361089e-02
8.250773471012452440e-03
9.836951259767953704e-03
9.529591616048561573e-03
8.841080947261631406e-03
6.369696379552891932e-03
1.196605966406813319e-02
7.148906183830059692e-03
1.281404207166210278e-02
8.236874619736619593e-03
1.061987958151743364e-02
1.118161948617461994e-02
8.489302147570340282e-03
1.559728974467830889e-02
1.325273509681632565e-02
9.711406767817593044e-03
1.185689904829883602e-02
1.091071557852514758e-02
8.361880788972157058e-03
1.206327244012111999e-02
1.328509868218248104e-02
7.519274376599749052e-03
8.154128562298251434e-03
1.061391892630922720e-02
8.912080907267189503e-03
9.870184078116753246e-03
8.792103122263347781e-03
-9.398504510404026568e-02
1.099431519287790912e-02
1.090655516926998872e-02
7.583037595102264279e-03
1.013760404040528820e-02
9.901517988690827429e-03
7.323355342929544279e-03
8.852654202304995404e-03
8.313551460135929980e-03
7.033598066450904088e-03
7.956710586335751303e-03
1.219092523162988370e-02
9.633203214268803993e-03
8.814609412024743476e-03
1.018489987639691237e-02
1.082533298615663900e-02
1.267120636171356444e-02
8.732633165695250985e-03
8.142243338470321612e-03
8.809451552286481565e-03
9.892040430939790310e-03
9.281745958993148013e-03
8.974042909978571445e-03
8.414588168640758231e-03
1.020459594622940940e-02
7.831036813630943422e-03
8.319885396762791846e-03
1.041258942785623469e-02
9.696962093272637820e-03
8.857252917004881237e-03
9.590199182181527449e-03
9.785100283303883525e-03
9.179875506375048330e-03
1.119026974776445200e-02
1.346531254307035616e-02
1.117525299205560617e-02
1.109197706849931325e-02
9.040150786765543608e-03
9.611326323170715780e-03
9.921544377188735997e-03
1.259824243164159308e-02
7.701081495736944796e-03
9.458769930864519698e-03
1.158116308029399390e-02
9.371550524363423534e-03
1.038224368925269245e-02
8.800544725007054814e-03
8.492526270421124970e-03
9.264323108401025658e-03
1.042804784946995030e-02
7.651858032674879392e-03
9.415345037244981716e-03
1.015434209738162036e-02
8.277983401715306028e-03
1.119630788694311180e-02
8.786371565529173255e-03
8.639597887991344247e-03
7.899113320805286123e-03
9.467909133929863774e-03
9.093616827751189319e-03
9.554867413657047726e-03
9.536795078599140038e-03
1.093615271500735474e-02
8.634203377572924332e-03
1.009958051580004020e-02
1.096728738551674791e-02
8.334172836970694942e-03
9.263126221558523263e-03
1.162316378926457963e-02
8.758968688002233965e-03
8.302949598540977638e-03
1.138009980619923700e-02
9.505124967322182636e-03
9.506707105873448554e-03
8.336753724396125248e-03
8.951106123309371734e-03
8.632503019696117705e-03
9.319839145614594936e-03
8.793673304457500992e-03
7.970024089957183228e-03
9.679137568070929690e-03
1.004851350592373370e-02
1.055706954282033087e-02
9.041208454569184608e-03
1.025000640511113635e-02
8.480674900906834054e-03
9.017396682124001819e-03
8.281564378705481844e-03
9.557243358890445128e-03
1.037912856948389889e-02
9.331114528888195120e-03
1.184374905955995309e-02
7.636422555125316723e-03
8.865392743781922921e-03
1.089415388511552098e-02
8.966645299117462220e-03
8.871305496064348789e-03
9.432862395469915687e-03
7.700509862198980093e-03
9.344918665026518897e-03
8.824989067893366373e-03
8.298993983258767110e-03
7.103711465892607012e-03
1.011924277588471463e-02
9.721156047539952771e-03
7.898507969210854726e-03
8.296853553963362896e-03
7.585080994980078484e-03
9.318509792459194613e-03
6.655984014676196228e-03
9.675927926895321746e-03
9.285040236661665572e-03
7.729244049528832990e-03
9.151623097601070678e-03
1.140529975815356492e-02
7.615429121615541370e-03
8.204585609667034221e-03
8.866316277653588443e-03
7.243605356938682786e-03
8.320111713287978855e-03
1.039288661858064552e-02
8.411091770534076528e-03
8.442512802667756153e-03
1.156322312671294664e-02
7.291693789029856342e-03
7.458278121400271389e-03
8.389742708168120011e-03
6.944975014860053225e-03
7.704086531134741837e-03
9.186100978305517320e-03
6.437285405801849644e-03
7.533484636924880906e-03
7.673193188492719724e-03
7.016903097623165310e-03
8.316767532653000783e-03
7.127417891994084105e-03
8.349864767970180748e-03
7.489245971253989838e-03
8.506189985312750598e-03
7.937807556444194390e-03
8.394022696880523021e-03
6.905097900441675880e-03
8.221044255558201605e-03
7.728492277944912746e-03
7.342097393270543421e-03
8.703654751487273356e-03
7.546969991329269267e-03
7.909508401781992215e-03
7.859204920251659440e-03
1.009967237051556319e-02
1.006343685658868739e-02
9.089573919443484987e-03
1.046499024746092715e-02
8.005905330225633956e-03
7.864205945946946621e-03
9.199420173130230458e-03
8.157022010290681385e-03
8.654046828017321683e-03
1.027239764144531088e-02
8.159628076774760527e-03
8.574458343674833463e-03
7.506285892817010121e-03
7.087055847666607136e-03
8.321801346383271222e-03
8.535973827924822968e-03
7.677205127172155065e-03
8.128657179102861952e-03
8.360206540720376694e-03
1.033197068019977953e-02
7.556280932011066702e-03
9.412593171626484206e-03
8.296726930444212056e-03
8.831926867455975466e-03
7.821974759479058403e-03
7.095913465731256212e-03
7.712288957707359900e-03
7.810148643005432149e-03
7.295176408479985518e-03
7.698362966556159155e-03
8.402775044751009670e-03
7.450391626145517164e-03
8.514592183306621265e-03
7.489761946817412828e-03
7.949127297844298112e-03
7.827865116433010625e-03
8.242103218555703673e-03
7.337231027299711585e-03
7.434656750819822538e-03
7.313758853199917899e-03
7.429670542236455587e-03
9.034310187398782513e-03
8.586223912802870215e-03
8.236425536576288953e-03
8.953269871034607100e-03
8.104904241348263871e-03
8.537402525226599551e-03
8.718069501394839008e-03
8.149087036026252465e-03
9.496378665379405851e-03
1.059676214582208273e-02
1.328775395341469726e-02
1.082136045438589385e-02
9.255250450121325217e-03
1.183115052094908803e-02
1.024289872446143730e-02
8.965172815675733972e-03
1.055483311022341157e-02
9.951569555225706076e-03
9.670876703861495255e-03
1.097016700519497581e-02
1.164318368426236171e-02
1.111446060568380134e-02
9.964348866032198687e-03
1.189482979722869885e-02
1.053367106437242719e-02
1.176815426931190380e-02
1.057139163114967535e-02
1.341726364425948476e-02
9.877643712834683828e-03
1.160768102583510653e-02
1.254688875543323590e-02
1.082548199750589871e-02
9.805601722731118602e-03
1.467107871279873209e-02
1.131154660876692794e-02
1.182395879394881714e-02
1.195066077554444821e-02
1.146044309023753344e-02
9.732652867902173363e-03
9.959148963226338233e-03
1.062133044649809718e-02
1.056453472818879788e-02
1.110957772137832408e-02
9.639443738377974358e-03
1.027838122514610104e-02
1.206172378893577597e-02
9.154287476564264281e-03
1.334715010298764132e-02
1.161418957183578404e-02
1.322988554040149291e-02
9.699218050327668150e-03
9.466013601663880728e-03
8.469985429903688356e-03
9.661805196746180852e-03
8.965986683756385286e-03
1.318793011127828568e-02
9.966255439305304192e-03
9.214824903223952160e-03
1.038350947211073849e-02
1.025257681570132182e-02
8.673879270438554154e-03
1.078338250213490591e-02
1.156993974896740850e-02
9.856900772559356802e-03
9.636226669893064103e-03
1.148837031390098282e-02
1.112385916099214826e-02
9.717984139361420665e-03
1.020170589483632151e-02
1.016479648912839082e-02
9.563653635504692357e-03
1.089952143525020276e-02
1.019273803805828549e-02
1.150876708444471472e-02
1.188637417256488416e-02
1.153829965271698128e-02
1.106586056106341129e-02
1.020257811290980164e-02
1.329404273715770364e-02
8.527502746657920560e-03
8.876128155855747201e-03
