1.709918645557930946e+09
1.709918658221540928e+09
1.709918670864320040e+09
1.709918683509583950e+09
1.709918696175971031e+09
1.709918708842744112e+09
1.709918721507320881e+09
1.709918734148013115e+09
1.709918746813954115e+09
1.709918759455380917e+09
1.709918772122540951e+09
1.709918784790726900e+09
1.709918797455600023e+09
1.709918810121119976e+09
1.709918822769141912e+09
1.709918835413379908e+09
1.709918848060096979e+09
1.709918860706774950e+09
1.709918873352534056e+09
1.709918885999116898e+09
1.709918898666142941e+09
1.709918911333813906e+09
1.709918923980248928e+09
1.709918936648519039e+09
1.709918949295397043e+09
1.709918961942519903e+09
1.709918974606004000e+09
1.709918987128921032e+09
1.709918999563386917e+09
1.709919012205549002e+09
1.709919024846292973e+09
1.709919037509917974e+09
1.709919050151256084e+09
1.709919062306515932e+09
1.709919074671803951e+09
1.709919087335284948e+09
1.709919100002399921e+09
1.709919112646297932e+09
1.709919125078965902e+09
1.709919137630480051e+09
1.709919150274070978e+09
1.709919162919090986e+09
1.709919175564774990e+09
1.709919188206180096e+09
1.709919200848133087e+09
1.709919213494081020e+09
1.709919226159275055e+09
1.709919235863241911e+09
