1.709932109600534916e+09
1.709932111084574938e+09
1.709932112615447044e+09
1.709932114217041969e+09
1.709932115817526102e+09
1.709932117440926075e+09
1.709932119041239977e+09
1.709932120642040014e+09
1.709932122265903950e+09
1.709932123866311073e+09
1.709932125490479946e+09
1.709932127115036964e+09
1.709932128738348961e+09
1.709932130362169981e+09
1.709932131986398935e+09
1.709932133609369993e+09
1.709932135233330965e+09
1.709932136833687067e+09
1.709932138458235025e+09
1.709932140057890892e+09
1.709932141680991888e+09
1.709932143304816961e+09
1.709932144880254984e+09
1.709932146364742994e+09
1.709932147849172115e+09
1.709932149381218910e+09
1.709932151005363941e+09
1.709932152606319904e+09
1.709932154206423044e+09
1.709932155808170080e+09
1.709932157430883884e+09
1.709932159031939030e+09
1.709932160655267000e+09
1.709932162255723000e+09
1.709932163879740953e+09
1.709932165527050018e+09
1.709932167150178909e+09
1.709932168750096083e+09
1.709932170374304056e+09
1.709932171997783899e+09
1.709932173621289015e+09
1.709932175221067905e+09
1.709932176845129967e+09
1.709932178445228100e+09
1.709932180069745064e+09
1.709932181669404030e+09
1.709932183292784929e+09
1.709932184892906904e+09
1.709932186517255068e+09
1.709932188119409084e+09
1.709932189743642092e+09
1.709932191369434118e+09
1.709932192992624998e+09
1.709932194594074011e+09
1.709932196218764067e+09
1.709932197820112944e+09
1.709932199373068094e+09
1.709932200858026981e+09
1.709932202343213081e+09
1.709932203875983000e+09
1.709932205500298023e+09
1.709932207102195978e+09
1.709932208726305962e+09
1.709932210351274014e+09
1.709932211951948881e+09
1.709932213553000927e+09
1.709932215177594900e+09
1.709932216778805971e+09
1.709932218403538942e+09
1.709932220004533052e+09
1.709932221628904104e+09
1.709932223230057955e+09
1.709932224831494093e+09
1.709932226432296038e+09
1.709932228056935072e+09
1.709932229658186913e+09
1.709932231282824993e+09
1.709932232884815931e+09
1.709932234508388996e+09
1.709932236109181881e+09
1.709932237733679056e+09
1.709932239334800005e+09
1.709932240958580017e+09
1.709932242582608938e+09
1.709932244206782103e+09
1.709932245807750940e+09
1.709932247431866884e+09
1.709932249031955957e+09
1.709932250655148029e+09
1.709932252256247997e+09
1.709932253879729033e+09
1.709932255503235102e+09
1.709932257126718044e+09
1.709932258728030920e+09
1.709932260351619959e+09
1.709932261951823950e+09
1.709932263575572968e+09
1.709932265199497938e+09
1.709932266800379992e+09
1.709932268401634932e+09
1.709932270024909019e+09
1.709932271626831055e+09
1.709932273249697924e+09
1.709932274872498989e+09
1.709932276496503115e+09
1.709932278097039938e+09
1.709932279720247984e+09
1.709932281367434978e+09
1.709932282991278887e+09
1.709932284592035055e+09
1.709932286215801001e+09
1.709932287816943884e+09
1.709932289440221071e+09
1.709932291041726112e+09
1.709932292665636063e+09
1.709932294265712976e+09
1.709932295889384031e+09
1.709932297513329029e+09
1.709932299138000011e+09
1.709932300761178970e+09
1.709932302384171963e+09
1.709932304008457899e+09
1.709932305608656883e+09
1.709932307209224939e+09
1.709932308833535910e+09
1.709932310456996918e+09
1.709932312081378937e+09
1.709932313682071924e+09
1.709932315306015015e+09
1.709932316906569958e+09
1.709932318530221939e+09
1.709932320130341053e+09
1.709932321753760099e+09
1.709932323329766989e+09
1.709932324813993931e+09
1.709932326298075914e+09
1.709932327806626081e+09
1.709932329407058954e+09
1.709932331030904055e+09
1.709932332631323099e+09
1.709932334255110979e+09
1.709932335855473042e+09
1.709932337478790045e+09
1.709932339079372883e+09
1.709932340703140020e+09
1.709932342304105997e+09
1.709932343926677942e+09
1.709932345527187109e+09
1.709932347151984930e+09
1.709932348751193047e+09
1.709932350374887943e+09
1.709932351998421907e+09
1.709932353622284889e+09
1.709932355246598959e+09
1.709932356869434118e+09
1.709932358470273972e+09
1.709932360070277929e+09
1.709932361670257092e+09
1.709932363294269085e+09
1.709932364894618034e+09
1.709932366518285036e+09
1.709932368119924068e+09
1.709932369745593071e+09
1.709932371343934059e+09
1.709932372966722965e+09
1.709932374567761898e+09
1.709932376191648006e+09
1.709932377790894985e+09
1.709932379391947985e+09
1.709932380992356062e+09
1.709932382615129948e+09
1.709932384216427088e+09
1.709932385839915991e+09
1.709932387440320015e+09
1.709932389064584970e+09
1.709932390664514065e+09
1.709932392264930010e+09
1.709932393865367889e+09
1.709932395465961933e+09
1.709932397065963030e+09
1.709932398690291882e+09
1.709932400298358917e+09
1.709932401820873976e+09
1.709932403305104971e+09
1.709932404789397955e+09
1.709932406321585894e+09
1.709932407921770096e+09
1.709932409522736073e+09
1.709932411123651028e+09
1.709932412723342896e+09
1.709932414276043892e+09
1.709932415760529995e+09
1.709932417245066881e+09
1.709932418800595999e+09
1.709932420424599886e+09
1.709932422025181055e+09
1.709932423649271965e+09
1.709932425249579906e+09
1.709932426850661039e+09
1.709932428450803041e+09
1.709932430076386929e+09
1.709932431675154924e+09
1.709932433299249887e+09
1.709932434900038958e+09
1.709932436523472071e+09
1.709932438124306917e+09
1.709932439748002052e+09
1.709932441371489048e+09
1.709932442995500088e+09
1.709932444642354965e+09
1.709932446266035080e+09
1.709932447866466045e+09
1.709932449489857912e+09
1.709932451090404987e+09
1.709932452713792086e+09
1.709932454313703060e+09
1.709932455937350035e+09
1.709932457538023949e+09
1.709932459161746025e+09
1.709932460762115955e+09
1.709932462385746002e+09
1.709932464009155035e+09
1.709932465633474112e+09
1.709932467233808994e+09
1.709932468857017040e+09
1.709932470457132101e+09
1.709932472081922054e+09
1.709932473681976080e+09
1.709932475306076050e+09
1.709932476907630920e+09
1.709932478531799078e+09
1.709932480132318974e+09
1.709932481756659985e+09
1.709932483357120991e+09
1.709932484981760979e+09
1.709932486605710983e+09
1.709932488229504108e+09
1.709932489830374956e+09
1.709932491454336882e+09
1.709932493055730104e+09
1.709932494656779051e+09
1.709932496256787062e+09
1.709932497880819082e+09
1.709932499481815100e+09
1.709932501105195045e+09
1.709932502729221106e+09
1.709932504353041887e+09
1.709932505953450918e+09
1.709932507577550888e+09
1.709932509178205013e+09
1.709932510802026987e+09
1.709932512426261902e+09
1.709932514050333023e+09
1.709932515650810003e+09
1.709932517274868965e+09
1.709932518875349045e+09
1.709932520476519108e+09
1.709932522077363968e+09
1.709932523701616049e+09
1.709932525302517891e+09
1.709932526926266909e+09
1.709932528526478052e+09
1.709932530151354074e+09
1.709932531751198053e+09
1.709932533374500990e+09
1.709932534976213932e+09
1.709932536599570990e+09
1.709932538200125933e+09
1.709932539823601961e+09
1.709932541423844099e+09
1.709932543027528048e+09
1.709932544624320984e+09
1.709932546247983932e+09
1.709932547871768951e+09
1.709932549495058060e+09
1.709932551095592022e+09
1.709932552720012903e+09
1.709932554319798946e+09
1.709932555943886042e+09
1.709932557544884920e+09
1.709932559168517113e+09
1.709932560769037008e+09
1.709932562392580032e+09
1.709932564016287088e+09
1.709932565640062094e+09
1.709932567263673067e+09
1.709932568887166023e+09
1.709932570487366915e+09
1.709932572111488104e+09
1.709932573734733105e+09
1.709932575359141111e+09
1.709932576959290028e+09
1.709932578582596064e+09
1.709932580183571100e+09
1.709932581806792974e+09
1.709932583406861067e+09
1.709932585030570030e+09
1.709932586631186008e+09
1.709932588254823923e+09
1.709932589855320930e+09
1.709932591478852034e+09
1.709932593129549980e+09
1.709932594749394894e+09
1.709932596349400997e+09
1.709932597973259926e+09
1.709932599573404074e+09
1.709932601198496103e+09
1.709932602797821045e+09
1.709932604421499014e+09
1.709932606044728994e+09
1.709932607620930910e+09
1.709932609108484983e+09
1.709932610589843035e+09
1.709932612122078896e+09
1.709932613745836973e+09
1.709932615345395088e+09
1.709932616968774080e+09
1.709932618569576025e+09
1.709932620192714930e+09
1.709932621793349981e+09
1.709932623417045116e+09
1.709932625040935040e+09
1.709932626673295975e+09
1.709932628265415907e+09
1.709932629865199089e+09
1.709932631465040922e+09
1.709932633089174032e+09
1.709932634688966036e+09
1.709932636312280893e+09
1.709932637913131952e+09
1.709932639536442995e+09
1.709932641137429953e+09
1.709932642761107922e+09
1.709932644360681057e+09
1.709932645984281063e+09
1.709932647607884884e+09
1.709932649231935024e+09
1.709932650832087994e+09
1.709932652455729008e+09
1.709932654079974890e+09
1.709932655703408003e+09
1.709932657302736998e+09
1.709932658926347971e+09
1.709932660549961090e+09
1.709932662173243046e+09
1.709932663774003029e+09
1.709932665397351027e+09
1.709932666997447014e+09
1.709932668620856047e+09
1.709932670221221924e+09
1.709932671774100065e+09
1.709932673258522034e+09
1.709932674742953062e+09
1.709932676275623083e+09
1.709932677898711920e+09
1.709932679522351980e+09
1.709932681146089077e+09
1.709932682769032955e+09
1.709932684393155098e+09
1.709932685994190931e+09
1.709932687617727995e+09
1.709932689221143961e+09
1.709932690842421055e+09
1.709932692442220926e+09
1.709932694065807104e+09
1.709932695666379929e+09
1.709932697290390015e+09
1.709932698891009092e+09
1.709932700514487982e+09
1.709932702136907101e+09
1.709932703644263983e+09
1.709932705128880024e+09
1.709932706613564014e+09
1.709932708191963911e+09
1.709932709194551945e+09
