1.701361641850795031e+09
1.701361686249264002e+09
1.701361730260787964e+09
1.701361774634403944e+09
1.701361819017915010e+09
1.701361863373990059e+09
1.701361907748013973e+09
1.701361952082031965e+09
1.701361996411556959e+09
1.701362040775825024e+09
1.701362085128262043e+09
1.701362129507190943e+09
1.701362173871136904e+09
1.701362218216690063e+09
1.701362262573906898e+09
1.701362306937712908e+09
1.701362351291212082e+09
1.701362395660110950e+09
1.701362439999659061e+09
1.701362483722959042e+09
1.701362528115345955e+09
1.701362572490345001e+09
1.701362616843070030e+09
1.701362661232862949e+09
1.701362705563549995e+09
1.701362739429127932e+09
