1.704987623370769024e+09
1.704987625065655947e+09
1.704987626759370089e+09
1.704987628479110956e+09
1.704987630173038006e+09
1.704987631185817957e+09
1.704987806716232061e+09
1.704987832388202906e+09
1.704987834200030088e+09
1.704987835295597076e+09
1.704994575479748964e+09
1.704994577191498995e+09
1.704994578892564058e+09
1.704994579915232897e+09
1.705002870754249096e+09
1.705002872449381113e+09
1.705002874144010067e+09
1.705002875207490921e+09
1.705004164983396053e+09
1.705004166774760008e+09
1.705004168574013948e+09
1.705004170380347013e+09
1.705004172179869890e+09
1.705004172852040052e+09
1.705004900808403969e+09
1.705004902587913036e+09
1.705004904390712976e+09
1.705004904631445885e+09
1.705004919941603899e+09
1.705004921750436068e+09
1.705004923555903912e+09
1.705004925357372999e+09
1.705004927156949043e+09
1.705004928960664988e+09
1.705004930764290094e+09
1.705004932569009066e+09
1.705004933219935894e+09
1.705005026276530027e+09
1.705005027969119072e+09
1.705005029662198067e+09
1.705005031443495989e+09
1.705005033250269890e+09
1.705005033940526009e+09
