1.710517545313658953e+09
1.710517546797866106e+09
1.710517548328917980e+09
1.710517549813143969e+09
1.710517551320913076e+09
1.710517552856312990e+09
1.710517554337313890e+09
1.710517555843372107e+09
1.710517557350846052e+09
1.710517558836081028e+09
1.710517560319168091e+09
1.710517561803256035e+09
1.710517563287439108e+09
1.710517564795999050e+09
1.710517566326091051e+09
1.710517567880382061e+09
1.710517569364825010e+09
1.710517570872747898e+09
1.710517572356827974e+09
1.710517573841147900e+09
1.710517575395786047e+09
1.710517576902827024e+09
1.710517578433135033e+09
1.710517579941011906e+09
1.710517581495378971e+09
1.710517583002405882e+09
1.710517584487056971e+09
1.710517586018407106e+09
1.710517587547972918e+09
1.710517589055511951e+09
1.710517590562937021e+09
1.710517592093605995e+09
1.710517593577941895e+09
1.710517595085756063e+09
1.710517596570899963e+09
1.710517598077332973e+09
1.710517599561932087e+09
1.710517601069137096e+09
1.710517602553442001e+09
1.710517604037657976e+09
1.710517605522308111e+09
1.710517607031099081e+09
1.710517608537311077e+09
1.710517610045017958e+09
1.710517611530541897e+09
1.710517613059835911e+09
1.710517614567977905e+09
1.710517616052171946e+09
1.710517617559783936e+09
1.710517619044189930e+09
1.710517620529581070e+09
1.710517622013180017e+09
1.710517623497548103e+09
1.710517625005191088e+09
1.710517626489660025e+09
1.710517627974148989e+09
1.710517629458761930e+09
1.710517630943604946e+09
1.710517632451786995e+09
1.710517633936728954e+09
1.710517635444153070e+09
1.710517636928610086e+09
1.710517638459537029e+09
1.710517639943836927e+09
1.710517641428446054e+09
1.710517642913031101e+09
1.710517644420541048e+09
1.710517645905122042e+09
1.710517647389513969e+09
1.710517648897248983e+09
1.710517650404875040e+09
1.710517651889256001e+09
1.710517653373461962e+09
1.710517654881110907e+09
1.710517656365506887e+09
1.710517657873461008e+09
1.710517659357858896e+09
1.710517660842190981e+09
1.710517662349745035e+09
1.710517663880429983e+09
1.710517665457628965e+09
1.710517666942115068e+09
1.710517668449572086e+09
1.710517669980186939e+09
1.710517671488075018e+09
1.710517672972580910e+09
1.710517674480246067e+09
1.710517675987675905e+09
1.710517677472420931e+09
1.710517678956691027e+09
1.710517680440957069e+09
1.710517681925703049e+09
1.710517683410015106e+09
1.710517684894747019e+09
1.710517686379523039e+09
1.710517687887512922e+09
1.710517689372509956e+09
1.710517690857059956e+09
1.710517692364717960e+09
1.710517693849380970e+09
1.710517695334239006e+09
1.710517696818730116e+09
1.710517698350020885e+09
1.710517699857860088e+09
1.710517701389189005e+09
1.710517702873914003e+09
1.710517704358408928e+09
1.710517705843061924e+09
1.710517707327976942e+09
1.710517708812259912e+09
1.710517710320071936e+09
1.710517711827744007e+09
1.710517713312092066e+09
1.710517714796469927e+09
1.710517716327239990e+09
1.710517717834830999e+09
1.710517719365624905e+09
1.710517720873570919e+09
1.710517722357784986e+09
1.710517723865828037e+09
1.710517725350678921e+09
1.710517726858505964e+09
1.710517728389873981e+09
1.710517729874737024e+09
1.710517731359879017e+09
1.710517732844695091e+09
1.710517734352812052e+09
1.710517735837500095e+09
1.710517737323317051e+09
1.710517738901609898e+09
1.710517740385453939e+09
1.710517741893996954e+09
1.710517743425544977e+09
1.710517744910705090e+09
1.710517746395144939e+09
1.710517747908603907e+09
1.710517749480626106e+09
1.710517750988281965e+09
1.710517752472944021e+09
1.710517754004151106e+09
1.710517755512041092e+09
1.710517757020109892e+09
1.710517758574965954e+09
1.710517760105475903e+09
1.710517761613442898e+09
1.710517763124614954e+09
1.710517764674985886e+09
1.710517766182856083e+09
1.710517767690591097e+09
1.710517769223364115e+09
1.710517770775183916e+09
1.710517772259922981e+09
1.710517773790841103e+09
1.710517775322088957e+09
1.710517776807424068e+09
1.710517778314188004e+09
1.710517779824321032e+09
1.710517781306149960e+09
1.710517782813728094e+09
1.710517784321798086e+09
1.710517785851932049e+09
1.710517787359740973e+09
1.710517788867547035e+09
1.710517790352089882e+09
1.710517791905895948e+09
1.710517793390692949e+09
1.710517794898241043e+09
1.710517796429099083e+09
1.710517797937149048e+09
1.710517799444880009e+09
1.710517800929790020e+09
1.710517802438227892e+09
1.710517803923491955e+09
1.710517805431977034e+09
1.710517806963541985e+09
1.710517808494658947e+09
1.710517809979661942e+09
1.710517811487718105e+09
1.710517812972702026e+09
1.710517814480314016e+09
1.710517815987992048e+09
1.710517817495405912e+09
1.710517818979506969e+09
1.710517820486937046e+09
1.710517821971002102e+09
1.710517823455004930e+09
1.710517824985294104e+09
1.710517826493287086e+09
1.710517828000221014e+09
1.710517829507601976e+09
1.710517831037796021e+09
1.710517832568483114e+09
1.710517834055696964e+09
1.710517835559947968e+09
1.710517837067718983e+09
1.710517838552046061e+09
1.710517840036948919e+09
1.710517841544096947e+09
1.710517843051490068e+09
1.710517844559139967e+09
1.710517846066267967e+09
1.710517847573517084e+09
1.710517849080708981e+09
1.710517850587924957e+09
1.710517852095138073e+09
1.710517853579446077e+09
1.710517855063680887e+09
1.710517856571069956e+09
1.710517858055223942e+09
1.710517859562647104e+09
1.710517861047017097e+09
1.710517862555646896e+09
1.710517864062067032e+09
1.710517865569015026e+09
1.710517867076545954e+09
1.710517868560605049e+09
1.710517870044321060e+09
1.710517871575053930e+09
1.710517873082391024e+09
1.710517874589849949e+09
1.710517876120564938e+09
1.710517877650898933e+09
1.710517879182796955e+09
1.710517880734904051e+09
1.710517882242038965e+09
1.710517883749180079e+09
1.710517885232990980e+09
1.710517886717210054e+09
1.710517888202074051e+09
1.710517889686723948e+09
1.710517891198873043e+09
1.710517892678234100e+09
1.710517894161506891e+09
1.710517895668930054e+09
1.710517897179419994e+09
1.710517898684631109e+09
1.710517900193234921e+09
1.710517901699290037e+09
1.710517903229265928e+09
1.710517904736572027e+09
1.710517906267095089e+09
1.710517907751411915e+09
1.710517909258774996e+09
1.710517910767060995e+09
1.710517912273554087e+09
1.710517913757700920e+09
1.710517915264961004e+09
1.710517916749108076e+09
1.710517918256663084e+09
1.710517919741029978e+09
1.710517921225553036e+09
1.710517922755800009e+09
1.710517924263133049e+09
1.710517925770706892e+09
1.710517927301412106e+09
1.710517928809001923e+09
1.710517930293113947e+09
1.710517931778734922e+09
1.710517933308500051e+09
1.710517934816189051e+09
1.710517936323873043e+09
1.710517937831789970e+09
1.710517939339608908e+09
1.710517940870594978e+09
1.710517942379595041e+09
1.710517943909292936e+09
1.710517945393902063e+09
1.710517946901465893e+09
1.710517948409300089e+09
1.710517949916790009e+09
1.710517951401137114e+09
1.710517952887650013e+09
1.710517954393332005e+09
1.710517955877715111e+09
1.710517957385266066e+09
1.710517958869663954e+09
1.710517960400527954e+09
1.710517961884566069e+09
1.710517963393343925e+09
1.710517964923124075e+09
1.710517966429717064e+09
1.710517967937110901e+09
1.710517969467111111e+09
1.710517970974373102e+09
1.710517972481632948e+09
1.710517973990295887e+09
1.710517975542642117e+09
1.710517977026756048e+09
1.710517978511034012e+09
1.710517980041851997e+09
1.710517981549510956e+09
1.710517983033698082e+09
1.710517984564161062e+09
1.710517986071751118e+09
1.710517987579308033e+09
1.710517989063813925e+09
1.710517990548230886e+09
1.710517992055964947e+09
1.710517993563393116e+09
1.710517995094217062e+09
1.710517996601692915e+09
1.710517998109159946e+09
1.710517999593431950e+09
1.710518001124497890e+09
1.710518002608696938e+09
1.710518004115855932e+09
1.710518005600552082e+09
1.710518007107616901e+09
1.710518008593384981e+09
1.710518010099215031e+09
1.710518011606894016e+09
1.710518013161120892e+09
1.710518014645307064e+09
1.710518016176095963e+09
1.710518017683732986e+09
1.710518019191327095e+09
1.710518020699951887e+09
1.710518022229481936e+09
1.710518023737118959e+09
1.710518025221699953e+09
1.710518026775449991e+09
1.710518028305764914e+09
1.710518029790093899e+09
1.710518031321959019e+09
1.710518032850991964e+09
1.710518034358419895e+09
1.710518035842649937e+09
1.710518037373339891e+09
1.710518038857640982e+09
1.710518040365183115e+09
1.710518041853053093e+09
1.710518043357363939e+09
1.710518044864725113e+09
1.710518046372107029e+09
1.710518047879506111e+09
1.710518049387361050e+09
1.710518050871686935e+09
1.710518052402868986e+09
1.710518053955873013e+09
1.710518055463821888e+09
1.710518056948031902e+09
1.710518058478477955e+09
1.710518059962668896e+09
1.710518061447272062e+09
1.710518062955329895e+09
1.710518064485310078e+09
1.710518066015773058e+09
1.710518067499797106e+09
1.710518068984687090e+09
1.710518070491601944e+09
1.710518071998791933e+09
1.710518073506911993e+09
1.710518075013859034e+09
1.710518076521265984e+09
1.710518078028486013e+09
1.710518079512981892e+09
1.710518081020366907e+09
1.710518082527729988e+09
1.710518084013101101e+09
1.710518085519427061e+09
1.710518087004049063e+09
1.710518088511070967e+09
1.710518090064827919e+09
1.710518091572158098e+09
1.710518093055921078e+09
1.710518094541316032e+09
1.710518096070343971e+09
1.710518097577837944e+09
1.710518099062077045e+09
1.710518100569576979e+09
1.710518102077188015e+09
1.710518103584438086e+09
1.710518105116416931e+09
1.710518106645896912e+09
1.710518108130310059e+09
1.710518109637861013e+09
1.710518111168648958e+09
1.710518112653125048e+09
1.710518114137656927e+09
1.710518115622997999e+09
1.710518117153209925e+09
1.710518118637928963e+09
1.710518120123171091e+09
1.710518121607453108e+09
1.710518123092050076e+09
1.710518124599679947e+09
1.710518126085143089e+09
1.710518127591702938e+09
1.710518129099693060e+09
1.710518130608433962e+09
1.710518132116714954e+09
1.710518133625122070e+09
1.710518135133713007e+09
1.710518136666722059e+09
1.710518138220479965e+09
1.710518139705876112e+09
1.710518141191622019e+09
1.710518142745974064e+09
1.710518144254374981e+09
1.710518144445409060e+09
