1.704317155282654047e+09
1.704317156625888109e+09
1.704317158040673971e+09
1.704317159496825933e+09
1.704317160963459969e+09
1.704317162416480064e+09
1.704317163877199888e+09
1.704317165335602999e+09
1.704317166796729088e+09
1.704317168267601013e+09
1.704317169731529951e+09
1.704317171204668999e+09
1.704317172686023951e+09
1.704317174146529913e+09
1.704317175611495972e+09
1.704317177053086996e+09
1.704317177559931040e+09
1.704317225585325956e+09
1.704317226924532890e+09
1.704317228263417959e+09
1.704317229620342016e+09
1.704317231083513021e+09
1.704317231280523062e+09
1.704317415795078039e+09
1.704317417264276028e+09
1.704317418725934029e+09
1.704317420189037085e+09
1.704317421483428955e+09
1.704317493847332954e+09
1.704317495179488897e+09
1.704317496516400099e+09
1.704317497036659956e+09
1.704317529142204046e+09
1.704317530474124908e+09
1.704317531842431068e+09
1.704317533295952082e+09
1.704317534743257999e+09
1.704317536198784113e+09
1.704317537655342102e+09
1.704317539118150949e+09
1.704317540580358982e+09
1.704317542042646885e+09
1.704317543492454052e+09
1.704317544955878973e+09
1.704317546425462961e+09
1.704317547889795065e+09
1.704317548479918957e+09
1.704317593766222000e+09
1.704317595099847078e+09
1.704317596435643911e+09
1.704317597792069912e+09
1.704317599254020929e+09
1.704317600707751989e+09
1.704317601298907042e+09
