1.711563078454714060e+09
1.711563079987513065e+09
1.711563081512110949e+09
1.711563083052326918e+09
1.711563084582345963e+09
1.711563086109260082e+09
1.711563087658782005e+09
1.711563089204392910e+09
1.711563090727756023e+09
1.711563092248485088e+09
1.711563093801870108e+09
1.711563095325597048e+09
1.711563096849035025e+09
1.711563098391036987e+09
1.711563099934994936e+09
1.711563101457762957e+09
1.711563102982294083e+09
1.711563104541052103e+09
1.711563106069793940e+09
1.711563107592262030e+09
1.711563109134150982e+09
1.711563110684462070e+09
1.711563112212450027e+09
1.711563113740608931e+09
1.711563115299355030e+09
1.711563116826631069e+09
1.711563118348738909e+09
1.711563119893594980e+09
1.711563121443150997e+09
1.711563122967022896e+09
1.711563124492587090e+09
1.711563126042625904e+09
1.711563127566927910e+09
1.711563129089461088e+09
1.711563130633399010e+09
1.711563132170562029e+09
1.711563133691725969e+09
1.711563135215912104e+09
1.711563136766455889e+09
1.711563138290251017e+09
1.711563139813695908e+09
1.711563141350671053e+09
1.711563142889667034e+09
1.711563144415795088e+09
1.711563145941224098e+09
1.711563147500550985e+09
1.711563149027014017e+09
1.711563150555402040e+09
1.711563152104336023e+09
1.711563153648791075e+09
1.711563155173388004e+09
1.711563156698616982e+09
1.711563158257932901e+09
1.711563159785448074e+09
1.711563161313463926e+09
1.711563162851547956e+09
1.711563164386436939e+09
1.711563165911565065e+09
1.711563167437647104e+09
1.711563168977511883e+09
1.711563170500654936e+09
1.711563172024660110e+09
1.711563173558162928e+09
1.711563175097043991e+09
1.711563176624886990e+09
1.711563178146811962e+09
1.711563179702550888e+09
1.711563181228319883e+09
1.711563182750742912e+09
1.711563184291137934e+09
1.711563185837855101e+09
1.711563187363939047e+09
1.711563188886464119e+09
1.711563190435923100e+09
1.711563191960454941e+09
1.711563193482270956e+09
1.711563195023530006e+09
1.711563196572860956e+09
1.711563198092984915e+09
1.711563199618515015e+09
1.711563201165678978e+09
1.711563202690262079e+09
1.711563204219679117e+09
1.711563205765376091e+09
1.711563207311732054e+09
1.711563208843939066e+09
1.711563210369066000e+09
1.711563211924436092e+09
1.711563213446952105e+09
1.711563214969537020e+09
1.711563216509073973e+09
1.711563218055640936e+09
1.711563219580708027e+09
1.711563221105710030e+09
1.711563222657231092e+09
1.711563224185053110e+09
1.711563225711194038e+09
1.711563227249818087e+09
1.711563228798023939e+09
1.711563230323887110e+09
1.711563231852555990e+09
1.711563233434624910e+09
1.711563234956671000e+09
1.711563236480772018e+09
1.711563238009717941e+09
1.711563239552746058e+09
1.711563241076702118e+09
1.711563242602505922e+09
1.711563244160635948e+09
1.711563245684360981e+09
1.711563247211437941e+09
1.711563248741657972e+09
1.711563250292716980e+09
1.711563251821517944e+09
1.711563253346932888e+09
1.711563254912400007e+09
1.711563256438879967e+09
1.711563257963576078e+09
1.711563259489583015e+09
1.711563261040391922e+09
1.711563262563910007e+09
1.711563264088964939e+09
1.711563265643259048e+09
1.711563267170134068e+09
1.711563268694870949e+09
1.711563270222912073e+09
1.711563271781172037e+09
1.711563273310857058e+09
1.711563274837251902e+09
1.711563276392134905e+09
1.711563277918622017e+09
1.711563279443064928e+09
1.711563280969583035e+09
1.711563282515697956e+09
1.711563284041008949e+09
1.711563285564939022e+09
1.711563287119179964e+09
1.711563288644540071e+09
1.711563290165251017e+09
1.711563291686395884e+09
1.711563293240509987e+09
1.711563294760759115e+09
1.711563296282460928e+09
1.711563297835855007e+09
1.711563299360025883e+09
1.711563300887500048e+09
1.711563302414509058e+09
1.711563303973710060e+09
1.711563305502881050e+09
1.711563307028604031e+09
1.711563308574908018e+09
1.711563310098017931e+09
1.711563311623528004e+09
1.711563313148591042e+09
1.711563314719475031e+09
1.711563316245707035e+09
1.711563317771104097e+09
1.711563319330296993e+09
1.711563320861510038e+09
1.711563322386341095e+09
1.711563323914520025e+09
1.711563325471592903e+09
1.711563327000459909e+09
1.711563328527331114e+09
1.711563330083940029e+09
1.711563331615598917e+09
1.711563333140526056e+09
1.711563334666564941e+09
1.711563336210787058e+09
1.711563337734671116e+09
1.711563339264600992e+09
1.711563340808713913e+09
1.711563342335285902e+09
1.711563343862184048e+09
1.711563345401884079e+09
1.711563346946645975e+09
1.711563348470843077e+09
1.711563349996814013e+09
1.711563351559062958e+09
1.711563353087241888e+09
1.711563354613260031e+09
1.711563356157953024e+09
1.711563357737401009e+09
1.711563359264144897e+09
1.711563360791924000e+09
1.711563362345853090e+09
1.711563363871963978e+09
1.711563365398952961e+09
1.711563366938952923e+09
1.711563368498325109e+09
1.711563370023777008e+09
1.711563371553380013e+09
1.711563373106703043e+09
1.711563374630135059e+09
1.711563376154267073e+09
1.711563377680136919e+09
1.711563379235687017e+09
1.711563380761631012e+09
1.711563382290153980e+09
1.711563383822458029e+09
1.711563385348043919e+09
1.711563386874329090e+09
1.711563388405627012e+09
1.711563389949562073e+09
1.711563391476667881e+09
1.711563393002584934e+09
1.711563394558589935e+09
1.711563396089340925e+09
1.711563397614527941e+09
1.711563399151946068e+09
1.711563400692589998e+09
1.711563402214828014e+09
1.711563403744496107e+09
1.711563405302258968e+09
1.711563406829541922e+09
1.711563408354116917e+09
1.711563409904330015e+09
1.711563411455832958e+09
1.711563412981874943e+09
1.711563414509274960e+09
1.711563416070972919e+09
1.711563417598196983e+09
1.711563419126036882e+09
1.711563420665453911e+09
1.711563422206353903e+09
1.711563423733822107e+09
1.711563425259588003e+09
1.711563426821446896e+09
1.711563428346282959e+09
1.711563429874861002e+09
1.711563431417768955e+09
1.711563432965322971e+09
1.711563434491667986e+09
1.711563436018013954e+09
1.711563437573591948e+09
1.711563439099159002e+09
1.711563440623307943e+09
1.711563442164544106e+09
1.711563443708637953e+09
1.711563445240748882e+09
1.711563446765135050e+09
1.711563448321909904e+09
1.711563449852303982e+09
1.711563451382469893e+09
1.711563452926027060e+09
1.711563454474737883e+09
1.711563456001878977e+09
1.711563457528343916e+09
1.711563459082433939e+09
1.711563460611685991e+09
1.711563462139709949e+09
1.711563463685981989e+09
1.711563465238632917e+09
1.711563466765347958e+09
1.711563468292743921e+09
1.711563469848926067e+09
1.711563471377592087e+09
1.711563472905479908e+09
1.711563474448736906e+09
1.711563475996485949e+09
1.711563477526144028e+09
1.711563479055387974e+09
1.711563480614600897e+09
1.711563482144383907e+09
1.711563483668034077e+09
1.711563485210227966e+09
1.711563486760054111e+09
1.711563488288913965e+09
1.711563489814738035e+09
1.711563491375804901e+09
1.711563492899770021e+09
1.711563494420674086e+09
1.711563495960393906e+09
1.711563497510478973e+09
1.711563499033202887e+09
1.711563500558582067e+09
1.711563502092653036e+09
1.711563503622004986e+09
1.711563505149203062e+09
1.711563506695197105e+09
1.711563508221503019e+09
1.711563509750978947e+09
1.711563511278340101e+09
1.711563512834301949e+09
1.711563514359906912e+09
1.711563515889272928e+09
1.711563517437726974e+09
1.711563518963115931e+09
1.711563520491967916e+09
1.711563522018301010e+09
1.711563523579209089e+09
1.711563525109679937e+09
1.711563526645193100e+09
1.711563528213975906e+09
1.711563529742160082e+09
1.711563531269536018e+09
1.711563532791274071e+09
1.711563534344289064e+09
1.711563535867712021e+09
1.711563537394726038e+09
1.711563538946722984e+09
1.711563540475790977e+09
1.711563542001399994e+09
1.711563543526900053e+09
1.711563545086852074e+09
1.711563546612785101e+09
1.711563548142056942e+09
1.711563549690732956e+09
1.711563551218480110e+09
1.711563552743736029e+09
1.711563554270440102e+09
1.711563555824537992e+09
1.711563557356172085e+09
1.711563558884700060e+09
1.711563560437428951e+09
1.711563561966630936e+09
1.711563563491825104e+09
1.711563565019026995e+09
1.711563566567208052e+09
1.711563568093390942e+09
1.711563569619234085e+09
1.711563571181726933e+09
1.711563572710359097e+09
1.711563574242778063e+09
1.711563575771359921e+09
1.711563577326257944e+09
1.711563578853004932e+09
1.711563580381220102e+09
1.711563581940995932e+09
1.711563583468810081e+09
1.711563584997714043e+09
1.711563586525660992e+09
1.711563588078351974e+09
1.711563589610256910e+09
1.711563591141643047e+09
1.711563592694817066e+09
1.711563594225971937e+09
1.711563595750850916e+09
1.711563597275487900e+09
1.711563598830384016e+09
1.711563600356812000e+09
1.711563601885437012e+09
1.711563603445821047e+09
1.711563604973053932e+09
1.711563606500926971e+09
1.711563608025832891e+09
1.711563609556874037e+09
1.711563611083754063e+09
1.711563612606837988e+09
1.711563614151846886e+09
1.711563615675201893e+09
1.711563617202253103e+09
1.711563618745202065e+09
1.711563620287198067e+09
1.711563621813843012e+09
1.711563623343707085e+09
1.711563624897962093e+09
1.711563626426592112e+09
1.711563627950953007e+09
1.711563629495359898e+09
1.711563631038650036e+09
1.711563632564884901e+09
1.711563634094850063e+09
1.711563635630743027e+09
1.711563637159466028e+09
1.711563638686427116e+09
1.711563640243729115e+09
1.711563641771375895e+09
1.711563643303587914e+09
1.711563644830229044e+09
1.711563646389529943e+09
1.711563647917150021e+09
1.711563649445239067e+09
1.711563650999135017e+09
1.711563652526165962e+09
1.711563654053369999e+09
1.711563655577007055e+09
1.711563657122772932e+09
1.711563658653075933e+09
1.711563660183392048e+09
1.711563661746659994e+09
1.711563663275795937e+09
1.711563664802947998e+09
1.711563666330056906e+09
1.711563667889173985e+09
1.711563669417445898e+09
1.711563670944614887e+09
1.711563672502937078e+09
1.711563674033977032e+09
1.711563675561532974e+09
1.711563677089370012e+09
1.711563678638102055e+09
1.711563680161099911e+09
1.711563681706438065e+09
1.711563683267354965e+09
1.711563684792937040e+09
1.711563686326090097e+09
1.711563687854723930e+09
1.711563689415115118e+09
1.711563690947360992e+09
1.711563692475928068e+09
1.711563694033636093e+09
1.711563695564281940e+09
1.711563697091372013e+09
1.711563698615962029e+09
1.711563700175235987e+09
1.711563701700670958e+09
1.711563703227843046e+09
1.711563704781337976e+09
1.711563706308743000e+09
1.711563707838038921e+09
1.711563709363291025e+09
1.711563710922547102e+09
1.711563712450423956e+09
1.711563713977026939e+09
1.711563715536319971e+09
1.711563717071288109e+09
1.711563718599011898e+09
1.711563720126446962e+09
1.711563721711337090e+09
1.711563723239554882e+09
1.711563724766998053e+09
1.711563726308465958e+09
1.711563727851746082e+09
1.711563729379309893e+09
1.711563730906097889e+09
1.711563732471112967e+09
1.711563733997070074e+09
1.711563735524492025e+09
1.711563737069140911e+09
1.711563738617424965e+09
1.711563740142510891e+09
1.711563741669157982e+09
1.711563743229840994e+09
1.711563744757890940e+09
1.711563746288006067e+09
1.711563747827986956e+09
1.711563749374196053e+09
1.711563750904093027e+09
1.711563752430159092e+09
1.711563753992161036e+09
1.711563755519830942e+09
1.711563757049207926e+09
1.711563758598005056e+09
1.711563760148771048e+09
1.711563761679689884e+09
1.711563763205414057e+09
1.711563764762456894e+09
1.711563766290652037e+09
1.711563767818821907e+09
1.711563769359160900e+09
1.711563770901323080e+09
1.711563772426812887e+09
1.711563773952696085e+09
1.711563775510370970e+09
1.711563777040826082e+09
1.711563778567658901e+09
1.711563780110428095e+09
1.711563781659588099e+09
1.711563783189925909e+09
1.711563784717745066e+09
1.711563786273915052e+09
1.711563787800771952e+09
1.711563789329457998e+09
1.711563790871936083e+09
1.711563792419187069e+09
1.711563793943120956e+09
1.711563795469927073e+09
1.711563797032033920e+09
1.711563798558768034e+09
1.711563800086524963e+09
1.711563801631786108e+09
1.711563803180418968e+09
1.711563804709686041e+09
1.711563806237641096e+09
1.711563807801430941e+09
1.711563809326293945e+09
1.711563810853307009e+09
1.711563812394357920e+09
1.711563813935513020e+09
1.711563815463597059e+09
1.711563816988699913e+09
1.711563818552439928e+09
1.711563820079071045e+09
1.711563821607419014e+09
1.711563823159953117e+09
1.711563824707637072e+09
1.711563826238183975e+09
1.711563827771365881e+09
1.711563829330226898e+09
1.711563830858191967e+09
1.711563832385883093e+09
1.711563833924734116e+09
1.711563835473407984e+09
1.711563837002010107e+09
1.711563838529984951e+09
1.711563840111476898e+09
1.711563841646938086e+09
1.711563843176681995e+09
1.711563844703063965e+09
1.711563846255464077e+09
1.711563847786452055e+09
1.711563849317224979e+09
1.711563850878422976e+09
1.711563852405210972e+09
1.711563853932672024e+09
1.711563855458523989e+09
1.711563857017112017e+09
1.711563858550183058e+09
1.711563860076569080e+09
1.711563861626558065e+09
1.711563863152909040e+09
1.711563864684182882e+09
1.711563866209835052e+09
1.711563867769213915e+09
1.711563869297044992e+09
1.711563870827500105e+09
1.711563872387464046e+09
1.711563873915793896e+09
1.711563875445420980e+09
1.711563876974905014e+09
1.711563878532923937e+09
1.711563880063622952e+09
1.711563881589622974e+09
1.711563883142673016e+09
1.711563884669071913e+09
1.711563886197221994e+09
1.711563887727006912e+09
1.711563889287461042e+09
1.711563890818686008e+09
1.711563892347995043e+09
1.711563893907596111e+09
1.711563895436517954e+09
1.711563896966696978e+09
1.711563898494972944e+09
1.711563900053915977e+09
1.711563901584409952e+09
1.711563903112024069e+09
1.711563904667198896e+09
1.711563906193931103e+09
1.711563907722151041e+09
1.711563909252661943e+09
1.711563910803664923e+09
1.711563912330656052e+09
1.711563913862843990e+09
1.711563915424098015e+09
1.711563916954449892e+09
1.711563918487181902e+09
1.711563920015060902e+09
1.711563921572565079e+09
1.711563923103087902e+09
1.711563924635212898e+09
1.711563926199189901e+09
1.711563927724450111e+09
1.711563929251477957e+09
1.711563930780469894e+09
1.711563932312556982e+09
1.711563933838577032e+09
1.711563935363310099e+09
1.711563936915503979e+09
1.711563938446140051e+09
1.711563939973541021e+09
1.711563941515863895e+09
1.711563943061256886e+09
1.711563944585232019e+09
1.711563946116270065e+09
1.711563947657440901e+09
1.711563949189903975e+09
1.711563950720057011e+09
1.711563952273701906e+09
1.711563953804244995e+09
1.711563955337785959e+09
1.711563956864950895e+09
1.711563958435183048e+09
1.711563959968715906e+09
1.711563961496675968e+09
1.711563963052891970e+09
1.711563964578387022e+09
1.711563966108331919e+09
1.711563967639923096e+09
1.711563969200419903e+09
1.711563970726330042e+09
1.711563972250566959e+09
1.711563973809568882e+09
1.711563975339407921e+09
1.711563976866631985e+09
1.711563978397356033e+09
1.711563979929291010e+09
1.711563981454247952e+09
1.711563982982554913e+09
1.711563984534486055e+09
1.711563986062608957e+09
1.711563987594358921e+09
1.711563989153835058e+09
1.711563990704246998e+09
1.711563992236716032e+09
1.711563993765213013e+09
1.711563995318845034e+09
1.711563996847825050e+09
1.711563998379688978e+09
1.711563999925992966e+09
1.711564001474025011e+09
1.711564003000564098e+09
1.711564004530433893e+09
1.711564006097723007e+09
1.711564007624555111e+09
1.711564009153983116e+09
1.711564010699265957e+09
1.711564012245311022e+09
1.711564013773617983e+09
1.711564015302773952e+09
1.711564016857065916e+09
1.711564018384287119e+09
1.711564019913778067e+09
1.711564021455867052e+09
1.711564023001431942e+09
1.711564024525989056e+09
1.711564026053025961e+09
1.711564027617923021e+09
1.711564029145531893e+09
1.711564030672251940e+09
1.711564032218523979e+09
1.711564033767914057e+09
1.711564035297983885e+09
1.711564036828722954e+09
1.711564038385761023e+09
1.711564039917687893e+09
1.711564041447493076e+09
1.711564042991538048e+09
1.711564044541353941e+09
1.711564046065139055e+09
1.711564047592139959e+09
1.711564049143296957e+09
1.711564050670219898e+09
1.711564052200058937e+09
1.711564053748595953e+09
1.711564055299043894e+09
1.711564056825804949e+09
1.711564058350717068e+09
1.711564059907763004e+09
1.711564061437088966e+09
1.711564062963170052e+09
1.711564064503803015e+09
1.711564066050429106e+09
1.711564067580024004e+09
1.711564069109323978e+09
1.711564070666594028e+09
1.711564072194896936e+09
1.711564073721926928e+09
1.711564075267605066e+09
1.711564076817775011e+09
1.711564078348421097e+09
1.711564079875852108e+09
1.711564081433080912e+09
1.711564082958489895e+09
1.711564084488874912e+09
1.711564086031567097e+09
1.711564087579823017e+09
1.711564089108088970e+09
1.711564090633661985e+09
1.711564092190421104e+09
1.711564093717724085e+09
1.711564095248593092e+09
1.711564096793729067e+09
1.711564098343424082e+09
1.711564099873363972e+09
1.711564101398530960e+09
1.711564102964570045e+09
1.711564104492510080e+09
1.711564106018409014e+09
1.711564107556766033e+09
1.711564109099292994e+09
1.711564110628004074e+09
1.711564112156882048e+09
1.711564113696795940e+09
1.711564115227077007e+09
1.711564116754904985e+09
1.711564118325562000e+09
1.711564119868913889e+09
1.711564121396660089e+09
1.711564122923244953e+09
1.711564124485624075e+09
1.711564126013865948e+09
1.711564127547252893e+09
1.711564129094604015e+09
1.711564130649663925e+09
1.711564132181049109e+09
1.711564133712335110e+09
1.711564135277780056e+09
1.711564136803949118e+09
1.711564138332262993e+09
1.711564139872682095e+09
1.711564141422696114e+09
1.711564142949750900e+09
1.711564144478183985e+09
1.711564146039139986e+09
1.711564147567472935e+09
1.711564149097980976e+09
1.711564150638873100e+09
1.711564152181596994e+09
1.711564153710864067e+09
1.711564155245336056e+09
1.711564156806828976e+09
1.711564158335514069e+09
1.711564159867353916e+09
1.711564161415945053e+09
1.711564162967283010e+09
1.711564164501194000e+09
1.711564166030513048e+09
1.711564167591053009e+09
1.711564169117316961e+09
1.711564170642213106e+09
1.711564172185655117e+09
1.711564173735130072e+09
1.711564175265134096e+09
1.711564176798950911e+09
1.711564178363893986e+09
1.711564179891613960e+09
1.711564181422322989e+09
1.711564182964502096e+09
1.711564184510413885e+09
1.711564186038806915e+09
1.711564187565525055e+09
1.711564189125271082e+09
1.711564190655246973e+09
1.711564192184792995e+09
1.711564193729089975e+09
1.711564195257191896e+09
1.711564196789056063e+09
1.711564198318205118e+09
1.711564199876334906e+09
1.711564201403942108e+09
1.711564202932957888e+09
1.711564204490201950e+09
1.711564206016110897e+09
1.711564207545875072e+09
1.711564209073106050e+09
1.711564210630150080e+09
1.711564212159248114e+09
1.711564213691910982e+09
1.711564215250752926e+09
1.711564216786516905e+09
1.711564218313317060e+09
1.711564219843852043e+09
1.711564221410521984e+09
1.711564222939035892e+09
1.711564224469280958e+09
1.711564226030205011e+09
1.711564227557879925e+09
1.711564229088279009e+09
1.711564230618000984e+09
1.711564232179116964e+09
1.711564233721262932e+09
1.711564235250117064e+09
1.711564236810832024e+09
1.711564238338257074e+09
1.711564239866785049e+09
1.711564241394459009e+09
1.711564242945054054e+09
1.711564244478266001e+09
1.711564246006259918e+09
1.711564247562108994e+09
1.711564249089268923e+09
1.711564250618855953e+09
1.711564252149828911e+09
1.711564253706862926e+09
1.711564255239387035e+09
1.711564256768611908e+09
1.711564258322803020e+09
1.711564259853786945e+09
1.711564261380959988e+09
1.711564262912010908e+09
1.711564264469105959e+09
1.711564265996915102e+09
1.711564267529253960e+09
1.711564269092130899e+09
1.711564270622251034e+09
1.711564272154289961e+09
1.711564273691519022e+09
1.711564275251683950e+09
1.711564276782380104e+09
1.711564278309268951e+09
1.711564279872935057e+09
1.711564281400757074e+09
1.711564282929080009e+09
1.711564284462629080e+09
1.711564286017890930e+09
1.711564287548100948e+09
1.711564289077073097e+09
1.711564290632412910e+09
1.711564292158003092e+09
1.711564293686319113e+09
1.711564295221079111e+09
1.711564296783637047e+09
1.711564298312474966e+09
1.711564299844037056e+09
1.711564301405565023e+09
1.711564302933697939e+09
1.711564304462595940e+09
1.711564305992666006e+09
1.711564307555819988e+09
1.711564309086200953e+09
1.711564310612040997e+09
1.711564312165715933e+09
1.711564313691955090e+09
1.711564315219429970e+09
1.711564316749142885e+09
1.711564318312459946e+09
1.711564319840049982e+09
1.711564321368733883e+09
1.711564322928396940e+09
1.711564324455728054e+09
1.711564325987114906e+09
1.711564327516297102e+09
1.711564329078180075e+09
1.711564330606565952e+09
1.711564332132472992e+09
1.711564333685070992e+09
1.711564335209753036e+09
1.711564336734374046e+09
1.711564338263365030e+09
1.711564339833072901e+09
1.711564341361254930e+09
1.711564342893135071e+09
1.711564344457520962e+09
1.711564345985486984e+09
1.711564347514368057e+09
1.711564349043534040e+09
1.711564350598784924e+09
1.711564352129244089e+09
1.711564353659229040e+09
1.711564355214603901e+09
1.711564356744859934e+09
1.711564358270030022e+09
1.711564359803890944e+09
1.711564361336863995e+09
1.711564362867144108e+09
1.711564364397378922e+09
1.711564365947906971e+09
1.711564367477005005e+09
1.711564369007608891e+09
1.711564370551008940e+09
1.711564372108167887e+09
1.711564373636457920e+09
1.711564375165582895e+09
1.711564376727752924e+09
1.711564378255949974e+09
1.711564379783971071e+09
1.711564381326385021e+09
1.711564382870553017e+09
1.711564384401592016e+09
1.711564385933509111e+09
1.711564387495496035e+09
1.711564389024688005e+09
1.711564390557499886e+09
1.711564392108345985e+09
1.711564393663538933e+09
1.711564395193248987e+09
1.711564396725574017e+09
1.711564398285604000e+09
1.711564399812546015e+09
1.711564401344773054e+09
1.711564402895143032e+09
1.711564404453224897e+09
1.711564405984396935e+09
1.711564407512025118e+09
1.711564409065567017e+09
1.711564410598437071e+09
1.711564412130873919e+09
1.711564413674854994e+09
1.711564415221049070e+09
1.711564416752101898e+09
1.711564418280920029e+09
1.711564419834918976e+09
1.711564421367692947e+09
1.711564422901629925e+09
1.711564424447674990e+09
1.711564425995585918e+09
1.711564427521392107e+09
1.711564429047966957e+09
1.711564430611794949e+09
1.711564432146105051e+09
1.711564433679447889e+09
1.711564435227262974e+09
1.711564436777041912e+09
1.711564438303169966e+09
1.711564439834414959e+09
1.711564441396388054e+09
1.711564442924788952e+09
1.711564444450468063e+09
1.711564445993040085e+09
1.711564447540344954e+09
1.711564449072017908e+09
1.711564450605242968e+09
1.711564452186726093e+09
1.711564453719145060e+09
1.711564455249522924e+09
1.711564456784859896e+09
1.711564458317104101e+09
1.711564459844130993e+09
1.711564461372775078e+09
1.711564462919467926e+09
1.711564464453867912e+09
1.711564465983128071e+09
1.711564467527517080e+09
1.711564469080931902e+09
1.711564470623140097e+09
1.711564472150352955e+09
1.711564473712661982e+09
1.711564475243802071e+09
1.711564476772907972e+09
1.711564478315475941e+09
1.711564479856950998e+09
1.711564481383701086e+09
1.711564482910713911e+09
1.711564484466159105e+09
1.711564485994972944e+09
1.711564487523169994e+09
1.711564489070250988e+09
1.711564490619951010e+09
1.711564492147479057e+09
1.711564493675817966e+09
1.711564495233443975e+09
1.711564496760885000e+09
1.711564498293335915e+09
1.711564499840435982e+09
1.711564501396071911e+09
1.711564502927609921e+09
1.711564504459031105e+09
1.711564505990403891e+09
1.711564507517064095e+09
1.711564509043967009e+09
1.711564510598886967e+09
1.711564512126468897e+09
1.711564513655052900e+09
1.711564515183799982e+09
1.711564516755244970e+09
1.711564518283806086e+09
1.711564519809197903e+09
1.711564521365655899e+09
1.711564522897578001e+09
1.711564524426651955e+09
1.711564525960740089e+09
1.711564527518503904e+09
1.711564529047610044e+09
1.711564530578166008e+09
1.711564532134496927e+09
1.711564533662859917e+09
1.711564535193917036e+09
1.711564536722006083e+09
1.711564538282675028e+09
1.711564539810827971e+09
1.711564541340598106e+09
1.711564542903476954e+09
1.711564544434504032e+09
1.711564545963485003e+09
1.711564547493918896e+09
1.711564549058993101e+09
1.711564550588805914e+09
1.711564552119206905e+09
1.711564553674240112e+09
1.711564555202300072e+09
1.711564556731781960e+09
1.711564558258279085e+09
1.711564559788655043e+09
1.711564561316541910e+09
1.711564562847441912e+09
1.711564564403372049e+09
1.711564565933418036e+09
1.711564567464096069e+09
1.711564569007179022e+09
1.711564570554605007e+09
1.711564572084747076e+09
1.711564573616564035e+09
1.711564575177472115e+09
1.711564576709589958e+09
1.711564578241076946e+09
1.711564579785485983e+09
1.711564581333923101e+09
1.711564582867558002e+09
1.711564584394701958e+09
1.711564585944670916e+09
1.711564587475094080e+09
1.711564589002794981e+09
1.711564590549231052e+09
1.711564592095140934e+09
1.711564593622222900e+09
1.711564595148325920e+09
1.711564596716870070e+09
1.711564598247984886e+09
1.711564599778718948e+09
1.711564601327438116e+09
1.711564602878480911e+09
1.711564604407681942e+09
1.711564605940184116e+09
1.711564607496027946e+09
1.711564609032587051e+09
1.711564610564280033e+09
1.711564612109271049e+09
1.711564613662674904e+09
1.711564615195769072e+09
1.711564616731291056e+09
1.711564618292138100e+09
1.711564619823311090e+09
1.711564621354693890e+09
1.711564622897082090e+09
1.711564624442348957e+09
1.711564625976011038e+09
1.711564627509361029e+09
1.711564629070974112e+09
1.711564630599515915e+09
1.711564632128053904e+09
1.711564633677083015e+09
1.711564635227376938e+09
1.711564636760059118e+09
1.711564638290680885e+09
1.711564639848160028e+09
1.711564641380455017e+09
1.711564642909867048e+09
1.711564644456410885e+09
1.711564646012447119e+09
1.711564647541683912e+09
1.711564649073616028e+09
1.711564650631412983e+09
1.711564652163237095e+09
1.711564653695207119e+09
1.711564655234210014e+09
1.711564656766679049e+09
1.711564658295670033e+09
1.711564659826049089e+09
1.711564661379250050e+09
1.711564662909307003e+09
1.711564664442137957e+09
1.711564666006567955e+09
1.711564667538140059e+09
1.711564669070518970e+09
1.711564670606105089e+09
1.711564672169719934e+09
1.711564673698942900e+09
1.711564675227653027e+09
1.711564676788299084e+09
1.711564678317321062e+09
1.711564679852546930e+09
1.711564681387530088e+09
1.711564682930133104e+09
1.711564684460108042e+09
1.711564685991250992e+09
1.711564687525806904e+09
1.711564689057153940e+09
1.711564690591028929e+09
1.711564692138303995e+09
1.711564693687633991e+09
1.711564695218013048e+09
1.711564696749311924e+09
1.711564698315351963e+09
1.711564699842343092e+09
1.711564701370024920e+09
1.711564702915519953e+09
1.711564704466288090e+09
1.711564705999850988e+09
1.711564707531218052e+09
1.711564709090679884e+09
1.711564710620187998e+09
1.711564712151143074e+09
1.711564713695636034e+09
1.711564715256596088e+09
1.711564716790617943e+09
1.711564718324428082e+09
1.711564719861706018e+09
1.711564721392364979e+09
1.711564722922868967e+09
1.711564724483186007e+09
1.711564726023797989e+09
1.711564727553817987e+09
1.711564729080878019e+09
1.711564730609400988e+09
1.711564732143651009e+09
1.711564733672600031e+09
1.711564735222794056e+09
1.711564736753156900e+09
1.711564738283646107e+09
1.711564739831125021e+09
1.711564741425688028e+09
1.711564742961430073e+09
1.711564744498852968e+09
1.711564746066095114e+09
1.711564747595510960e+09
1.711564749125888109e+09
1.711564750653942108e+09
1.711564752217530966e+09
1.711564753749320030e+09
1.711564755283292055e+09
1.711564756847908020e+09
1.711564758381809950e+09
1.711564759914114952e+09
1.711564761448052883e+09
1.711564763007049084e+09
1.711564764540824890e+09
1.711564766076668024e+09
1.711564767641643047e+09
1.711564769175506115e+09
1.711564770706958055e+09
1.711564772238890886e+09
1.711564773795223951e+09
1.711564775326877117e+09
1.711564776857877970e+09
1.711564778411123991e+09
1.711564779944644928e+09
1.711564781472573042e+09
1.711564783000164032e+09
1.711564784567471981e+09
1.711564786103909016e+09
1.711564787634480953e+09
1.711564789196962118e+09
1.711564790729429007e+09
1.711564792264170885e+09
1.711564793796263933e+09
1.711564795353693962e+09
1.711564796882157087e+09
1.711564798412292957e+09
1.711564799968875885e+09
1.711564801498478889e+09
1.711564803028001070e+09
1.711564804557900906e+09
1.711564806093400955e+09
1.711564807624609947e+09
1.711564809155227900e+09
1.711564810707756996e+09
1.711564812235811949e+09
1.711564813763849974e+09
1.711564815309977055e+09
1.711564816862694025e+09
1.711564818392426968e+09
1.711564819923643112e+09
1.711564821480154037e+09
1.711564823009026051e+09
1.711564824545156956e+09
1.711564826089766026e+09
1.711564827664176941e+09
1.711564829197128057e+09
1.711564830735312939e+09
1.711564832294410944e+09
1.711564833827263117e+09
1.711564835361936092e+09
1.711564836892719030e+09
1.711564838429856062e+09
1.711564839961745024e+09
1.711564841493088007e+09
1.711564843055330992e+09
1.711564844587976933e+09
1.711564846117095947e+09
1.711564847662967920e+09
1.711564849213002920e+09
1.711564850743433952e+09
1.711564852274861097e+09
1.711564853834130049e+09
1.711564855365760088e+09
1.711564856895510912e+09
1.711564858442683935e+09
1.711564859986841917e+09
1.711564861514713049e+09
1.711564863042177916e+09
1.711564864604693890e+09
1.711564866134547949e+09
1.711564867664657116e+09
1.711564869213664055e+09
1.711564870764282942e+09
1.711564872291409969e+09
1.711564873819010019e+09
1.711564875372638941e+09
1.711564876905998945e+09
1.711564878437731981e+09
1.711564879989897013e+09
1.711564881543502092e+09
1.711564883072808027e+09
1.711564884603951931e+09
1.711564886169090033e+09
1.711564886730283022e+09
