1.710538803381972075e+09
1.710538804913005114e+09
1.710538806420877934e+09
1.710538807905704975e+09
1.710538809412518978e+09
1.710538810896930933e+09
1.710538812381220102e+09
1.710538813865504026e+09
1.710538815349817038e+09
1.710538816833764076e+09
1.710538818318042040e+09
1.710538819802244902e+09
1.710538821286475897e+09
1.710538822793993950e+09
1.710538824278309107e+09
1.710538825762734890e+09
1.710538827247061968e+09
1.710538828731574059e+09
1.710538830216248035e+09
1.710538831700572968e+09
1.710538833184720039e+09
1.710538834669224024e+09
1.710538836153274059e+09
1.710538837660751104e+09
1.710538839144854069e+09
1.710538840629147053e+09
1.710538842114953995e+09
1.710538843621177912e+09
1.710538845129126072e+09
1.710538846613714933e+09
1.710538848121678114e+09
1.710538849629295111e+09
1.710538851113816023e+09
1.710538852598862886e+09
1.710538854083322048e+09
1.710538855568625927e+09
1.710538857053560972e+09
1.710538858538750887e+09
1.710538860023783922e+09
1.710538861508934021e+09
1.710538863017201900e+09
1.710538864502475023e+09
1.710538865987498045e+09
1.710538867495794058e+09
1.710538868980905056e+09
1.710538870489151955e+09
1.710538871997237921e+09
1.710538873482316971e+09
1.710538874990848064e+09
1.710538876499229908e+09
1.710538877984191895e+09
1.710538879469212055e+09
1.710538880953829050e+09
1.710538882438847065e+09
1.710538883923777103e+09
1.710538885432662964e+09
1.710538886916873932e+09
1.710538888403100967e+09
1.710538889886749029e+09
1.710538891371262074e+09
1.710538892879462957e+09
1.710538894387463093e+09
1.710538895872771978e+09
1.710538897380659103e+09
1.710538898865171909e+09
1.710538900349504948e+09
1.710538901833709955e+09
1.710538903319083929e+09
1.710538904802762985e+09
1.710538906287040949e+09
1.710538907819186926e+09
1.710538909302248001e+09
1.710538910786547899e+09
1.710538912272840023e+09
1.710538913778079987e+09
1.710538915262181044e+09
1.710538916746577024e+09
1.710538918231060982e+09
1.710538919715265036e+09
1.710538921199434996e+09
1.710538922683501005e+09
1.710538924167716026e+09
1.710538925651829004e+09
1.710538927136003971e+09
1.710538928620435953e+09
1.710538930105273962e+09
1.710538931589035034e+09
1.710538933096594095e+09
1.710538934581182003e+09
1.710538936065056086e+09
1.710538937549309969e+09
1.710538939033881903e+09
1.710538940518381119e+09
1.710538942002763987e+09
1.710538943487243891e+09
1.710538944971925020e+09
1.710538946457705975e+09
1.710538947940836906e+09
1.710538949425285101e+09
1.710538950932806969e+09
1.710538952417500973e+09
1.710538953901881933e+09
1.710538955386580944e+09
1.710538956870877981e+09
1.710538958378278971e+09
1.710538959886163950e+09
1.710538961370775938e+09
1.710538962855451107e+09
1.710538964339832067e+09
1.710538965848278046e+09
1.710538967333369017e+09
1.710538968818305969e+09
1.710538970303503990e+09
1.710538971788389921e+09
1.710538973273869038e+09
1.710538974759150982e+09
1.710538976290839911e+09
1.710538977799571037e+09
1.710538979283849955e+09
1.710538980769025087e+09
1.710538982277116060e+09
1.710538983785255909e+09
1.710538985293427944e+09
1.710538986778270006e+09
1.710538988309320927e+09
1.710538989793956041e+09
1.710538991301729918e+09
1.710538992809463024e+09
1.710538994293889046e+09
1.710538995778424025e+09
1.710538997262814045e+09
1.710538998747456074e+09
1.710539000255237103e+09
1.710539001739582062e+09
1.710539003224245071e+09
1.710539004708667994e+09
1.710539006239490032e+09
1.710539007723783016e+09
1.710539009254443884e+09
1.710539010785841942e+09
1.710539012269345045e+09
1.710539013776896000e+09
1.710539015284816980e+09
1.710539016792869091e+09
1.710539018277508020e+09
1.710539019762006044e+09
1.710539021248018980e+09
1.710539022731343031e+09
1.710539024214920998e+09
1.710539025699057102e+09
1.710539027206444979e+09
1.710539028714581013e+09
1.710539030197654009e+09
1.710539031705166101e+09
1.710539033189471960e+09
1.710539034673798084e+09
1.710539036158551931e+09
1.710539037665587902e+09
1.710539039150007010e+09
1.710539040634203911e+09
1.710539042118334055e+09
1.710539043602708101e+09
1.710539045086966991e+09
1.710539046571541071e+09
1.710539048078474045e+09
1.710539049586167097e+09
1.710539051070390940e+09
1.710539052554699898e+09
1.710539054038652897e+09
1.710539055545989990e+09
1.710539057054362059e+09
1.710539058584188938e+09
1.710539060068206072e+09
1.710539061552494049e+09
1.710539063060245991e+09
1.710539064544157982e+09
1.710539066027921915e+09
1.710539067512938023e+09
1.710539069019191980e+09
1.710539070526401997e+09
1.710539072010552883e+09
1.710539073517951965e+09
1.710539075048619032e+09
1.710539076532716036e+09
1.710539078017517090e+09
1.710539079523663998e+09
1.710539081007558107e+09
1.710539082514657974e+09
1.710539083998769999e+09
1.710539085482651949e+09
1.710539086966720104e+09
1.710539088475114107e+09
1.710539089981415033e+09
1.710539091465534925e+09
1.710539092973017931e+09
1.710539094503556013e+09
1.710539095987432957e+09
1.710539097471704960e+09
1.710539098957138062e+09
1.710539100486505985e+09
1.710539101993722916e+09
1.710539103478014946e+09
1.710539104962136030e+09
1.710539106446302891e+09
1.710539107930574894e+09
1.710539109415498018e+09
1.710539110922086000e+09
1.710539112406178951e+09
1.710539113913472891e+09
1.710539115397521973e+09
1.710539116881777048e+09
1.710539118389339924e+09
1.710539119876219034e+09
1.710539121403821945e+09
1.710539122934586048e+09
1.710539124419188023e+09
1.710539125949863911e+09
1.710539127434161901e+09
1.710539128941534996e+09
1.710539130450437069e+09
1.710539131957062006e+09
1.710539133441472054e+09
1.710539134926157951e+09
1.710539136433512926e+09
1.710539137940988064e+09
1.710539139425343990e+09
1.710539140910203934e+09
1.710539142416800022e+09
1.710539143901004076e+09
1.710539145385740995e+09
1.710539146870785952e+09
1.710539148353442907e+09
1.710539149837512970e+09
1.710539151322628975e+09
1.710539152829161882e+09
1.710539154313345909e+09
1.710539155797362089e+09
1.710539157281445980e+09
1.710539158788430929e+09
1.710539160272500038e+09
1.710539161781011105e+09
1.710539163310087919e+09
1.710539164817645073e+09
1.710539166325192928e+09
1.710539167809032917e+09
1.710539169293299913e+09
1.710539170800215960e+09
1.710539172331532955e+09
1.710539173837590933e+09
1.710539175345225096e+09
1.710539176852133036e+09
1.710539178359533072e+09
1.710539179843704939e+09
1.710539181327860117e+09
1.710539182835648060e+09
1.710539184342372894e+09
1.710539185826483965e+09
1.710539187310606956e+09
1.710539188817687988e+09
1.710539190347718000e+09
1.710539191854557037e+09
1.710539193339418888e+09
1.710539194845460892e+09
1.710539196329473019e+09
1.710539197836462975e+09
1.710539199320288897e+09
1.710539200804402113e+09
1.710539202290649891e+09
1.710539203796751976e+09
1.710539205302798033e+09
1.710539206809968948e+09
1.710539208340748072e+09
1.710539209871157885e+09
1.710539211355104923e+09
1.710539212862279892e+09
1.710539214371144056e+09
1.710539215876993895e+09
1.710539217384042025e+09
1.710539218868043900e+09
1.710539220352425098e+09
1.710539221836488962e+09
1.710539223320450068e+09
1.710539224805093050e+09
1.710539226311599970e+09
1.710539227818809986e+09
1.710539229326143980e+09
1.710539230810266018e+09
1.710539232295635939e+09
1.710539233801537991e+09
1.710539235286353111e+09
1.710539236816468000e+09
1.710539238300596952e+09
1.710539239784893990e+09
1.710539241292177916e+09
1.710539242776940107e+09
1.710539244262217045e+09
1.710539245770272970e+09
1.710539247299892902e+09
1.710539248830717087e+09
1.710539250338140965e+09
1.710539251845731020e+09
1.710539253353199959e+09
1.710539254837625027e+09
1.710539256324188948e+09
1.710539257829205036e+09
1.710539259336489916e+09
1.710539260820700884e+09
1.710539262328073025e+09
1.710539263812179089e+09
1.710539265319200993e+09
1.710539266803718090e+09
1.710539268333456993e+09
1.710539269817348003e+09
1.710539271324580908e+09
1.710539272808278084e+09
1.710539274315413952e+09
1.710539275799220085e+09
1.710539277329684019e+09
1.710539278813985109e+09
1.710539280298187017e+09
1.710539281805439949e+09
1.710539283289594889e+09
1.710539284773801088e+09
1.710539286259700060e+09
1.710539287742542028e+09
1.710539289226689100e+09
1.710539290710918903e+09
1.710539292195905924e+09
1.710539293702353001e+09
1.710539295209969997e+09
1.710539296694245100e+09
1.710539298202917099e+09
1.710539299685419083e+09
1.710539301169434071e+09
1.710539302653543949e+09
1.710539304162482977e+09
1.710539305645371914e+09
1.710539307129626036e+09
1.710539308613965988e+09
1.710539310121982098e+09
1.710539311628827095e+09
1.710539313113157034e+09
1.710539314597198963e+09
1.710539316105833054e+09
1.710539317612138033e+09
1.710539319096272945e+09
1.710539320580923080e+09
1.710539322066946983e+09
1.710539323549670935e+09
1.710539325034059048e+09
1.710539326518495083e+09
1.710539328002618074e+09
1.710539329486718893e+09
1.710539331017726898e+09
1.710539332548530102e+09
1.710539334033207893e+09
1.710539335563872099e+09
1.710539337048151016e+09
1.710539338532613039e+09
1.710539340016972065e+09
1.710539341501337051e+09
1.710539343009062052e+09
1.710539344493415117e+09
1.710539345977575064e+09
1.710539347461998940e+09
1.710539348969558954e+09
1.710539350476988077e+09
1.710539351961565018e+09
1.710539353469129086e+09
1.710539354977086067e+09
1.710539356508089066e+09
1.710539357992667913e+09
1.710539359523653030e+09
1.710539361077902079e+09
1.710539362585577011e+09
1.710539364070285082e+09
1.710539365554544926e+09
1.710539367061956882e+09
1.710539368546268940e+09
1.710539370053688049e+09
1.710539371585082054e+09
1.710539373092763901e+09
1.710539374577210903e+09
1.710539376061786890e+09
1.710539377546226978e+09
1.710539379030843019e+09
1.710539380515182972e+09
1.710539382022945881e+09
1.710539383507503986e+09
1.710539384992199898e+09
1.710539386476797104e+09
1.710539387961174965e+09
1.710539389445389032e+09
1.710539390953012943e+09
1.710539392437563896e+09
1.710539393944926977e+09
1.710539395429399014e+09
1.710539396913499117e+09
1.710539398421000957e+09
1.710539399905030012e+09
1.710539401412184954e+09
1.710539402367093086e+09
