1.704821367180566072e+09
1.704821426664614916e+09
1.704821485701792002e+09
1.704821545132123947e+09
1.704821604568581104e+09
1.704821663193177938e+09
1.704821722645180941e+09
1.704821782106307030e+09
1.704821841563818932e+09
1.704821901033853054e+09
1.704821960529583931e+09
1.704822019991975069e+09
1.704822079425940990e+09
1.704822138476152897e+09
1.704822197880249023e+09
1.704822257316745996e+09
1.704822316737610102e+09
1.704822375784540892e+09
1.704822435253309965e+09
1.704822494694791079e+09
1.704822554115485907e+09
1.704822613533977985e+09
1.704822673001061916e+09
1.704822732461421013e+09
1.704822791950903893e+09
1.704822851389813900e+09
1.704822910841367960e+09
1.704822970308449030e+09
1.704823029747179985e+09
1.704823089188437939e+09
1.704823148620117903e+09
1.704823208076513052e+09
1.704823267516299009e+09
1.704823326974008083e+09
1.704823386431430101e+09
1.704823445901560068e+09
1.704823505370104074e+09
1.704823564865865946e+09
1.704823624316298008e+09
1.704823683797311068e+09
1.704823743246841908e+09
1.704823802271579981e+09
1.704823861683013916e+09
1.704823920542860031e+09
1.704823979811991930e+09
1.704824038851742029e+09
1.704824098320724010e+09
1.704824157782089949e+09
1.704824217240888119e+09
1.704824276694813013e+09
1.704824335721594095e+09
1.704824395157860041e+09
1.704824454632240057e+09
1.704824514100713015e+09
1.704824573559936047e+09
1.704824633034435034e+09
1.704824692524373055e+09
1.704824752037024021e+09
1.704824811508624077e+09
1.704824871013036966e+09
1.704824912612751961e+09
