1.709749072639508963e+09
1.709749085212893963e+09
1.709749097855215073e+09
1.709749110494899988e+09
1.709749123135981083e+09
1.709749135779031038e+09
1.709749148232970953e+09
1.709749160760459900e+09
1.709749173427604914e+09
1.709749186068504095e+09
1.709749198733225107e+09
1.709749211397530079e+09
1.709749224061822891e+09
1.709749236727353096e+09
1.709749249367285967e+09
1.709749262031681061e+09
1.709749274697010040e+09
1.709749287337084055e+09
1.709749300001275063e+09
1.709749312642978907e+09
1.709749325305459976e+09
1.709749337971632957e+09
1.709749350561721087e+09
1.709749362949537039e+09
1.709749375589488029e+09
1.709749388249330044e+09
1.709749400912646055e+09
1.709749413553069115e+09
1.709749426213223934e+09
1.709749438876300097e+09
1.709749451513726950e+09
1.709749464175219059e+09
1.709749476840764999e+09
1.709749489478115082e+09
1.709749502161959887e+09
1.709749514802597046e+09
1.709749527465595007e+09
1.709749540130131006e+09
1.709749552794384956e+09
1.709749565132610083e+09
1.709749577772181034e+09
1.709749590437108040e+09
1.709749603098587990e+09
1.709749615760847092e+09
1.709749628425231934e+09
1.709749641068492889e+09
1.709749653734272003e+09
1.709749662597381115e+09
