1.710274616317455053e+09
1.710274617825326920e+09
1.710274619358783007e+09
1.710274620887571096e+09
1.710274622418834925e+09
1.710274623926357985e+09
1.710274625456667900e+09
1.710274626964778900e+09
1.710274628495121956e+09
1.710274629979605913e+09
1.710274631487334967e+09
1.710274632995313883e+09
1.710274634479512930e+09
1.710274635987334967e+09
1.710274637495176077e+09
1.710274639002986908e+09
1.710274640511421919e+09
1.710274641995646954e+09
1.710274643504477024e+09
1.710274645060441017e+09
1.710274646542884111e+09
1.710274648026158094e+09
1.710274649533653021e+09
1.710274651018167973e+09
1.710274652502912998e+09
1.710274653995203972e+09
1.710274655518254042e+09
1.710274657025751114e+09
1.710274658533394098e+09
1.710274660064306021e+09
1.710274661548755884e+09
1.710274663032960892e+09
1.710274664517460108e+09
1.710274666025110960e+09
1.710274667510430098e+09
1.710274668994263887e+09
1.710274670524645090e+09
1.710274672009737015e+09
1.710274673493638039e+09
1.710274674977438927e+09
1.710274676485622883e+09
1.710274677971184969e+09
1.710274679504313946e+09
1.710274681033077955e+09
1.710274682519442081e+09
1.710274684027095079e+09
1.710274685511768103e+09
1.710274687043409109e+09
1.710274688527285099e+09
1.710274690036247969e+09
1.710274691521476984e+09
1.710274693051986933e+09
1.710274694560777903e+09
1.710274696044644117e+09
1.710274697556929111e+09
1.710274699107887030e+09
1.710274700593475103e+09
1.710274702100944996e+09
1.710274703678839922e+09
1.710274705163454056e+09
1.710274706648510933e+09
1.710274708133361101e+09
1.710274709688013077e+09
1.710274711172820091e+09
1.710274712680874109e+09
1.710274714189040899e+09
1.710274715743489981e+09
1.710274717227288008e+09
1.710274718734643936e+09
1.710274720218833923e+09
1.710274721749548912e+09
1.710274723234093904e+09
1.710274724718954086e+09
1.710274726202783108e+09
1.710274727733267069e+09
1.710274729217325926e+09
1.710274730701428890e+09
1.710274732185342073e+09
1.710274733762224913e+09
1.710274735246517897e+09
1.710274736730627060e+09
1.710274738214925051e+09
1.710274739745688915e+09
1.710274741230086088e+09
1.710274742714909077e+09
1.710274744222791910e+09
1.710274745753514051e+09
1.710274747237788916e+09
1.710274748722354889e+09
1.710274750206574917e+09
1.710274751714308977e+09
1.710274753198681116e+09
1.710274754705924988e+09
1.710274756214587927e+09
1.710274757743742943e+09
1.710274759227684975e+09
1.710274760711895943e+09
1.710274762243153095e+09
1.710274763726521969e+09
1.710274765210624933e+09
1.710274766695053101e+09
1.710274768225430012e+09
1.710274769709599018e+09
1.710274771193798065e+09
1.710274772702776909e+09
1.710274774208713055e+09
1.710274775716541052e+09
1.710274777200539112e+09
1.710274778731069088e+09
1.710274780215977907e+09
1.710274781699693918e+09
1.710274783184042931e+09
1.710274784691282034e+09
1.710274786175570011e+09
1.710274787659842968e+09
1.710274789168754101e+09
1.710274790698190928e+09
1.710274792205636024e+09
1.710274793689671993e+09
1.710274795220388889e+09
1.710274796704786062e+09
1.710274798212379932e+09
1.710274799696819067e+09
1.710274801227619886e+09
1.710274802711873055e+09
1.710274804196074963e+09
1.710274805727863073e+09
1.710274807234412909e+09
1.710274808719082117e+09
1.710274810203150988e+09
1.710274811710850000e+09
1.710274813194988012e+09
1.710274814702622890e+09
1.710274816186980963e+09
1.710274817717654943e+09
1.710274819202266932e+09
1.710274820709673882e+09
1.710274822218554974e+09
1.710274823747987986e+09
1.710274825232270002e+09
1.710274826716573000e+09
1.710274828224018097e+09
1.710274829708869934e+09
1.710274831216017008e+09
1.710274832723423958e+09
1.710274834231048107e+09
1.710274835738917112e+09
1.710274837246720076e+09
1.710274838777359962e+09
1.710274840261800051e+09
1.710274841746483088e+09
1.710274843254570007e+09
1.710274844785286903e+09
1.710274846269870996e+09
1.710274847754575014e+09
1.710274849263312101e+09
1.710274850839767933e+09
1.710274852324790001e+09
1.710274853854424953e+09
1.710274855339823008e+09
1.710274856915724039e+09
1.710274858400083065e+09
1.710274859884284973e+09
1.710274861369662046e+09
1.710274862922700882e+09
1.710274864407666922e+09
1.710274865892611027e+09
1.710274867399883986e+09
1.710274868907443047e+09
1.710274870390686035e+09
1.710274871874932051e+09
1.710274873407157898e+09
1.710274874982384920e+09
1.710274876467123985e+09
1.710274877951850891e+09
1.710274879437378883e+09
1.710274880990148067e+09
1.710274882474512100e+09
1.710274883959103107e+09
1.710274885512841940e+09
1.710274886997616053e+09
1.710274888482160091e+09
1.710274889967232943e+09
1.710274891497575045e+09
1.710274893005206108e+09
1.710274894489480019e+09
1.710274895975990057e+09
1.710274897528194904e+09
1.710274899035829067e+09
1.710274900520565987e+09
1.710274902074584007e+09
1.710274903582180977e+09
1.710274905066628933e+09
1.710274906551579952e+09
1.710274908059331894e+09
1.710274909543930054e+09
1.710274911028338909e+09
1.710274912514543056e+09
1.710274914066679001e+09
1.710274915551358938e+09
1.710274917082427025e+09
1.710274918591553926e+09
1.710274920144778013e+09
1.710274921652735949e+09
1.710274923137463093e+09
1.710274924645461082e+09
1.710274926153284073e+09
1.710274927660737991e+09
1.710274929145256042e+09
1.710274930676315069e+09
1.710274932160676003e+09
1.710274933668365955e+09
1.710274935152646065e+09
1.710274936683250904e+09
1.710274938167536020e+09
1.710274939651798010e+09
1.710274941184281111e+09
1.710274942690197945e+09
1.710274944197760105e+09
1.710274945682010889e+09
1.710274947189538002e+09
1.710274948697179079e+09
1.710274950204554081e+09
1.710274951713553905e+09
1.710274953265997887e+09
1.710274954750319004e+09
1.710274956257690907e+09
1.710274957788234949e+09
1.710274959295546055e+09
1.710274960803029060e+09
1.710274962287015915e+09
1.710274963840755939e+09
1.710274965325172901e+09
1.710274966809566021e+09
1.710274968318521976e+09
1.710274969876344919e+09
1.710274971355700970e+09
1.710274972839957952e+09
1.710274974348933935e+09
1.710274975902084112e+09
1.710274977385243893e+09
1.710274978869476080e+09
1.710274980379319906e+09
1.710274981884884119e+09
1.710274983369570017e+09
1.710274984853959084e+09
1.710274986409018993e+09
1.710274987892843962e+09
1.710274989400015116e+09
1.710274990884655952e+09
1.710274992415383101e+09
1.710274993903889894e+09
1.710274995407457113e+09
1.710274996892596006e+09
1.710274998469311953e+09
1.710274999953949928e+09
1.710275001438352108e+09
1.710275002948061943e+09
1.710275004453742027e+09
1.710275005938215971e+09
1.710275007422882080e+09
1.710275008931444883e+09
1.710275010438674927e+09
1.710275011923182964e+09
1.710275013407768011e+09
1.710275014987360001e+09
1.710275016516155958e+09
1.710275018026005030e+09
1.710275019506875038e+09
1.710275021061341047e+09
1.710275022544904947e+09
1.710275024030471087e+09
1.710275025538023949e+09
1.710275027090483904e+09
1.710275028574410915e+09
1.710275030059822083e+09
1.710275031565361977e+09
1.710275033119041920e+09
1.710275034603187084e+09
1.710275036087316990e+09
1.710275037596168995e+09
1.710275039102359056e+09
1.710275040610846043e+09
1.710275042117003918e+09
1.710275043624543905e+09
1.710275045109138966e+09
1.710275046594708920e+09
1.710275048126051903e+09
1.710275049678771973e+09
1.710275051163146019e+09
1.710275052647726059e+09
1.710275054179729939e+09
1.710275055686942101e+09
1.710275057217881918e+09
1.710275058703876972e+09
1.710275060257385015e+09
1.710275061743159056e+09
1.710275063274096966e+09
1.710275064806713104e+09
1.710275066335500002e+09
1.710275067820638895e+09
1.710275069328259945e+09
1.710275070836334944e+09
1.710275072344191074e+09
1.710275073828856945e+09
1.710275075336792946e+09
1.710275076867757082e+09
1.710275078352705956e+09
1.710275079860654116e+09
1.710275081347140074e+09
1.710275082876885891e+09
1.710275084361633062e+09
1.710275085846828938e+09
1.710275087402060986e+09
1.710275088956085920e+09
1.710275090487339973e+09
1.710275091972548008e+09
1.710275093482045889e+09
1.710275095012559891e+09
1.710275096497509956e+09
1.710275097982525110e+09
1.710275099513374090e+09
1.710275100998214960e+09
1.710275102483023882e+09
1.710275103991278887e+09
1.710275105499500036e+09
1.710275106984515905e+09
1.710275108469057083e+09
1.710275110000941992e+09
1.710275111508382082e+09
1.710275112993268967e+09
1.710275114500375032e+09
1.710275116055428028e+09
1.710275117585549116e+09
1.710275119070372105e+09
1.710275120554816008e+09
1.710275122085612059e+09
1.710275123593807936e+09
1.710275125078419924e+09
1.710275126563031912e+09
1.710275128094307899e+09
1.710275129579210043e+09
1.710275131064023018e+09
1.710275132548579931e+09
1.710275134056509972e+09
1.710275135564260006e+09
1.710275137048767090e+09
1.710275138534673929e+09
1.710275140087213993e+09
1.710275141594716072e+09
1.710275143102379084e+09
1.710275144610289097e+09
1.710275146094506025e+09
1.710275147578879118e+09
1.710275149063031912e+09
1.710275150618227959e+09
1.710275152171243906e+09
1.710275153655694962e+09
1.710275155188014984e+09
1.710275156694602013e+09
1.710275158180214882e+09
1.710275159711541891e+09
1.710275161196135998e+09
1.710275162796186924e+09
1.710275164304095030e+09
1.710275165811883926e+09
1.710275167319539070e+09
1.710275168804083109e+09
1.710275170288649082e+09
1.710275171773408890e+09
1.710275173281338930e+09
1.710275174789410114e+09
1.710275176297200918e+09
1.710275177805628061e+09
1.710275179382464886e+09
1.710275180866722107e+09
1.710275182351330042e+09
1.710275183835895061e+09
1.710275185414623022e+09
1.710275186943974018e+09
1.710275188428158998e+09
1.710275189935688972e+09
1.710275191490869045e+09
1.710275193043636084e+09
1.710275194551067114e+09
1.710275196059192896e+09
1.710275197591123104e+09
1.710275199074435949e+09
1.710275200558883905e+09
1.710275202066795111e+09
1.710275203599167109e+09
1.710275205105770111e+09
1.710275206590502977e+09
1.710275208098493099e+09
1.710275209630780935e+09
1.710275211137768030e+09
1.710275212622294903e+09
1.710275214106818914e+09
1.710275215484297037e+09
