1.710166833867602110e+09
1.710166835351660967e+09
1.710166836835962057e+09
1.710166838345148087e+09
1.710166839874387026e+09
1.710166840828638077e+09
1.710166907749036074e+09
1.710166909233808994e+09
1.710166910765110016e+09
1.710166912364964962e+09
1.710166913965163946e+09
1.710166915365160942e+09
1.710167077242019892e+09
1.710167078726078987e+09
1.710167080235167980e+09
1.710167081858084917e+09
1.710167083458055973e+09
1.710167085035587072e+09
1.710167086658613920e+09
1.710167088028821945e+09
1.710167093640605927e+09
1.710167095123393059e+09
1.710167096607460976e+09
1.710167098137600899e+09
1.710167099645246029e+09
1.710167100576428890e+09
1.710167155965239048e+09
1.710167157449281931e+09
1.710167158933613062e+09
1.710167160465785027e+09
1.710167162112936974e+09
1.710167163712452888e+09
1.710167165312844038e+09
1.710167166842729092e+09
1.710167168327075958e+09
1.710167169628959894e+09
1.710167223668914080e+09
1.710167225176455975e+09
1.710167226660948038e+09
1.710167228192984104e+09
1.710167229794205904e+09
1.710167231140774965e+09
1.710167276066617966e+09
1.710167277665085077e+09
1.710167279194796085e+09
1.710167280679311991e+09
1.710167282163690090e+09
1.710167283695498943e+09
1.710167284724554062e+09
1.710167319415406942e+09
1.710167321014970064e+09
1.710167322614469051e+09
1.710167324214677095e+09
1.710167325837730885e+09
1.710167326842508078e+09
1.710167379894664049e+09
1.710167381380057096e+09
1.710167382934242964e+09
1.710167384333869934e+09
1.710167391769561052e+09
1.710167393253210068e+09
1.710167394737819910e+09
1.710167396269994974e+09
1.710167397668370008e+09
1.710167404732841969e+09
1.710167406216973066e+09
1.710167407724179029e+09
1.710167409256458998e+09
1.710167410285326958e+09
1.710167416259494066e+09
1.710167417860960960e+09
1.710167419484318018e+09
1.710167421084542990e+09
1.710167422485235929e+09
1.710167428972739935e+09
1.710167430547496080e+09
1.710167432031723976e+09
1.710167433540760040e+09
1.710167435140909910e+09
1.710167436693829060e+09
1.710167438178160906e+09
1.710167439662842989e+09
1.710167441171278954e+09
1.710167442701371908e+09
1.710167443286212921e+09
1.710167450517072916e+09
1.710167452001353979e+09
1.710167453510430098e+09
1.710167455109915972e+09
1.710167456616219044e+09
1.710167458123514891e+09
1.710167459630954027e+09
1.710167461208400965e+09
1.710167462809381008e+09
1.710167464409827948e+09
1.710167466033251047e+09
1.710167467633059978e+09
1.710167469056965113e+09
1.710167477419491053e+09
1.710167478904247046e+09
1.710167480387990952e+09
1.710167481919265985e+09
1.710167483520988941e+09
1.710167485120556116e+09
1.710167486126250029e+09
1.710167492519649982e+09
1.710167494120109081e+09
1.710167495719595909e+09
1.710167497321988106e+09
1.710167498920476913e+09
1.710167499925354004e+09
1.710167506110455036e+09
1.710167507712553978e+09
1.710167509311847925e+09
1.710167509934433937e+09
1.710167681498447895e+09
1.710167683120863914e+09
1.710167684721743107e+09
1.710167686322091103e+09
1.710167687922544003e+09
1.710167689522192001e+09
1.710167691122386932e+09
1.710167692745547056e+09
1.710167694345959902e+09
1.710167695899672985e+09
1.710167697386324883e+09
1.710167698869102955e+09
1.710167700401880980e+09
1.710167702002501011e+09
1.710167703603398085e+09
1.710167705203819990e+09
1.710167706757663965e+09
1.710167708242558002e+09
1.710167709727504969e+09
1.710167711236603022e+09
1.710167712837515116e+09
1.710167714439433098e+09
1.710167716039606094e+09
1.710167717640172005e+09
1.710167719241120100e+09
1.710167720776118040e+09
1.710167722255892992e+09
1.710167723763936043e+09
1.710167723953974962e+09
1.710167734181078911e+09
1.710167735665287971e+09
1.710167737220726013e+09
1.710167738822391987e+09
1.710167740421822071e+09
1.710167742022862911e+09
1.710167743031330109e+09
1.710167749282107115e+09
1.710167750882266045e+09
1.710167752482285976e+09
1.710167754082786083e+09
1.710167755682451010e+09
1.710167756710268974e+09
1.710167867027168989e+09
1.710167868511061907e+09
1.710167870019567013e+09
1.710167871418503046e+09
1.710167883793232918e+09
1.710167885277602911e+09
1.710167886761858940e+09
1.710167888270404100e+09
1.710167889870310068e+09
1.710167891470702887e+09
1.710167893070416927e+09
1.710167894670654058e+09
1.710167896270420074e+09
1.710167897670658112e+09
1.710167909068353891e+09
1.710167910552141905e+09
1.710167912035955906e+09
1.710167913567291975e+09
1.710167914194344997e+09
1.710167921426198959e+09
1.710167922932761908e+09
1.710167924416748047e+09
1.710167925948892117e+09
1.710167927549001932e+09
1.710167928948580027e+09
1.710167937681241035e+09
1.710167939164752007e+09
1.710167940719885111e+09
1.710167942320373058e+09
1.710167943921181917e+09
1.710167945520499945e+09
1.710167946527335882e+09
1.710179743635895014e+09
1.710179745143089056e+09
1.710179746698571920e+09
1.710179748298057079e+09
1.710179749898013115e+09
1.710179750932806015e+09
1.710179791165489912e+09
1.710179792694420099e+09
1.710179794273222923e+09
1.710179795874587059e+09
1.710179797475290060e+09
1.710179799076531887e+09
1.710179800505165100e+09
1.710179809027081966e+09
1.710179810535343885e+09
1.710179812090307951e+09
1.710179813713171959e+09
1.710179815244271994e+09
1.710179816752047062e+09
1.710179818331450939e+09
1.710179819930788994e+09
1.710179821579272032e+09
1.710179823178524017e+09
1.710179824826909065e+09
1.710179825465092897e+09
1.710179836626681089e+09
1.710179838157049894e+09
1.710179839664612055e+09
1.710179841243129015e+09
1.710179842258097887e+09
1.710179850170291901e+09
1.710179851679862022e+09
1.710179853185235977e+09
1.710179854148408890e+09
1.710179877978322983e+09
1.710179879485835075e+09
1.710179880444184065e+09
1.710179886558378935e+09
1.710179888066282034e+09
1.710179889572870970e+09
1.710179891128048897e+09
1.710179892751641035e+09
1.710179893782234907e+09
1.710179901702086926e+09
1.710179903209706068e+09
1.710179904717514992e+09
1.710179906295516014e+09
1.710179907304272890e+09
1.710179914527738094e+09
1.710179916035558939e+09
1.710179917543263912e+09
1.710179919053066015e+09
1.710179919644859076e+09
1.710179974066057920e+09
1.710179975597512960e+09
1.710179977221436977e+09
1.710179978628801107e+09
