1.709579807785523891e+09
1.709579808581229925e+09
1.709579809409255028e+09
1.709579810245459080e+09
1.709579810757623911e+09
1.709579834699253082e+09
1.709579835539865971e+09
1.709579836385989904e+09
1.709579837183406115e+09
1.709579837315335035e+09
1.709579912175611973e+09
1.709579913023159981e+09
1.709579913858261108e+09
1.709579914737073898e+09
1.709579915225331068e+09
1.709579973905679941e+09
1.709579974714406013e+09
1.709579975546624899e+09
1.709579976374882936e+09
1.709579977189815998e+09
1.709579977997225046e+09
1.709579978812258959e+09
1.709579978951260090e+09
1.709580033282493114e+09
1.709580034139707088e+09
1.709580034976728916e+09
1.709580035826797962e+09
1.709580036681174994e+09
1.709580037477929115e+09
1.709580038315217018e+09
1.709580039139211893e+09
1.709580039632513046e+09
1.709580090537008047e+09
1.709580091365051985e+09
1.709580092186522007e+09
1.709580093012114048e+09
1.709580093718065023e+09
1.709580189917838097e+09
1.709580190739286900e+09
1.709580191538062096e+09
1.709580192327775002e+09
1.709580193125747919e+09
1.709580193927522898e+09
1.709580194770111084e+09
1.709580195510508060e+09
1.709580269956053019e+09
1.709580270784666061e+09
1.709580271612258911e+09
1.709580272400794983e+09
1.709580273171960115e+09
1.709580273977879047e+09
1.709580274768079042e+09
1.709580275564187050e+09
1.709580276390218973e+09
1.709580277193232059e+09
1.709580277555598021e+09
1.709580322962264061e+09
1.709580323821275949e+09
1.709580324677309036e+09
1.709580325507246017e+09
1.709580326322803974e+09
1.709580326441313982e+09
1.709580348132036924e+09
1.709580348977468967e+09
1.709580349752670050e+09
1.709580350578887939e+09
1.709580351367657900e+09
1.709580352179373980e+09
1.709580352279956102e+09
1.709580358126620054e+09
1.709580358953542948e+09
1.709580359785675049e+09
1.709580360575005054e+09
1.709580361366974115e+09
1.709580362183829069e+09
1.709580363032424927e+09
1.709580363548404932e+09
1.709580368995837927e+09
1.709580369814009905e+09
1.709580370643002987e+09
1.709580371462344885e+09
1.709580372402229071e+09
1.709580373222408056e+09
1.709580374025418043e+09
1.709580374823757887e+09
1.709580375611718893e+09
1.709580376422949076e+09
1.709580377226828098e+09
1.709580378065576077e+09
1.709580378900947094e+09
1.709580379732088089e+09
1.709580380543521881e+09
1.709580381354424000e+09
1.709580382168178082e+09
1.709580382960616112e+09
1.709580383766453981e+09
1.709580384557909012e+09
1.709580385348673105e+09
1.709580386180346012e+09
1.709580386437726974e+09
