1.710537908393660069e+09
1.710537909924491882e+09
1.710537911408610106e+09
1.710537912915920973e+09
1.710537914423218966e+09
1.710537915907341003e+09
1.710537917393590927e+09
1.710537918898904085e+09
1.710537920383158922e+09
1.710537921867264032e+09
1.710537923353013992e+09
1.710537924836250067e+09
1.710537926320627928e+09
1.710537927805655003e+09
1.710537929335335016e+09
1.710537930820019960e+09
1.710537932327286959e+09
1.710537933834747076e+09
1.710537935318893909e+09
1.710537936803255081e+09
1.710537938288748980e+09
1.710537939795284033e+09
1.710537941279618979e+09
1.710537942763813972e+09
1.710537944271126032e+09
1.710537945755346060e+09
1.710537947239162922e+09
1.710537948723640919e+09
1.710537950253463030e+09
1.710537951760056973e+09
1.710537953245831013e+09
1.710537954727787971e+09
1.710537956211785078e+09
1.710537957695744038e+09
1.710537959180568933e+09
1.710537960687097073e+09
1.710537962171042919e+09
1.710537963678360939e+09
1.710537965186841011e+09
1.710537966669462919e+09
1.710537968153402090e+09
1.710537969638087988e+09
1.710537971145658970e+09
1.710537972628479004e+09
1.710537974112251997e+09
1.710537975596488953e+09
1.710537977080835104e+09
1.710537978563811064e+09
1.710537980048705101e+09
1.710537981577965021e+09
1.710537983061883926e+09
1.710537984545749903e+09
1.710537986029652119e+09
1.710537987513305902e+09
1.710537989020598888e+09
1.710537990505414963e+09
1.710537992033585072e+09
1.710537993586678982e+09
1.710537995070436954e+09
1.710537996600301981e+09
1.710537998107461929e+09
1.710537999614146948e+09
1.710538001099011898e+09
1.710538002604983091e+09
1.710538004088687897e+09
1.710538005595876932e+09
1.710538007103291035e+09
1.710538008587177992e+09
1.710538010070894957e+09
1.710538011555752039e+09
1.710538013062103033e+09
1.710538014546036005e+09
1.710538016029983997e+09
1.710538017537441015e+09
1.710538019021377087e+09
1.710538020505609989e+09
1.710538022013984919e+09
1.710538023519889116e+09
1.710538025026979923e+09
1.710538026511024952e+09
1.710538027995116949e+09
1.710538029501982927e+09
1.710538030985637903e+09
1.710538032492507935e+09
1.710538033999881983e+09
1.710538035529763937e+09
1.710538037013742924e+09
1.710538038498349905e+09
1.710538039981906891e+09
1.710538041465817928e+09
1.710538042949781895e+09
1.710538044433789015e+09
1.710538045917613029e+09
1.710538047401457071e+09
1.710538048910211086e+09
1.710538050392457008e+09
1.710538051899766922e+09
1.710538053407013893e+09
1.710538054914670944e+09
1.710538056398559093e+09
1.710538057882679939e+09
1.710538059366570950e+09
1.710538060873657942e+09
1.710538062381021023e+09
1.710538063865119934e+09
1.710538065349242926e+09
1.710538066856209993e+09
1.710538068340162992e+09
1.710538069824373960e+09
1.710538071308085918e+09
1.710538072815278053e+09
1.710538074322315931e+09
1.710538075829430103e+09
1.710538077337106943e+09
1.710538078844639063e+09
1.710538080328711987e+09
1.710538081836209059e+09
1.710538083343502045e+09
1.710538084850848913e+09
1.710538086335088968e+09
1.710538087842641115e+09
1.710538089327070951e+09
1.710538090834208965e+09
1.710538092341751099e+09
1.710538093848988056e+09
1.710538095425904989e+09
1.710538096910207033e+09
1.710538098417195082e+09
1.710538099901156902e+09
1.710538101385318041e+09
1.710538102869441032e+09
1.710538104353576899e+09
1.710538105860852003e+09
1.710538107367863894e+09
1.710538108875475883e+09
1.710538110382910967e+09
1.710538111867166042e+09
1.710538113374480963e+09
1.710538114881840944e+09
1.710538116366055965e+09
1.710538117873759985e+09
1.710538119381232977e+09
1.710538120888533115e+09
1.710538122372581005e+09
1.710538123903239012e+09
1.710538125387728930e+09
1.710538126895190001e+09
1.710538128402374029e+09
1.710538129909564018e+09
1.710538131394840956e+09
1.710538132900971889e+09
1.710538134385225058e+09
1.710538135869352102e+09
1.710538137353733063e+09
1.710538138861223936e+09
1.710538140345879078e+09
1.710538141830965042e+09
1.710538143360991001e+09
1.710538144868694067e+09
1.710538146353096008e+09
1.710538147837532043e+09
1.710538149344960928e+09
1.710538150829353094e+09
1.710538152314523935e+09
1.710538153821125031e+09
1.710538155305476904e+09
1.710538156813142061e+09
1.710538158297405958e+09
1.710538159781718016e+09
1.710538161267925978e+09
1.710538162751943111e+09
1.710538164259232998e+09
1.710538165742573023e+09
1.710538167228987932e+09
1.710538168759251118e+09
1.710538170265722036e+09
1.710538171749516010e+09
1.710538173234750032e+09
1.710538174741667986e+09
1.710538176225802898e+09
1.710538177710154057e+09
1.710538179194792986e+09
1.710538180679163933e+09
1.710538182186975956e+09
1.710538183695909977e+09
1.710538185225315094e+09
1.710538186709398985e+09
1.710538188217019081e+09
1.710538189724518061e+09
1.710538191208264112e+09
1.710538192715601921e+09
1.710538194223922014e+09
1.710538195730192900e+09
1.710538197216438055e+09
1.710538198721501112e+09
1.710538200205929995e+09
1.710538201689985037e+09
1.710538203197379112e+09
1.710538204682971001e+09
1.710538206189723015e+09
1.710538207674184084e+09
1.710538209183940887e+09
1.710538210666877985e+09
1.710538212151554108e+09
1.710538213659207106e+09
1.710538215145992994e+09
1.710538216674664021e+09
1.710538218181998968e+09
1.710538219666440964e+09
1.710538221175838947e+09
1.710538222681610107e+09
1.710538224166027069e+09
1.710538225650935888e+09
1.710538227182918072e+09
1.710538228688554049e+09
1.710538230196120977e+09
1.710538231680440903e+09
1.710538233188059092e+09
1.710538234695657015e+09
1.710538236227719069e+09
1.710538237734442949e+09
1.710538239218944073e+09
1.710538240726623058e+09
1.710538242257463932e+09
1.710538243765043974e+09
1.710538245296814919e+09
1.710538246828031063e+09
1.710538248357414961e+09
1.710538249841744900e+09
1.710538251372414112e+09
1.710538252879951000e+09
1.710538254387087107e+09
1.710538255894517899e+09
1.710538257402029991e+09
1.710538258909790039e+09
1.710538260417670965e+09
1.710538261901177883e+09
1.710538263385442972e+09
1.710538264892657995e+09
1.710538266400635958e+09
1.710538267908746958e+09
1.710538269416872025e+09
1.710538270924892902e+09
1.710538272409492016e+09
1.710538273917830944e+09
1.710538275425860882e+09
1.710538276934154034e+09
1.710538278441234112e+09
1.710538279948163033e+09
1.710538281479029894e+09
1.710538282986737013e+09
1.710538284540719986e+09
1.710538286024914980e+09
1.710538287532474041e+09
1.710538289039783001e+09
1.710538290524075031e+09
1.710538292031280041e+09
1.710538293563697100e+09
1.710538295069463015e+09
1.710538296577171087e+09
1.710538298061476946e+09
1.710538299545547962e+09
1.710538301052931070e+09
1.710538302560516119e+09
1.710538304071371078e+09
1.710538305598015070e+09
1.710538307105266094e+09
1.710538308612534046e+09
1.710538310096609116e+09
1.710538311603646994e+09
1.710538313087889910e+09
1.710538314596935987e+09
1.710538316102385998e+09
1.710538317610141039e+09
1.710538319094430923e+09
1.710538320578984022e+09
1.710538322086437941e+09
1.710538323594297886e+09
1.710538325080141068e+09
1.710538326586184025e+09
1.710538328070261955e+09
1.710538329554661036e+09
1.710538331062041998e+09
1.710538332546232939e+09
1.710538334030565023e+09
1.710538335538810968e+09
1.710538337068747997e+09
1.710538338553066015e+09
1.710538340037368059e+09
1.710538341521605968e+09
1.710538343029366970e+09
1.710538344536912918e+09
1.710538346022806883e+09
1.710538347528841019e+09
1.710538349013451099e+09
1.710538350497767925e+09
1.710538351981875896e+09
1.710538353512833118e+09
1.710538354997082949e+09
1.710538356482454062e+09
1.710538358012038946e+09
1.710538359519546986e+09
1.710538361003837109e+09
1.710538362534543037e+09
1.710538364041630030e+09
1.710538365549091101e+09
1.710538367034490108e+09
1.710538368563694954e+09
1.710538370047971010e+09
1.710538371531976938e+09
1.710538373039505005e+09
1.710538374523783922e+09
1.710538376031397104e+09
1.710538377517143965e+09
1.710538379022902966e+09
1.710538380507236004e+09
1.710538382014678955e+09
1.710538383498788118e+09
1.710538384983067989e+09
1.710538386490500927e+09
1.710538387999134064e+09
1.710538389529123068e+09
1.710538391015248060e+09
1.710538392520942926e+09
1.710538394051662922e+09
1.710538395536081076e+09
1.710538397020649910e+09
1.710538398528932095e+09
1.710538400012319088e+09
1.710538401496964931e+09
1.710538402980916977e+09
1.710538404464979887e+09
1.710538405949193001e+09
1.710538407456798077e+09
1.710538408940785885e+09
1.710538410425260067e+09
1.710538411909578085e+09
1.710538413417112112e+09
1.710538414924310923e+09
1.710538416431685925e+09
1.710538417962167978e+09
1.710538419446461916e+09
1.710538420931047916e+09
1.710538422438889027e+09
1.710538423923194885e+09
1.710538425408042908e+09
1.710538426892550945e+09
1.710538428377065897e+09
1.710538429861393929e+09
1.710538431345758915e+09
1.710538432830271959e+09
1.710538434314631939e+09
1.710538435798842907e+09
1.710538437283371925e+09
1.710538438791095972e+09
1.710538440298832893e+09
1.710538441806492090e+09
1.710538443290935040e+09
1.710538444798814058e+09
1.710538446283400059e+09
1.710538447768011093e+09
1.710538449252425909e+09
1.710538450759973049e+09
1.710538452267430067e+09
1.710538453751792908e+09
1.710538455236804962e+09
1.710538456744591951e+09
1.710538458252213955e+09
1.710538459759892941e+09
1.710538461267210007e+09
1.710538462751341105e+09
1.710538464235532999e+09
1.710538465720941067e+09
1.710538467227248907e+09
1.710538468711644888e+09
1.710538470195914984e+09
1.710538471703488111e+09
1.710538473211201906e+09
1.710538474742053032e+09
1.710538476250628948e+09
1.710538477757405043e+09
1.710538479288024902e+09
1.710538480772648096e+09
1.710538482279980898e+09
1.710538483787555933e+09
1.710538485295309067e+09
1.710538486804497957e+09
1.710538488310695887e+09
1.710538489818356991e+09
1.710538491302884102e+09
1.710538492810565948e+09
1.710538494294948101e+09
1.710538495802532911e+09
1.710538497310861111e+09
1.710538498817483902e+09
1.710538500324727058e+09
1.710538501832377911e+09
1.710538503339706898e+09
1.710538504847176075e+09
1.710538506354907036e+09
1.710538507840101957e+09
1.710538509346807957e+09
1.710538509537287951e+09
