1.700075913600832939e+09
1.700076090370553017e+09
1.700076267907974005e+09
1.700076445050750017e+09
1.700076622963430882e+09
1.700076800839433908e+09
1.700076978413753033e+09
1.700077155718192101e+09
1.700077333351397991e+09
1.700077511005876064e+09
1.700077688752996922e+09
1.700077866380515099e+09
1.700078044005844116e+09
1.700078221851850033e+09
1.700078399085290909e+09
1.700078576760617971e+09
1.700078754123663902e+09
1.700078931945754051e+09
1.700079109684509039e+09
1.700079287686758041e+09
1.700079352420609951e+09
