1.710513642217211008e+09
1.710513643834537983e+09
1.710513645513593912e+09
1.710513647196556091e+09
1.710513648867028952e+09
1.710513650581095934e+09
1.710513652229428053e+09
1.710513653827436924e+09
1.710513655405498981e+09
1.710513657119791031e+09
1.710513658812944889e+09
1.710513660484031916e+09
1.710513662086096048e+09
1.710513663671688080e+09
1.710513664296942949e+09
1.710513676879786968e+09
1.710513678499432087e+09
1.710513680098725080e+09
1.710513681482911110e+09
1.710513811164937973e+09
1.710513812779289961e+09
1.710513814309900999e+09
1.710513815886740923e+09
1.710513816874453068e+09
1.710513845291399002e+09
1.710513846845040083e+09
1.710513848422617912e+09
1.710513850021960974e+09
1.710513851598788023e+09
1.710513852592488050e+09
1.710513861221683025e+09
1.710513862775896072e+09
1.710513864305288076e+09
1.710513865239584923e+09
1.710513881649529934e+09
1.710513883201193094e+09
1.710513884754370928e+09
1.710513885744636059e+09
1.710513905621828079e+09
1.710513907198683977e+09
1.710513908729269028e+09
1.710513909675060034e+09
1.710513920091155052e+09
1.710513921621190071e+09
1.710513923128465891e+09
1.710513924681900024e+09
1.710513926212388039e+09
1.710513926812310934e+09
1.710513939208906889e+09
1.710513940751470089e+09
1.710513942235944033e+09
1.710513943742922068e+09
1.710513945342225075e+09
1.710513946714346886e+09
