1.710171650591913939e+09
1.710171652098874092e+09
1.710171653583410978e+09
1.710171655115427017e+09
1.710171656739120007e+09
1.710171658339535952e+09
1.710171659963165045e+09
1.710171661563500881e+09
1.710171663163976908e+09
1.710171664765141964e+09
1.710171666364423990e+09
1.710171667965197086e+09
1.710171669588565111e+09
1.710171671188865900e+09
1.710171672789546013e+09
1.710171674390305042e+09
1.710171676013806105e+09
1.710171677614566088e+09
1.710171679214621067e+09
1.710171680814770937e+09
1.710171682415242910e+09
1.710171684016174078e+09
1.710171685616693974e+09
1.710171687216653109e+09
1.710171688816581964e+09
1.710171690416413069e+09
1.710171692017385006e+09
1.710171693618498087e+09
1.710171695218411922e+09
1.710171696817858934e+09
1.710171698417701960e+09
1.710171700017946005e+09
1.710171701618694067e+09
1.710171703219084024e+09
1.710171704818710089e+09
1.710171706418592930e+09
1.710171708018683910e+09
1.710171709642972946e+09
1.710171711242324114e+09
1.710171712842684984e+09
1.710171714442863941e+09
1.710171716043580055e+09
1.710171717643946886e+09
1.710171719243985891e+09
1.710171720844557047e+09
1.710171722444683075e+09
1.710171724045270920e+09
1.710171725621351957e+09
1.710171727106091976e+09
1.710171728590632915e+09
1.710171730076597929e+09
1.710171731676731110e+09
1.710171733277420044e+09
1.710171734901871920e+09
1.710171736502305031e+09
1.710171738102890968e+09
1.710171739703697920e+09
1.710171741303719997e+09
1.710171742904016972e+09
1.710171744504657984e+09
1.710171746106106043e+09
1.710171747705286980e+09
1.710171749305860996e+09
1.710171750906236887e+09
1.710171752506596088e+09
1.710171754130270004e+09
1.710171755731389999e+09
1.710171757332330942e+09
1.710171758932137012e+09
1.710171760532916069e+09
1.710171762133882046e+09
1.710171763732228994e+09
1.710171765332510948e+09
1.710171766933042049e+09
1.710171768534142971e+09
1.710171770132951975e+09
1.710171771756318092e+09
1.710171773356127977e+09
1.710171774956788063e+09
1.710171776557387114e+09
1.710171778157603979e+09
1.710171779757922888e+09
1.710171781358159065e+09
1.710171782960021019e+09
1.710171784559319973e+09
1.710171786159990072e+09
1.710171787760473013e+09
1.710171789361289024e+09
1.710171790985502958e+09
1.710171792585237980e+09
1.710171794185955048e+09
1.710171795786668062e+09
1.710171797386718988e+09
1.710171798987190962e+09
1.710171800587965965e+09
1.710171802188060045e+09
1.710171803788410902e+09
1.710171805389147043e+09
1.710171806989931107e+09
1.710171808590778112e+09
1.710171810191055059e+09
1.710171811791280985e+09
1.710171813395750046e+09
1.710171814992858887e+09
1.710171816593103886e+09
1.710171818216768980e+09
1.710171819816912889e+09
1.710171821417069912e+09
1.710171823018019915e+09
1.710171824617752075e+09
1.710171826218666077e+09
1.710171827818666935e+09
1.710171829419241905e+09
1.710171831020984888e+09
1.710171832621287107e+09
1.710171834222611904e+09
1.710171835823717117e+09
1.710171837450081110e+09
1.710171839059767962e+09
1.710171840649869919e+09
1.710171842250643969e+09
1.710171843851028919e+09
1.710171845451358080e+09
1.710171847051312923e+09
1.710171848651460886e+09
1.710171850275319099e+09
1.710171851875674009e+09
1.710171853476062059e+09
1.710171855076883078e+09
1.710171856677453995e+09
1.710171858278121948e+09
1.710171859878397942e+09
1.710171861502859116e+09
1.710171863102423906e+09
1.710171864702158928e+09
1.710171866302809000e+09
1.710171867903639078e+09
1.710171869527159929e+09
1.710171871127294064e+09
1.710171872728034973e+09
1.710171874327833891e+09
1.710171875951251984e+09
1.710171877551284075e+09
1.710171879151520967e+09
1.710171880752060890e+09
1.710171882352169991e+09
1.710171883954222918e+09
1.710171885552803040e+09
1.710171887154175043e+09
1.710171888753566980e+09
1.710171890354110956e+09
1.710171891954433918e+09
1.710171893554806948e+09
1.710171895154457092e+09
1.710171896755347967e+09
1.710171898355659008e+09
1.710171899955332041e+09
1.710171901579297066e+09
1.710171903179404020e+09
1.710171904779655933e+09
1.710171906380043983e+09
1.710171907981560946e+09
1.710171909486610889e+09
1.710171910970895052e+09
1.710171912455001116e+09
1.710171913988244057e+09
1.710171915587141991e+09
1.710171917187191963e+09
1.710171918788419008e+09
1.710171920411310911e+09
1.710171922011202097e+09
1.710171923611404896e+09
1.710171925211904049e+09
1.710171926811964989e+09
1.710171928411849976e+09
1.710171930012767076e+09
1.710171931617022991e+09
1.710171933236717939e+09
1.710171934836848974e+09
1.710171936437328100e+09
1.710171938037271023e+09
1.710171939637522936e+09
1.710171941237881899e+09
1.710171942841423988e+09
1.710171944438812017e+09
1.710171946039254904e+09
1.710171947639317036e+09
1.710171949239856958e+09
1.710171950840301991e+09
1.710171952464066982e+09
1.710171954064541101e+09
1.710171955688070059e+09
1.710171957288017035e+09
1.710171958911286116e+09
1.710171960511528015e+09
1.710171962111989021e+09
1.710171963711977959e+09
1.710171965312289953e+09
1.710171966912566900e+09
1.710171968512470007e+09
1.710171970113465071e+09
1.710171971713486910e+09
1.710171973314127922e+09
1.710171974913726091e+09
1.710171976514360905e+09
1.710171978115128994e+09
1.710171979716556072e+09
1.710171981316371918e+09
1.710171982916798115e+09
1.710171984519007921e+09
1.710171986118171930e+09
1.710171987718904018e+09
1.710171989318965912e+09
1.710171990918489933e+09
1.710171992518651962e+09
1.710171994119211912e+09
1.710171995719867945e+09
1.710171997319681883e+09
1.710171998919955969e+09
1.710172000519233942e+09
1.710172002118998051e+09
1.710172003719237089e+09
1.710172005319701910e+09
1.710172006919518948e+09
1.710172008519813061e+09
1.710172010119234085e+09
1.710172011742470980e+09
1.710172013342807055e+09
1.710172014942543030e+09
1.710172016542424917e+09
1.710172018141818047e+09
1.710172019743674994e+09
1.710172021342505932e+09
1.710172022942797899e+09
1.710172024542582989e+09
1.710172026143053055e+09
1.710172027743629932e+09
1.710172029343200922e+09
1.710172030943043947e+09
1.710172032544735909e+09
1.710172034143291950e+09
1.710172035743360043e+09
1.710172037342797041e+09
1.710172038919660091e+09
1.710172040519520044e+09
1.710172042142505884e+09
1.710172043743568897e+09
1.710172045343828917e+09
1.710172046943722010e+09
1.710172048544051886e+09
1.710172050144815922e+09
1.710172051744468927e+09
1.710172053345272064e+09
1.710172054968836069e+09
1.710172056568866014e+09
1.710172058169126034e+09
1.710172059769220114e+09
1.710172061392786026e+09
1.710172062992391109e+09
1.710172064593107939e+09
1.710172066192802906e+09
1.710172067816762924e+09
1.710172069416659117e+09
1.710172071016809940e+09
1.710172072617094040e+09
1.710172074239511013e+09
1.710172075840105057e+09
1.710172077439254045e+09
1.710172079039200068e+09
1.710172080545237064e+09
1.710172082029175043e+09
1.710172083513343096e+09
1.710172085044904947e+09
1.710172086667327881e+09
1.710172088267378092e+09
1.710172089867719889e+09
1.710172091491316080e+09
1.710172093113702059e+09
1.710172094714018106e+09
1.710172096314692974e+09
1.710172097914235115e+09
1.710172099514014959e+09
1.710172101113764048e+09
1.710172102715265036e+09
1.710172104315690994e+09
1.710172105915779114e+09
1.710172107515789986e+09
1.710172109115820885e+09
1.710172110715897083e+09
1.710172112316162109e+09
1.710172113916304111e+09
1.710172115516484976e+09
1.710172117116312027e+09
1.710172118716197968e+09
1.710172120316456079e+09
1.710172121916481972e+09
1.710172123516482115e+09
1.710172125117811918e+09
1.710172126741153955e+09
1.710172128341825008e+09
1.710172129939924002e+09
1.710172131540729046e+09
1.710172133140439034e+09
1.710172134740978956e+09
1.710172136340390921e+09
1.710172137940622091e+09
1.710172139564069986e+09
1.710172141163650036e+09
1.710172142762919903e+09
1.710172144363279104e+09
1.710172145963532925e+09
1.710172147563586950e+09
1.710172149163254976e+09
1.710172150786663055e+09
1.710172152386475086e+09
1.710172153986386061e+09
1.710172155586155891e+09
1.710172157209220886e+09
1.710172158810178995e+09
1.710172160410813093e+09
1.710172162033202887e+09
1.710172163656420946e+09
1.710172165256119967e+09
1.710172166856211901e+09
1.710172168456252098e+09
1.710172170056432962e+09
1.710172171658106089e+09
1.710172173256716013e+09
1.710172174855968952e+09
1.710172176455686092e+09
1.710172178055641890e+09
1.710172179655546904e+09
1.710172181255569935e+09
1.710172182878719091e+09
1.710172184478563070e+09
1.710172186078381062e+09
1.710172187678400993e+09
1.710172189278824091e+09
1.710172190879079103e+09
1.710172192478777885e+09
1.710172194078865051e+09
1.710172195678612947e+09
1.710172197278564930e+09
1.710172198878786087e+09
1.710172200479274988e+09
1.710172202079062939e+09
1.710172203679526091e+09
1.710172205279896975e+09
1.710172206902736902e+09
1.710172208502868891e+09
1.710172210103650093e+09
1.710172211703140020e+09
1.710172213303495884e+09
1.710172214903821945e+09
1.710172216503910065e+09
1.710172218103908062e+09
1.710172219704022884e+09
1.710172221304600000e+09
1.710172222904342890e+09
1.710172224504771948e+09
1.710172226104902983e+09
1.710172227705286026e+09
1.710172229305082083e+09
1.710172230904953957e+09
1.710172232505480051e+09
1.710172234105477095e+09
1.710172235705538034e+09
1.710172237305541039e+09
1.710172238905571938e+09
1.710172240506350040e+09
1.710172242106343985e+09
1.710172243706073046e+09
1.710172245306476116e+09
1.710172246906475067e+09
1.710172248506402969e+09
1.710172250107017040e+09
1.710172251707139969e+09
1.710172253307106972e+09
1.710172254906738997e+09
1.710172256506576061e+09
1.710172258107080936e+09
1.710172259707370043e+09
1.710172261307229042e+09
1.710172262907305002e+09
1.710172264506833076e+09
1.710172266107022047e+09
1.710172267707407951e+09
1.710172269307725906e+09
1.710172270908343077e+09
1.710172272507637024e+09
1.710172274108058929e+09
1.710172275709342003e+09
1.710172277308886051e+09
1.710172278909950972e+09
1.710172280509393930e+09
1.710172282109832048e+09
1.710172283709767103e+09
1.710172285310585976e+09
1.710172286911627054e+09
1.710172288511207104e+09
1.710172290110744953e+09
1.710172291712687969e+09
1.710172293312258959e+09
1.710172294912457943e+09
1.710172296513106108e+09
1.710172298112920046e+09
1.710172299735996008e+09
1.710172301336663961e+09
1.710172302936693907e+09
1.710172304536657095e+09
1.710172306160079002e+09
1.710172307736026049e+09
1.710172309220273972e+09
1.710172310704658031e+09
1.710172312188914061e+09
1.710172313766952038e+09
1.710172315367285013e+09
1.710172316967168093e+09
1.710172318567795038e+09
1.710172320167324066e+09
1.710172321768429041e+09
1.710172323367376089e+09
1.710172324990762949e+09
1.710172326591152906e+09
1.710172328191715002e+09
1.710172329814029932e+09
1.710172331414112091e+09
1.710172333016488075e+09
1.710172334614562035e+09
1.710172336215450048e+09
1.710172337814798117e+09
1.710172339414537907e+09
1.710172341015209913e+09
1.710172342614439964e+09
1.710172344214996099e+09
1.710172345815357924e+09
1.710172347415317059e+09
1.710172349014904976e+09
1.710172350616143942e+09
1.710172352215842962e+09
1.710172353815686941e+09
1.710172355438709974e+09
1.710172357061945915e+09
1.710172358661962986e+09
1.710172360261471987e+09
1.710172361862314939e+09
1.710172363463277102e+09
1.710172365063548088e+09
1.710172366664258003e+09
1.710172368287137985e+09
1.710172369912044048e+09
1.710172371511123896e+09
1.710172373111368895e+09
1.710172374711805105e+09
1.710172376312242985e+09
1.710172377912408113e+09
1.710172379512025118e+09
1.710172381112003088e+09
1.710172382712280035e+09
1.710172384312555075e+09
1.710172385912631989e+09
1.710172387512732029e+09
1.710172389112571955e+09
1.710172390713788033e+09
1.710172392313976049e+09
1.710172393913974047e+09
1.710172395537264109e+09
1.710172397164107084e+09
1.710172398761527061e+09
1.710172400384778976e+09
1.710172401985022068e+09
1.710172403585194111e+09
1.710172405209021091e+09
1.710172406807918072e+09
1.710172408408576012e+09
1.710172410009233952e+09
1.710172411514251947e+09
1.710172412998578072e+09
1.710172414482477903e+09
1.710172416014147043e+09
1.710172417614049911e+09
1.710172419213984966e+09
1.710172420814028025e+09
1.710172422413944006e+09
1.710172424014795065e+09
1.710172425614396095e+09
1.710172427214864016e+09
1.710172428815161943e+09
1.710172430415252924e+09
1.710172432015258074e+09
1.710172433615859032e+09
1.710172435215172052e+09
1.710172436816054106e+09
1.710172438416414976e+09
1.710172440016545057e+09
1.710172441616076946e+09
1.710172443216202021e+09
1.710172444816117048e+09
1.710172446416606903e+09
1.710172448017425060e+09
1.710172449617276907e+09
1.710172451222414017e+09
1.710172452816961050e+09
1.710172454417428970e+09
1.710172456018059969e+09
1.710172457617902994e+09
1.710172459218401909e+09
1.710172460818008900e+09
1.710172462417607069e+09
1.710172464017122030e+09
1.710172465640054941e+09
1.710172467263295889e+09
1.710172468864861965e+09
1.710172470463690042e+09
1.710172472064709902e+09
1.710172473663723946e+09
1.710172475262974977e+09
1.710172476863609076e+09
1.710172478463011980e+09
1.710172480063836098e+09
1.710172481663294077e+09
1.710172483263492107e+09
1.710172484863718987e+09
1.710172486463165045e+09
1.710172488063807011e+09
1.710172489663597107e+09
1.710172491263577938e+09
1.710172492887207985e+09
1.710172494486967087e+09
1.710172496038479090e+09
1.710172497522114992e+09
1.710172499006016970e+09
1.710172500537554026e+09
1.710172502137320042e+09
1.710172503737308025e+09
1.710172505361681938e+09
1.710172506961399078e+09
1.710172508560602903e+09
1.710172510160330057e+09
1.710172511784212112e+09
1.710172513390592098e+09
1.710172514983921051e+09
1.710172516584120989e+09
1.710172518184603930e+09
1.710172519784538031e+09
1.710172521384047031e+09
1.710172522984231949e+09
1.710172524585764885e+09
1.710172526185381889e+09
1.710172527785274029e+09
1.710172529386728048e+09
1.710172530985982895e+09
1.710172532587332964e+09
1.710172534187587023e+09
1.710172535786772966e+09
1.710172537387324095e+09
1.710172538987350941e+09
1.710172540589725971e+09
1.710172542188796043e+09
1.710172543817260027e+09
1.710172545412684917e+09
1.710172547013040066e+09
1.710172548613354921e+09
1.710172550237056017e+09
1.710172551836966038e+09
1.710172553437797070e+09
1.710172555038439035e+09
1.710172556639611959e+09
1.710172558239356041e+09
1.710172559840046883e+09
1.710172561440205097e+09
1.710172563064060926e+09
1.710172564664990902e+09
1.710172566266515017e+09
1.710172567866158962e+09
1.710172569419169903e+09
1.710172570903702021e+09
1.710172572388282061e+09
1.710172573902072906e+09
1.710172575497395039e+09
1.710172577097976923e+09
1.710172578698822021e+09
1.710172580299312115e+09
1.710172581899979115e+09
1.710172583500436068e+09
1.710172585100708008e+09
1.710172586702131987e+09
1.710172588302551985e+09
1.710172589902381897e+09
1.710172591503000975e+09
1.710172593102849960e+09
1.710172594703600883e+09
1.710172596303492069e+09
1.710172597904367924e+09
1.710172599505265951e+09
1.710172601106240988e+09
1.710172602706264019e+09
1.710172604306768894e+09
1.710172605907433987e+09
1.710172607531085014e+09
1.710172609130501986e+09
1.710172610731177092e+09
1.710172612331686974e+09
1.710172613932301998e+09
1.710172615555372953e+09
1.710172617156239986e+09
1.710172618757178068e+09
1.710172620380038977e+09
1.710172621980935097e+09
1.710172623580867052e+09
1.710172625182881117e+09
1.710172626782753944e+09
1.710172628383083105e+09
1.710172629983994007e+09
1.710172631583600044e+09
1.710172633208120108e+09
1.710172634809323072e+09
1.710172636411343098e+09
1.710172638012217045e+09
1.710172639635920048e+09
1.710172641237025976e+09
1.710172642838026047e+09
1.710172644438851118e+09
1.710172646063978910e+09
1.710172647663723946e+09
1.710172649265077114e+09
1.710172650866796970e+09
1.710172652468310118e+09
1.710172654071943998e+09
1.710172655670228004e+09
1.710172657271370888e+09
1.710172658871790886e+09
1.710172660472721100e+09
1.710172662073143959e+09
1.710172663673820972e+09
1.710172665274987936e+09
1.710172666876698017e+09
1.710172668477193117e+09
1.710172670078639030e+09
1.710172671679409027e+09
1.710172673280109882e+09
1.710172674881364107e+09
1.710172676482347965e+09
1.710172678106724024e+09
1.710172679707489967e+09
1.710172681308959961e+09
1.710172682909187078e+09
1.710172684510484934e+09
1.710172686111484051e+09
1.710172687735539913e+09
1.710172689337558985e+09
1.710172690939853907e+09
1.710172692538604975e+09
1.710172694139327049e+09
1.710172695739933014e+09
1.710172697364293098e+09
1.710172698965358973e+09
1.710172700566313028e+09
1.710172702166626930e+09
1.710172703767349958e+09
1.710172705367635965e+09
1.710172706967767954e+09
1.710172708567411900e+09
1.710172710191241026e+09
1.710172711791742086e+09
1.710172713391978025e+09
1.710172715014991045e+09
1.710172716638478994e+09
1.710172718238529921e+09
1.710172719839615107e+09
1.710172721437736988e+09
1.710172723061217070e+09
1.710172724661061049e+09
1.710172726261348963e+09
1.710172727861766100e+09
1.710172729462415934e+09
1.710172731062508106e+09
1.710172732663036108e+09
1.710172734263082027e+09
1.710172735863091946e+09
1.710172737463000059e+09
1.710172739063045979e+09
1.710172740663629055e+09
1.710172742263952017e+09
1.710172743864392042e+09
1.710172745464732885e+09
1.710172747064037085e+09
1.710172748687700033e+09
1.710172750287358046e+09
1.710172751888175964e+09
1.710172753488482952e+09
1.710172755088717937e+09
1.710172756688752890e+09
1.710172758289891958e+09
1.710172759888803959e+09
1.710172761512311935e+09
1.710172763113795042e+09
1.710172764619201899e+09
1.710172766103692055e+09
1.710172767588191986e+09
1.710172769143188953e+09
1.710172770743473053e+09
1.710172772343580008e+09
1.710172773944019079e+09
1.710172775545021057e+09
1.710172777144206047e+09
1.710172778744143009e+09
1.710172780344715118e+09
1.710172781945497990e+09
1.710172783545927048e+09
1.710172785145543098e+09
1.710172786793020964e+09
1.710172788415812969e+09
1.710172790016738892e+09
1.710172791640484095e+09
1.710172793263662100e+09
1.710172794864501953e+09
1.710172796464318991e+09
1.710172798064774990e+09
1.710172799688353062e+09
1.710172801289052963e+09
1.710172802889437914e+09
1.710172804489720106e+09
1.710172806090662956e+09
1.710172807691350937e+09
1.710172809290934086e+09
1.710172810891524076e+09
1.710172812515283108e+09
1.710172814115880966e+09
1.710172815715847969e+09
1.710172817316685915e+09
1.710172818917028904e+09
1.710172820517143965e+09
1.710172822117222071e+09
1.710172823764931917e+09
1.710172825387835979e+09
1.710172826988447905e+09
1.710172828589217901e+09
1.710172830189929962e+09
1.710172831791862011e+09
1.710172833391576052e+09
1.710172834993299007e+09
1.710172836594747066e+09
1.710172838195749044e+09
1.710172839796657085e+09
1.710172841396332026e+09
1.710172842997384071e+09
1.710172844598665953e+09
1.710172846199347973e+09
1.710172847800106049e+09
1.710172849400938034e+09
1.710172851025135040e+09
1.710172852626209021e+09
1.710172854227087975e+09
1.710172855851897955e+09
1.710172857453141928e+09
1.710172859054805040e+09
1.710172860655082941e+09
1.710172862256000042e+09
1.710172863857312918e+09
1.710172865481528044e+09
1.710172867082868099e+09
1.710172868683624983e+09
1.710172870285851955e+09
1.710172871886008978e+09
1.710172873486466885e+09
1.710172875087769032e+09
1.710172876690125942e+09
1.710172878290811062e+09
1.710172879891274929e+09
1.710172881492881060e+09
1.710172883093765020e+09
1.710172884694360971e+09
1.710172886296511889e+09
1.710172887939095020e+09
1.710172889543778896e+09
1.710172891145777941e+09
1.710172892746555090e+09
1.710172894347250938e+09
1.710172895971954107e+09
1.710172897573033094e+09
1.710172899174583912e+09
1.710172900775063992e+09
1.710172902399847984e+09
1.710172903999617100e+09
1.710172905601583958e+09
1.710172907203417063e+09
1.710172908803776979e+09
1.710172910404041052e+09
1.710172912005017996e+09
1.710172913606342077e+09
1.710172915230909109e+09
1.710172916832020998e+09
1.710172918433307886e+09
1.710172920033373117e+09
1.710172921634912968e+09
1.710172923236685038e+09
1.710172924836815119e+09
1.710172926438004017e+09
1.710172928038444042e+09
1.710172929639154911e+09
1.710172931240506887e+09
1.710172932841406107e+09
1.710172934465789080e+09
1.710172936067826986e+09
1.710172937667944908e+09
1.710172939269354105e+09
1.710172940870822906e+09
1.710172942495043039e+09
1.710172944096811056e+09
1.710172945698677063e+09
1.710172947299532890e+09
1.710172948900242090e+09
1.710172950501425982e+09
1.710172952102422953e+09
1.710172953703831911e+09
1.710172955327737093e+09
1.710172956928576946e+09
1.710172958530121088e+09
1.710172960131345987e+09
1.710172961732445002e+09
1.710172963334100962e+09
1.710172964935451984e+09
1.710172966536550045e+09
1.710172968160811901e+09
1.710172969761862993e+09
1.710172971363323927e+09
1.710172972964991093e+09
1.710172974565481901e+09
1.710172976189505100e+09
1.710172977814026117e+09
1.710172979415580034e+09
1.710172981018361092e+09
1.710172982620789051e+09
1.710172984218842030e+09
1.710172985843100071e+09
1.710172987467168093e+09
1.710172989068873882e+09
1.710172990669392109e+09
1.710172992270827055e+09
1.710172993896687984e+09
1.710172995495532990e+09
1.710172997096784115e+09
1.710172998698220015e+09
1.710173000299386024e+09
1.710173001900415897e+09
1.710173003500596046e+09
1.710173005101533890e+09
1.710173006702569962e+09
1.710173008302830935e+09
1.710173009903434038e+09
1.710173011503524065e+09
1.710173013104274988e+09
1.710173014727782965e+09
1.710173016329210043e+09
1.710173017930198908e+09
1.710173019459049940e+09
1.710173020943610907e+09
1.710173022428164005e+09
1.710173023960283995e+09
1.710173025560902119e+09
1.710173027161258936e+09
1.710173028761924982e+09
1.710173030361991882e+09
1.710173031962176085e+09
1.710173033562822104e+09
1.710173035162935972e+09
1.710173036763533115e+09
1.710173038363318920e+09
1.710173039986450911e+09
1.710173041586572886e+09
1.710173043186872005e+09
1.710173044787373066e+09
1.710173046387351990e+09
1.710173048011539936e+09
1.710173049611329079e+09
1.710173051211776018e+09
1.710173052835342884e+09
1.710173054459122896e+09
1.710173056059335947e+09
1.710173057659126997e+09
1.710173059258450985e+09
1.710173060858717918e+09
1.710173062459501982e+09
1.710173064060030937e+09
1.710173065683868885e+09
1.710173067283549070e+09
1.710173068883161068e+09
1.710173070483705997e+09
1.710173072084933043e+09
1.710173073683890104e+09
1.710173075284435034e+09
1.710173076884876966e+09
1.710173078484950066e+09
1.710173080085021973e+09
1.710173081685810089e+09
1.710173083285953999e+09
1.710173084886674881e+09
1.710173086486356020e+09
1.710173088086293936e+09
1.710173089686438084e+09
1.710173091286770105e+09
1.710173092886430025e+09
1.710173094487327099e+09
1.710173096087135077e+09
1.710173097687730074e+09
1.710173099288072109e+09
1.710173100888384104e+09
1.710173102489330053e+09
1.710173104112648010e+09
1.710173105713366032e+09
1.710173107313352108e+09
1.710173108913898945e+09
1.710173110514210939e+09
1.710173112115171909e+09
1.710173113717868090e+09
1.710173115338255882e+09
1.710173116938788891e+09
1.710173118538407087e+09
1.710173120138850927e+09
1.710173121738940001e+09
1.710173123338876963e+09
1.710173124962341070e+09
1.710173126561990023e+09
1.710173128162514925e+09
1.710173129786252975e+09
1.710173131386554956e+09
1.710173132987242937e+09
1.710173134587585926e+09
1.710173136187299967e+09
1.710173137787579060e+09
1.710173139387530088e+09
1.710173140987931013e+09
1.710173142588454008e+09
1.710173144189054966e+09
1.710173145789988995e+09
1.710173147390464067e+09
1.710173148991147995e+09
1.710173150591506004e+09
1.710173152191962004e+09
1.710173153792299986e+09
1.710173155392791986e+09
1.710173156993532896e+09
1.710173158594459057e+09
1.710173160193965912e+09
1.710173161818090916e+09
1.710173163418179989e+09
1.710173165018212080e+09
1.710173166619364023e+09
1.710173168219249964e+09
1.710173169819966078e+09
1.710173171420357943e+09
1.710173173020944118e+09
1.710173174621550083e+09
1.710173176222453117e+09
1.710173177846024990e+09
1.710173179447369099e+09
1.710173181047811031e+09
1.710173182671628952e+09
1.710173184271899939e+09
1.710173185895123005e+09
1.710173187541829109e+09
1.710173189141963005e+09
1.710173190764894009e+09
1.710173192364851952e+09
1.710173193965471983e+09
1.710173195590022087e+09
1.710173197189503908e+09
1.710173198790319920e+09
1.710173200390474081e+09
1.710173202014111996e+09
1.710173203614226103e+09
1.710173205214287043e+09
1.710173206814460993e+09
1.710173208366647005e+09
1.710173209850646019e+09
1.710173211334924936e+09
1.710173212866978884e+09
1.710173214467345953e+09
1.710173216067290068e+09
1.710173217667784929e+09
1.710173219266633034e+09
1.710173220867285967e+09
1.710173222467524052e+09
1.710173224067807913e+09
1.710173225668133020e+09
1.710173227267703056e+09
1.710173228867645025e+09
1.710173230467595100e+09
1.710173231974468946e+09
1.710173233458265066e+09
1.710173234942729950e+09
1.710173236474474907e+09
1.710173238075320005e+09
1.710173239675518990e+09
1.710173241275847912e+09
1.710173242876050949e+09
1.710173244476222038e+09
1.710173246076157093e+09
1.710173247676270962e+09
1.710173249276638985e+09
1.710173250876403093e+09
1.710173252476444960e+09
1.710173254076294899e+09
1.710173255676407099e+09
1.710173257276648998e+09
1.710173258900113106e+09
1.710173260500363111e+09
1.710173262100724936e+09
1.710173263701245070e+09
1.710173265300757885e+09
1.710173266901285887e+09
1.710173268502844095e+09
1.710173270102544069e+09
1.710173271702817917e+09
1.710173273326430082e+09
1.710173274927361012e+09
1.710173276526763916e+09
1.710173278128104925e+09
1.710173279727473021e+09
1.710173281327914000e+09
1.710173282927793026e+09
1.710173284527961969e+09
1.710173286151565075e+09
1.710173287751430035e+09
1.710173289351449013e+09
1.710173290974817038e+09
1.710173292598526001e+09
1.710173294198817015e+09
1.710173295798842907e+09
1.710173297399095058e+09
1.710173298999161005e+09
1.710173300599087000e+09
1.710173302199033976e+09
1.710173303799447060e+09
1.710173305399729967e+09
1.710173307000060081e+09
1.710173308599669933e+09
1.710173310199748993e+09
1.710173311799738884e+09
1.710173313400105000e+09
1.710173315001768112e+09
1.710173316600842953e+09
1.710173318201184034e+09
1.710173319801457882e+09
1.710173321402571917e+09
1.710173323003951073e+09
1.710173324603538990e+09
1.710173326203232050e+09
1.710173327803848028e+09
1.710173329404030085e+09
1.710173331027645111e+09
1.710173332627810955e+09
1.710173334228565931e+09
1.710173335828320026e+09
1.710173337428706884e+09
1.710173339028990984e+09
1.710173340629759073e+09
1.710173342229851961e+09
1.710173343830492973e+09
1.710173345454190016e+09
1.710173347054522991e+09
1.710173348655029058e+09
1.710173350254379034e+09
1.710173351855253935e+09
1.710173353455544949e+09
1.710173355055908918e+09
1.710173356655688047e+09
1.710173358255682945e+09
1.710173359856225014e+09
1.710173361456640959e+09
1.710173363058541059e+09
1.710173364658266068e+09
1.710173366259049892e+09
1.710173367859554052e+09
1.710173369460930109e+09
1.710173371062163115e+09
1.710173372662791014e+09
1.710173374263443947e+09
1.710173375864567041e+09
1.710173377488550901e+09
1.710173379089824915e+09
1.710173380691092968e+09
1.710173382291954994e+09
1.710173383893115044e+09
1.710173385494981050e+09
1.710173387095495939e+09
1.710173388696540117e+09
1.710173390297152996e+09
1.710173391899472952e+09
1.710173393500243902e+09
1.710173395101547956e+09
1.710173396702552080e+09
1.710173398303483009e+09
1.710173399904694080e+09
1.710173401507150888e+09
1.710173403130922079e+09
1.710173404732001066e+09
1.710173406333328009e+09
1.710173407933892965e+09
1.710173409535204887e+09
1.710173411135785103e+09
1.710173412737054110e+09
1.710173414361396074e+09
1.710173415962559938e+09
1.710173417564160109e+09
1.710173419165173054e+09
1.710173420790534973e+09
1.710173422392199039e+09
1.710173423994133949e+09
1.710173425595138073e+09
1.710173427196064949e+09
1.710173428797415972e+09
1.710173430399353027e+09
1.710173432001348972e+09
1.710173433576952934e+09
1.710173435062288046e+09
1.710173436547322035e+09
1.710173438032447100e+09
1.710173439611537933e+09
1.710173441212914944e+09
1.710173442814433098e+09
1.710173444415818930e+09
1.710173446039901972e+09
1.710173447664400101e+09
1.710173449265897036e+09
1.710173450866187096e+09
1.710173452468170881e+09
1.710173454069303989e+09
1.710173455671485901e+09
1.710173457272021055e+09
1.710173458896960974e+09
1.710173460521764994e+09
1.710173462122708082e+09
1.710173463724108934e+09
1.710173465325982094e+09
1.710173466927336931e+09
1.710173468529063940e+09
1.710173470128897905e+09
1.710173471730317116e+09
1.710173473355210066e+09
1.710173474956656933e+09
1.710173476557310104e+09
1.710173478182379007e+09
1.710173479783731937e+09
1.710173481386292934e+09
1.710173482987318993e+09
1.710173484588615894e+09
1.710173486212929964e+09
1.710173487813494921e+09
1.710173489414454937e+09
1.710173491015672922e+09
1.710173492616204977e+09
1.710173494216639042e+09
1.710173495818044901e+09
1.710173497418601036e+09
1.710173499041402102e+09
1.710173500641987085e+09
1.710173502265551090e+09
1.710173503889456034e+09
1.710173505513185978e+09
1.710173507114181995e+09
1.710173508715053082e+09
1.710173510338237047e+09
1.710173511939043045e+09
1.710173513539529085e+09
1.710173515139851093e+09
1.710173516740267992e+09
1.710173518364048958e+09
1.710173519964152098e+09
1.710173521564554930e+09
1.710173523165492058e+09
1.710173524766251087e+09
1.710173526367002964e+09
1.710173527967149973e+09
1.710173529567918062e+09
1.710173531191478968e+09
1.710173532792021990e+09
1.710173534392188072e+09
1.710173536016268015e+09
1.710173537663815022e+09
1.710173539264106989e+09
1.710173540864475012e+09
1.710173542466042042e+09
1.710173544067059994e+09
1.710173545667699099e+09
1.710173547268023014e+09
1.710173548868489981e+09
1.710173550492643118e+09
1.710173552095963001e+09
1.710173553693988085e+09
1.710173555295124054e+09
1.710173556895409107e+09
1.710173558496174097e+09
1.710173560097182035e+09
1.710173561698400974e+09
1.710173563299525976e+09
1.710173564924112082e+09
1.710173566525919914e+09
1.710173568127815962e+09
1.710173569727871895e+09
1.710173571329015970e+09
1.710173572929529905e+09
1.710173574530411959e+09
1.710173576131151915e+09
1.710173577731118917e+09
1.710173579331760883e+09
1.710173580932933092e+09
1.710173582534207106e+09
1.710173584134448051e+09
1.710173585735035896e+09
1.710173587335015059e+09
1.710173588935877085e+09
1.710173590537190914e+09
1.710173592137218952e+09
1.710173593737209082e+09
1.710173595338743925e+09
1.710173596939291954e+09
1.710173598539249897e+09
1.710173600185982943e+09
1.710173601788270950e+09
1.710173603386509895e+09
1.710173604986665010e+09
1.710173606587234020e+09
1.710173608190406084e+09
1.710173609788084030e+09
1.710173611388371944e+09
1.710173612989435911e+09
1.710173614590313911e+09
1.710173616190875053e+09
1.710173617792018890e+09
1.710173619394800901e+09
1.710173620993458033e+09
1.710173622593941927e+09
1.710173624194820881e+09
1.710173625795331955e+09
1.710173627393907070e+09
1.710173628878408909e+09
1.710173630363183975e+09
1.710173631848196983e+09
1.710173633404150963e+09
1.710173635004796028e+09
1.710173636605700016e+09
1.710173638205992937e+09
1.710173639806267023e+09
1.710173641407325029e+09
1.710173643010016918e+09
1.710173644609508038e+09
1.710173646210417032e+09
1.710173647810724020e+09
1.710173649411142111e+09
1.710173651011969090e+09
1.710173652635302067e+09
1.710173654258749962e+09
1.710173655858979940e+09
1.710173657459530115e+09
1.710173659059629917e+09
1.710173660659585953e+09
1.710173662260744095e+09
1.710173663860785961e+09
1.710173665461127996e+09
1.710173667084894896e+09
1.710173668685340881e+09
1.710173670286586046e+09
1.710173671887634039e+09
1.710173673486125946e+09
1.710173675087157965e+09
1.710173676687819004e+09
1.710173678287405968e+09
1.710173679911365986e+09
1.710173681511210918e+09
1.710173683111826897e+09
1.710173684711858988e+09
1.710173686312834024e+09
1.710173687913341999e+09
1.710173689513935089e+09
1.710173691115252018e+09
1.710173692715116024e+09
1.710173694222632885e+09
1.710173695707727909e+09
1.710173697192115068e+09
1.710173698724138021e+09
1.710173700324141979e+09
1.710173701948246002e+09
1.710173703549428940e+09
1.710173705150011063e+09
1.710173706750080109e+09
1.710173708350327015e+09
1.710173709950546980e+09
1.710173711551670074e+09
1.710173713151854038e+09
1.710173714752096891e+09
1.710173716352407932e+09
1.710173717976538897e+09
1.710173719576251030e+09
1.710173721177387953e+09
1.710173722777828932e+09
1.710173724401329041e+09
1.710173726001983881e+09
1.710173727602255106e+09
1.710173729202169895e+09
1.710173730826366901e+09
1.710173732427093029e+09
1.710173734027904987e+09
1.710173735628472090e+09
1.710173737252825975e+09
1.710173738876938105e+09
1.710173740477793932e+09
1.710173742078418970e+09
1.710173743703558922e+09
1.710173745303920031e+09
1.710173746903959036e+09
1.710173748504865885e+09
1.710173750105216026e+09
1.710173751728991985e+09
1.710173753329575062e+09
1.710173754929974079e+09
1.710173756530440092e+09
1.710173758131316900e+09
1.710173759731674910e+09
1.710173761354857922e+09
1.710173762907358885e+09
1.710173764391774893e+09
1.710173765899276018e+09
1.710173767430746078e+09
1.710173769031332016e+09
1.710173770632194996e+09
1.710173772232429981e+09
1.710173773833242893e+09
1.710173775433293104e+09
1.710173777057008982e+09
1.710173778657597065e+09
1.710173780259310007e+09
1.710173781859658957e+09
1.710173783460021973e+09
1.710173785060046911e+09
1.710173786661364079e+09
1.710173788261379957e+09
1.710173789861335039e+09
1.710173791462641001e+09
1.710173793063318014e+09
1.710173794686084986e+09
1.710173796287115097e+09
1.710173797890300035e+09
1.710173799512423992e+09
1.710173801136543989e+09
1.710173802737133026e+09
1.710173804337100983e+09
1.710173805937766075e+09
1.710173807514017105e+09
1.710173808998506069e+09
1.710173810483130932e+09
1.710173811967765093e+09
1.710173813523073912e+09
1.710173815123713970e+09
1.710173816724548101e+09
1.710173818324759960e+09
1.710173819949326992e+09
1.710173821552428007e+09
1.710173823149792910e+09
1.710173824750240088e+09
1.710173826351330042e+09
1.710173827951715946e+09
1.710173829552211046e+09
1.710173831152549028e+09
1.710173832775959015e+09
1.710173834377389908e+09
1.710173835977483034e+09
1.710173837578332901e+09
1.710173839178544044e+09
1.710173840779115915e+09
1.710173842380059004e+09
1.710173843980881929e+09
1.710173845605573893e+09
1.710173847205713034e+09
1.710173848806391001e+09
1.710173850406606913e+09
1.710173852053857088e+09
1.710173853654653072e+09
1.710173855254523039e+09
1.710173856855142117e+09
1.710173858455899000e+09
1.710173860056113958e+09
1.710173861656887054e+09
1.710173863257086039e+09
1.710173864858091116e+09
1.710173866459211111e+09
1.710173868059263945e+09
1.710173869660062075e+09
1.710173871260756016e+09
1.710173872860923052e+09
1.710173874463296890e+09
1.710173876063327074e+09
1.710173877710000992e+09
1.710173879311220884e+09
1.710173880911653042e+09
1.710173882511293888e+09
1.710173884111310005e+09
1.710173885711971998e+09
1.710173887312374115e+09
1.710173888913573027e+09
1.710173890536516905e+09
1.710173892160464048e+09
1.710173893759618044e+09
1.710173895359910965e+09
1.710173896983701944e+09
1.710173898583923101e+09
1.710173900185059071e+09
1.710173901785002947e+09
1.710173903384572983e+09
1.710173904985816002e+09
1.710173906584574938e+09
1.710173908185519934e+09
1.710173909786520004e+09
1.710173911385870934e+09
1.710173912985786915e+09
1.710173914585375071e+09
1.710173916208642006e+09
1.710173917808784962e+09
1.710173919409197092e+09
1.710173921008769035e+09
1.710173922632406950e+09
1.710173924232388020e+09
1.710173925833832026e+09
1.710173927432811975e+09
1.710173929033260107e+09
1.710173930634254932e+09
1.710173932233767986e+09
1.710173933834146023e+09
1.710173935435028076e+09
1.710173937035193920e+09
1.710173938635608912e+09
1.710173940235955000e+09
1.710173941835694075e+09
1.710173943459404945e+09
1.710173945059171915e+09
1.710173946659643888e+09
1.710173948260240078e+09
1.710173949860335112e+09
1.710173951459743023e+09
1.710173953059680939e+09
1.710173954660208941e+09
1.710173956260761023e+09
1.710173957861453056e+09
1.710173959462086916e+09
1.710173961061321020e+09
1.710173962685332060e+09
1.710173964285375118e+09
1.710173965887324095e+09
1.710173967486815929e+09
1.710173969087241888e+09
1.710173970687485933e+09
1.710173972287545919e+09
1.710173973888768911e+09
1.710173975489029884e+09
1.710173977089430094e+09
1.710173978689497948e+09
1.710173980289530039e+09
1.710173981913319111e+09
1.710173983513398886e+09
1.710173985114588022e+09
1.710173986715810061e+09
1.710173988338670015e+09
1.710173989939327955e+09
1.710173991540014982e+09
1.710173993140619993e+09
1.710173994740979910e+09
1.710173996341897011e+09
1.710173997942008018e+09
1.710173999542146921e+09
1.710174001165492058e+09
1.710174002766232014e+09
1.710174004366405964e+09
1.710174005989613056e+09
1.710174007613301992e+09
1.710174009213433981e+09
1.710174010720594883e+09
1.710174012204875946e+09
1.710174013689600945e+09
1.710174015245034933e+09
1.710174016845427990e+09
1.710174018446239948e+09
1.710174020069967985e+09
1.710174021670811892e+09
1.710174023271116972e+09
1.710174024870441914e+09
1.710174026470515966e+09
1.710174028071027040e+09
1.710174029670855045e+09
1.710174031271338940e+09
1.710174032871994972e+09
1.710174034472522020e+09
1.710174036072366953e+09
1.710174037672565937e+09
1.710174039296870947e+09
1.710174040896804094e+09
1.710174042498037100e+09
1.710174044098315001e+09
1.710174045721339941e+09
1.710174047321290970e+09
1.710174048921255112e+09
1.710174050522335052e+09
1.710174052122242928e+09
1.710174053723048925e+09
1.710174055322473049e+09
1.710174056922136068e+09
1.710174058523689032e+09
1.710174060124103069e+09
1.710174061724293947e+09
1.710174063324903965e+09
1.710174064925111055e+09
1.710174066526096106e+09
1.710174068149734974e+09
1.710174069751121998e+09
1.710174071351736069e+09
1.710174072951708078e+09
1.710174074551682949e+09
1.710174076152632952e+09
1.710174077753314018e+09
1.710174079353418112e+09
1.710174080954313993e+09
1.710174082554378986e+09
1.710174084154659986e+09
1.710174085755963087e+09
1.710174087355726957e+09
1.710174088955651045e+09
1.710174090555895090e+09
1.710174092155934095e+09
1.710174093756282091e+09
1.710174095357016087e+09
1.710174096958877087e+09
1.710174098580480099e+09
1.710174100180836916e+09
1.710174101781044006e+09
1.710174103381112099e+09
1.710174104982016087e+09
1.710174106582304001e+09
1.710174108182471991e+09
1.710174109805937052e+09
1.710174111406595945e+09
1.710174113007044077e+09
1.710174114607400894e+09
1.710174116231009007e+09
1.710174117830805063e+09
1.710174119431646109e+09
1.710174121032084942e+09
1.710174122656121016e+09
1.710174124256491899e+09
1.710174125808625937e+09
1.710174127293109894e+09
1.710174128777848005e+09
1.710174130287235022e+09
1.710174131887423992e+09
1.710174133510840893e+09
1.710174135111273050e+09
1.710174136711026907e+09
1.710174138312410116e+09
1.710174139912013054e+09
1.710174141535597086e+09
1.710174143135745049e+09
1.710174144736829042e+09
1.710174146359694004e+09
1.710174147983793020e+09
1.710174149606507063e+09
1.710174151206590891e+09
1.710174152806870937e+09
1.710174154430577993e+09
1.710174156031127930e+09
1.710174157631514072e+09
1.710174159231467009e+09
1.710174160854926109e+09
1.710174162455239058e+09
1.710174164055428028e+09
1.710174165679008007e+09
1.710174167279445887e+09
1.710174168786183119e+09
1.710174170270695925e+09
1.710174171755206108e+09
1.710174173310424089e+09
1.710174174911266088e+09
1.710174176511893988e+09
1.710174178112189054e+09
1.710174179735821009e+09
1.710174181336226940e+09
1.710174182937418938e+09
1.710174184536468029e+09
1.710174186136868954e+09
1.710174187737920046e+09
1.710174189337758064e+09
1.710174190937964916e+09
1.710174192562119961e+09
1.710174194170195103e+09
1.710174195762406111e+09
1.710174197363390923e+09
1.710174198963987112e+09
1.710174200564671040e+09
1.710174202164705038e+09
1.710174203764918089e+09
1.710174205388431072e+09
1.710174206988951921e+09
1.710174208612463951e+09
1.710174210236630917e+09
1.710174211841444969e+09
1.710174213437745094e+09
1.710174215038587093e+09
1.710174216638804913e+09
1.710174218239487886e+09
1.710174219840403080e+09
1.710174221440810919e+09
1.710174223041577101e+09
1.710174224642677069e+09
1.710174226243108034e+09
1.710174227843877077e+09
1.710174229444797039e+09
1.710174231046148062e+09
1.710174232646544933e+09
1.710174234246575117e+09
1.710174235846887112e+09
1.710174237448419094e+09
1.710174239049137115e+09
1.710174240650464058e+09
1.710174242274019957e+09
1.710174243897506952e+09
1.710174245498414993e+09
1.710174247098830938e+09
1.710174248699060917e+09
1.710174250299573898e+09
1.710174251900049925e+09
1.710174253500485897e+09
1.710174255101517916e+09
1.710174256725142002e+09
1.710174258326086998e+09
1.710174259926477909e+09
1.710174261549562931e+09
1.710174263173276901e+09
1.710174264797779083e+09
1.710174266398487091e+09
1.710174267999738932e+09
1.710174269599904060e+09
1.710174271200705051e+09
1.710174272801074982e+09
1.710174274402020931e+09
1.710174276026640892e+09
1.710174277626532078e+09
1.710174279250437021e+09
1.710174280850909948e+09
1.710174282451699972e+09
1.710174284052498102e+09
1.710174285652818918e+09
1.710174287253066063e+09
1.710174288877218008e+09
1.710174290501239061e+09
1.710174292102260113e+09
1.710174293702797890e+09
1.710174295303221941e+09
1.710174296903131008e+09
1.710174298503696918e+09
1.710174300104609966e+09
1.710174301728887081e+09
1.710174303329085112e+09
1.710174304930058002e+09
1.710174306530997992e+09
1.710174308154567957e+09
1.710174309802047014e+09
1.710174311402901888e+09
1.710174313025965929e+09
1.710174314650226116e+09
1.710174316250262976e+09
1.710174317851666927e+09
1.710174319451441050e+09
1.710174321052841902e+09
1.710174322654459953e+09
1.710174324255610943e+09
1.710174325856236935e+09
1.710174327456624985e+09
1.710174329057508945e+09
1.710174330658934116e+09
1.710174332259866953e+09
1.710174333860893965e+09
1.710174335461869955e+09
1.710174337061520100e+09
1.710174338662753105e+09
1.710174340263559103e+09
1.710174341863794088e+09
1.710174343464030027e+09
1.710174345064204931e+09
1.710174346664629936e+09
1.710174348288369894e+09
1.710174349912094116e+09
1.710174351513293982e+09
1.710174353113287926e+09
1.710174354736854076e+09
1.710174356361270905e+09
1.710174357961971998e+09
1.710174359562310934e+09
1.710174361162633896e+09
1.710174362786742926e+09
1.710174364387696981e+09
1.710174365988702059e+09
1.710174367590032101e+09
1.710174369189517021e+09
1.710174370790921926e+09
1.710174372391453981e+09
1.710174373993273020e+09
1.710174375594530106e+09
1.710174377194830894e+09
1.710174378795366049e+09
1.710174380419425964e+09
1.710174382020160913e+09
1.710174383620934010e+09
1.710174385222606897e+09
1.710174386823687077e+09
1.710174388424185991e+09
1.710174390025396109e+09
1.710174391625890017e+09
1.710174393226902962e+09
1.710174394827136040e+09
1.710174396428204060e+09
1.710174398029088020e+09
1.710174399630023956e+09
1.710174401253969908e+09
1.710174402878444910e+09
1.710174404502389908e+09
1.710174406125294924e+09
1.710174407726061106e+09
1.710174409326334953e+09
1.710174410926789999e+09
1.710174412527652979e+09
1.710174414128644943e+09
1.710174415751825094e+09
1.710174417399591923e+09
1.710174418999824047e+09
1.710174420600802898e+09
1.710174422200510979e+09
1.710174423824024916e+09
1.710174425448179960e+09
1.710174427048785925e+09
1.710174428649532080e+09
1.710174430274080038e+09
1.710174431898178101e+09
1.710174433497540951e+09
1.710174435098695040e+09
1.710174436699729919e+09
1.710174438301110983e+09
1.710174439901221991e+09
1.710174441501820087e+09
1.710174443125174999e+09
1.710174444748934031e+09
1.710174446349931002e+09
1.710174447950968027e+09
1.710174449553292990e+09
1.710174451152110100e+09
1.710174452753283024e+09
1.710174454353240967e+09
1.710174455954019070e+09
1.710174457578531027e+09
1.710174459178838968e+09
1.710174460779670000e+09
1.710174462380026102e+09
1.710174463980577946e+09
1.710174465583240032e+09
1.710174467182928085e+09
1.710174468784785032e+09
1.710174470385117054e+09
1.710174471986793041e+09
1.710174473587642908e+09
1.710174475211982012e+09
1.710174476813956022e+09
1.710174478415314913e+09
1.710174480016736031e+09
1.710174481618483067e+09
1.710174483243252993e+09
1.710174484844908953e+09
1.710174486445991039e+09
1.710174488046951056e+09
1.710174489648622990e+09
1.710174491249356031e+09
1.710174492850784063e+09
1.710174494453788996e+09
1.710174496076883078e+09
1.710174497701483011e+09
1.710174499302210093e+09
1.710174500926620007e+09
1.710174502550707102e+09
1.710174504151447058e+09
1.710174505751375914e+09
1.710174507352085114e+09
1.710174508952939034e+09
1.710174510554389954e+09
1.710174512154206991e+09
1.710174513753881931e+09
1.710174515354649067e+09
1.710174516957813025e+09
1.710174518556428909e+09
1.710174520156358957e+09
1.710174521757759094e+09
1.710174523381226063e+09
1.710174524981947899e+09
1.710174526582380056e+09
1.710174528182971001e+09
1.710174529783250093e+09
1.710174531384073973e+09
1.710174532984148979e+09
1.710174534584578037e+09
1.710174536185297012e+09
1.710174537785604000e+09
1.710174539386262894e+09
1.710174541010636091e+09
1.710174542633368969e+09
1.710174544233954906e+09
1.710174545834551096e+09
1.710174547437980890e+09
1.710174549035638094e+09
1.710174550636496067e+09
1.710174552237216949e+09
1.710174553837788105e+09
1.710174555438096046e+09
1.710174557062350035e+09
1.710174558662024975e+09
1.710174560262703896e+09
1.710174561863274097e+09
1.710174563510149002e+09
1.710174565110755920e+09
1.710174566711683035e+09
1.710174568313414097e+09
1.710174569914381981e+09
1.710174571516810894e+09
1.710174573114767075e+09
1.710174574785319090e+09
1.710174576386679888e+09
1.710174577987416983e+09
1.710174579587480068e+09
1.710174581187980890e+09
1.710174582788811922e+09
1.710174584389300108e+09
1.710174585990066051e+09
1.710174587590662956e+09
1.710174589214132071e+09
1.710174590814996958e+09
1.710174592414753914e+09
1.710174594015979052e+09
1.710174595616869926e+09
1.710174597217423916e+09
1.710174598817502975e+09
1.710174600418386936e+09
1.710174602021466970e+09
1.710174603619359016e+09
1.710174605220726967e+09
1.710174606820674896e+09
1.710174608444417953e+09
1.710174610020785093e+09
1.710174611528601885e+09
1.710174613013315916e+09
1.710174614522578955e+09
1.710174616124051094e+09
1.710174617724066973e+09
1.710174619348102093e+09
1.710174620971976995e+09
1.710174622572813034e+09
1.710174624174772978e+09
1.710174625775981903e+09
1.710174627377365112e+09
1.710174628979012012e+09
1.710174630579917908e+09
1.710174632179522991e+09
1.710174633803539991e+09
1.710174635404654026e+09
1.710174637005383968e+09
1.710174638606580019e+09
1.710174640207814932e+09
1.710174641807739973e+09
1.710174643408200026e+09
1.710174645031687975e+09
1.710174646633275032e+09
1.710174648233704090e+09
1.710174649834059954e+09
1.710174651434624910e+09
1.710174653035068035e+09
1.710174654658816099e+09
1.710174656259382963e+09
1.710174657859396935e+09
1.710174659483202934e+09
1.710174661083877087e+09
1.710174662684084892e+09
1.710174664285795927e+09
1.710174665885308981e+09
1.710174667485830069e+09
1.710174669086551905e+09
1.710174670688219070e+09
1.710174672287703991e+09
1.710174673888572931e+09
1.710174675489027023e+09
1.710174677089339972e+09
1.710174678690360069e+09
1.710174680290973902e+09
1.710174681891412973e+09
1.710174683515306950e+09
1.710174685139175892e+09
1.710174686739928007e+09
1.710174688340846062e+09
1.710174689965101957e+09
1.710174691590090990e+09
1.710174693190565109e+09
1.710174694791656017e+09
1.710174696391419888e+09
1.710174697992938995e+09
1.710174699594141006e+09
1.710174701194031000e+09
1.710174702794722080e+09
1.710174704418508053e+09
1.710174706042059898e+09
1.710174707642786980e+09
1.710174709242894888e+09
1.710174710843889952e+09
1.710174712445476055e+09
1.710174714045881987e+09
1.710174715646423101e+09
1.710174717247311115e+09
1.710174718893541098e+09
1.710174720494863987e+09
1.710174722095596075e+09
1.710174723719796896e+09
1.710174725319642067e+09
1.710174726919871092e+09
1.710174728520657063e+09
1.710174730144753933e+09
1.710174731751271009e+09
1.710174733346733093e+09
1.710174734946295023e+09
1.710174736570008039e+09
1.710174738195250988e+09
1.710174739795749903e+09
1.710174741396596909e+09
1.710174742998255968e+09
1.710174744599601030e+09
1.710174746201361895e+09
1.710174747802063942e+09
1.710174749403435946e+09
1.710174751027578115e+09
1.710174752628770113e+09
1.710174754229906082e+09
1.710174755860073090e+09
1.710174757501080990e+09
1.710174759102675915e+09
1.710174760703816891e+09
1.710174762328428030e+09
1.710174763929440022e+09
1.710174765530827045e+09
1.710174767131825924e+09
1.710174768755860090e+09
1.710174770356986046e+09
1.710174771957976103e+09
1.710174773559720993e+09
1.710174775161130905e+09
1.710174776762061119e+09
1.710174778363478899e+09
1.710174779987921953e+09
1.710174781612901926e+09
1.710174783213561058e+09
1.710174784814734936e+09
1.710174786439812899e+09
1.710174788063520908e+09
1.710174789664283037e+09
1.710174791265913010e+09
1.710174792867173910e+09
1.710174794491595030e+09
1.710174796093094110e+09
1.710174797693766117e+09
1.710174799295285940e+09
1.710174800943115950e+09
1.710174802544370890e+09
1.710174804145474911e+09
1.710174805746009111e+09
1.710174807370532036e+09
1.710174808970638990e+09
1.710174810571333885e+09
1.710174812171211004e+09
1.710174813795380116e+09
1.710174815395397902e+09
1.710174816996090889e+09
1.710174818596620083e+09
1.710174820244179010e+09
1.710174821844851971e+09
1.710174823444761992e+09
1.710174825044969082e+09
1.710174826668926001e+09
1.710174828269074917e+09
1.710174829870045900e+09
1.710174831469579935e+09
1.710174833069454908e+09
1.710174834670430899e+09
1.710174836270378113e+09
1.710174837893457890e+09
1.710174839517129898e+09
1.710174841116708040e+09
1.710174842717454910e+09
1.710174844317058086e+09
1.710174845964070082e+09
1.710174847564156055e+09
1.710174849164340973e+09
1.710174850765221119e+09
1.710174852365350008e+09
1.710174853965938091e+09
1.710174855566075087e+09
1.710174857166691065e+09
1.710174858767079115e+09
1.710174860367341995e+09
1.710174861967350006e+09
1.710174863567332983e+09
1.710174865168149948e+09
1.710174866768582106e+09
1.710174868368222952e+09
1.710174869968419075e+09
1.710174871592015982e+09
1.710174873192665100e+09
1.710174874792500019e+09
1.710174876415910006e+09
1.710174878015939951e+09
1.710174879616183996e+09
1.710174881217607021e+09
1.710174882817559958e+09
1.710174884417867899e+09
1.710174886018906116e+09
1.710174887618942022e+09
1.710174889219161034e+09
1.710174890842859030e+09
1.710174892443849087e+09
1.710174894043761969e+09
1.710174895645265102e+09
1.710174897269114971e+09
1.710174898868655920e+09
1.710174900470168114e+09
1.710174902069700003e+09
1.710174903670861959e+09
1.710174905297128916e+09
1.710174906917459011e+09
1.710174908517987967e+09
1.710174910141567945e+09
1.710174911788186073e+09
1.710174913388859034e+09
1.710174915013793945e+09
1.710174916635839939e+09
1.710174918234538078e+09
1.710174919834801912e+09
1.710174921435146093e+09
1.710174923081826925e+09
1.710174924681952953e+09
1.710174926282712936e+09
1.710174927883196115e+09
1.710174929483438015e+09
1.710174931106779099e+09
1.710174932707485914e+09
1.710174934307296991e+09
1.710174935930977106e+09
1.710174937531019926e+09
1.710174939131728888e+09
1.710174940754968882e+09
1.710174942378796101e+09
1.710174944002208948e+09
1.710174945603136063e+09
1.710174947227941036e+09
1.710174948827826977e+09
1.710174950451108932e+09
1.710174952051788092e+09
1.710174953675633907e+09
1.710174955299727917e+09
1.710174956899758101e+09
1.710174958500147104e+09
1.710174960099597931e+09
1.710174961700525999e+09
1.710174963324517012e+09
1.710174964925293922e+09
1.710174966525911093e+09
1.710174968127821922e+09
1.710174969773803949e+09
1.710174971398056984e+09
1.710174973021979094e+09
1.710174974644764900e+09
1.710174976268452883e+09
1.710174977868782997e+09
1.710174979469415903e+09
1.710174981069482088e+09
1.710174982693461895e+09
1.710174984294821024e+09
1.710174985894831896e+09
1.710174987518666029e+09
1.710174989142235041e+09
1.710174990742706060e+09
1.710174992366054058e+09
1.710174993966414928e+09
1.710174995590826035e+09
1.710174997190551996e+09
1.710174998814908028e+09
1.710175000414876938e+09
1.710175002038049936e+09
1.710175003590804100e+09
1.710175005074994087e+09
1.710175006582638025e+09
1.710175008137701988e+09
1.710175009762270927e+09
1.710175011361613035e+09
1.710175012961174965e+09
1.710175014561378002e+09
1.710175016184971094e+09
1.710175017809043884e+09
1.710175019409293890e+09
1.710175021010597944e+09
1.710175022610605001e+09
1.710175024210644007e+09
1.710175025810961008e+09
1.710175027411370993e+09
1.710175029011758089e+09
1.710175030611972094e+09
1.710175032212146044e+09
1.710175033813565969e+09
1.710175035414068937e+09
1.710175037014642954e+09
1.710175038614927053e+09
1.710175040238620996e+09
1.710175041862756968e+09
1.710175043462882042e+09
1.710175045063678026e+09
1.710175046688409090e+09
1.710175048311743975e+09
1.710175049911539078e+09
1.710175051512039900e+09
1.710175053159113884e+09
1.710175054782742977e+09
1.710175056382700920e+09
1.710175057984025955e+09
1.710175059586601019e+09
1.710175061185966015e+09
1.710175062831897020e+09
1.710175064433455944e+09
1.710175066033273935e+09
1.710175067680483103e+09
1.710175069305450916e+09
1.710175070905792952e+09
1.710175072507216930e+09
1.710175074130791903e+09
1.710175075731707096e+09
1.710175077331928015e+09
1.710175078932554960e+09
1.710175080533400059e+09
1.710175082133408070e+09
1.710175083734134912e+09
1.710175085334732056e+09
1.710175086959356070e+09
1.710175088559000015e+09
1.710175090159466028e+09
1.710175091783080101e+09
1.710175093407665014e+09
1.710175095056372881e+09
1.710175096655236959e+09
1.710175098256067038e+09
1.710175099857574940e+09
1.710175101458636999e+09
1.710175103082429886e+09
1.710175104683532000e+09
1.710175106331023932e+09
1.710175107931039095e+09
1.710175109531644106e+09
1.710175111131928921e+09
1.710175112780061960e+09
1.710175114403011084e+09
1.710175116003412008e+09
1.710175117603789091e+09
1.710175119227992058e+09
1.710175120828155994e+09
1.710175122428725958e+09
1.710175124030365944e+09
1.710175125629868031e+09
1.710175127253390074e+09
1.710175128854116917e+09
1.710175130477699995e+09
1.710175132078629017e+09
1.710175133702084064e+09
1.710175135325356007e+09
1.710175136925921917e+09
1.710175138527185917e+09
1.710175140128154039e+09
1.710175141751166105e+09
1.710175143351854086e+09
1.710175144951688051e+09
1.710175146552170992e+09
1.710175148152769089e+09
1.710175149753077984e+09
1.710175151353769064e+09
1.710175152953458071e+09
1.710175154553600073e+09
1.710175156200547934e+09
1.710175157824405909e+09
1.710175159448141098e+09
1.710175161048696995e+09
1.710175162648910046e+09
1.710175164250129938e+09
1.710175165850739002e+09
1.710175167451129913e+09
1.710175169052110910e+09
1.710175170653011084e+09
1.710175172254141092e+09
1.710175173855168104e+09
1.710175175457154989e+09
1.710175177058305979e+09
1.710175178659007072e+09
1.710175180259654999e+09
1.710175181860732079e+09
1.710175183461750031e+09
1.710175185110032082e+09
1.710175186733056068e+09
1.710175188333950996e+09
1.710175189958148956e+09
1.710175191559075117e+09
1.710175193159948111e+09
1.710175194759658098e+09
1.710175196360860109e+09
1.710175197962305069e+09
1.710175199560930014e+09
1.710175201207237005e+09
1.710175202807997942e+09
1.710175204407819986e+09
1.710175206031404018e+09
1.710175207631092072e+09
1.710175209254971981e+09
1.710175210855031967e+09
1.710175212455955029e+09
1.710175214056211948e+09
1.710175215656043053e+09
1.710175217256393909e+09
1.710175218880031109e+09
1.710175220480828047e+09
1.710175222080405951e+09
1.710175223703718901e+09
1.710175225327281952e+09
1.710175226927648067e+09
1.710175228528918982e+09
1.710175230128484011e+09
1.710175231728780031e+09
1.710175233329124928e+09
1.710175234930226088e+09
1.710175236530507088e+09
1.710175238130930901e+09
1.710175239731118917e+09
1.710175241332304001e+09
1.710175242933254004e+09
1.710175244579325914e+09
1.710175246202445984e+09
1.710175247802764893e+09
1.710175249403172970e+09
1.710175250047693968e+09
