1.711490973419867039e+09
1.711490975620572090e+09
1.711490977822995901e+09
1.711490980023328066e+09
1.711490982251251936e+09
1.711490984452718973e+09
1.711490986655977964e+09
1.711490988903400898e+09
1.711490991104521990e+09
1.711490993262202024e+09
1.711490995509073019e+09
1.711490997713355064e+09
1.711490999891666889e+09
1.711491002139746904e+09
1.711491004389106989e+09
1.711491006543792963e+09
1.711491008698424101e+09
1.711491010926047087e+09
1.711491013129264116e+09
1.711491015353370905e+09
1.711491017601995945e+09
1.711491019830678940e+09
1.711491022031610012e+09
1.711491024254785061e+09
1.711491026411588907e+09
1.711491028638288021e+09
1.711491030816963911e+09
1.711491033044614077e+09
1.711491035245058060e+09
1.711491037448004007e+09
1.711491039653608084e+09
1.711491041856112957e+09
1.711491044062542915e+09
1.711491046285623074e+09
1.711491048532845020e+09
1.711491050736499071e+09
1.711491052962853909e+09
1.711491055164855957e+09
1.711491057390780926e+09
1.711491059592719078e+09
1.711491061843657017e+09
1.711491064091902018e+09
1.711491066341161013e+09
1.711491068566607952e+09
1.711491070822729111e+09
1.711491073021673918e+09
1.711491075222054958e+09
1.711491077445105076e+09
1.711491079650408030e+09
1.711491081875510931e+09
1.711491084101357937e+09
1.711491086302915096e+09
1.711491088554157972e+09
1.711491090776139021e+09
1.711491092956552029e+09
1.711491095111675024e+09
1.711491097268981934e+09
1.711491099497179031e+09
1.711491101651854038e+09
1.711491103852897882e+09
1.711491106032660961e+09
1.711491108256483078e+09
1.711491110437839985e+09
1.711491112687580109e+09
1.711491114890860081e+09
1.711491117069641113e+09
1.711491119294869900e+09
1.711491121476283073e+09
1.711491123655122042e+09
1.711491125881110907e+09
1.711491128064301014e+09
1.711491130284146070e+09
1.711491132511338949e+09
1.711491134761013985e+09
1.711491136962795973e+09
1.711491139141823053e+09
1.711491141300540924e+09
1.711491143481133938e+09
1.711491145707123041e+09
1.711491147931454897e+09
1.711491150088645935e+09
1.711491152336673975e+09
1.711491154564424038e+09
1.711491156834749937e+09
1.711491159013273001e+09
1.711491161217443943e+09
1.711491163442397118e+09
1.711491165689589977e+09
1.711491167917316914e+09
1.711491170167795897e+09
1.711491172439506054e+09
1.711491174617810965e+09
1.711491176866233110e+09
1.711491179071259975e+09
1.711491181318856955e+09
1.711491183522320986e+09
1.711491185702683926e+09
1.711491187880228043e+09
1.711491190109596968e+09
1.711491192286396027e+09
1.711491194464637995e+09
1.711491196705398083e+09
1.711491198916388988e+09
1.711491201073084116e+09
1.711491203346716881e+09
1.711491205547856092e+09
1.711491207777673006e+09
1.711491209977197886e+09
1.711491212161190987e+09
1.711491214384915113e+09
1.711491216611665964e+09
1.711491218881453037e+09
1.711491221133625984e+09
1.711491223380702972e+09
1.711491225610630989e+09
1.711491227861515999e+09
1.711491230105380058e+09
1.711491232306834936e+09
1.711491234533322096e+09
1.711491236739440918e+09
1.711491238914897919e+09
1.711491241140821934e+09
1.711491243296580076e+09
1.711491245500353098e+09
1.711491247701493025e+09
1.711491249882093906e+09
1.711491252036631107e+09
1.711491254218578100e+09
1.711491256396250010e+09
1.711491258642991066e+09
1.711491260893476963e+09
1.711491263141247988e+09
1.711491265318954945e+09
1.711491267568396091e+09
1.711491269772833109e+09
1.711491271951713085e+09
1.711491274108200073e+09
1.711491276310518026e+09
1.711491278467031956e+09
1.711491280647448063e+09
1.711491282825799942e+09
1.711491285004127979e+09
1.711491287207874060e+09
1.711491289411427975e+09
1.711491291589350939e+09
1.711491293839847088e+09
1.711491296065630913e+09
1.711491298220556974e+09
1.711491300401587009e+09
1.711491302603930950e+09
1.711491304782124043e+09
1.711491306984899044e+09
1.711491309164562941e+09
1.711491311393096924e+09
1.711491313686213017e+09
1.711491315888036966e+09
1.711491318113254070e+09
1.711491320295483112e+09
1.711491322448426962e+09
1.711491324628705978e+09
1.711491326855731010e+09
1.711491329078922033e+09
1.711491331282565117e+09
1.711491333507666111e+09
1.711491335686546087e+09
1.711491337936412096e+09
1.711491340183151960e+09
1.711491342409920931e+09
1.711491344657948017e+09
1.711491346860994101e+09
1.711491349061521053e+09
1.711491351288716078e+09
1.711491353469181061e+09
1.711491355646851063e+09
1.711491357849530935e+09
1.711491360052979946e+09
1.711491362256561995e+09
1.711491364459284067e+09
1.711491366666174889e+09
1.711491368914916039e+09
1.711491371164150000e+09
1.711491373364674091e+09
1.711491375566468000e+09
1.711491377747564077e+09
1.711491379951122046e+09
1.711491382132558107e+09
1.711491384309848070e+09
1.711491386491482973e+09
1.711491388681067944e+09
1.711491390874656916e+09
1.711491393055444002e+09
1.711491395259444952e+09
1.711491397510137081e+09
1.711491399761502028e+09
1.711491401936448097e+09
1.711491404187556982e+09
1.711491406459841013e+09
1.711491408640045881e+09
1.711491410820064068e+09
1.711491413046698093e+09
1.711491415269759893e+09
1.711491417519510031e+09
1.711491419699989080e+09
1.711491421904206991e+09
1.711491424128613949e+09
1.711491426333882093e+09
1.711491428559566021e+09
1.711491430762209892e+09
1.711491433011425018e+09
1.711491435170564890e+09
1.711491437418556929e+09
1.711491439598308086e+09
1.711491441755053997e+09
1.711491443979572058e+09
1.711491446182205915e+09
1.711491448388051987e+09
1.711491450610245943e+09
1.711491452814512968e+09
1.711491455017846107e+09
1.711491457220015049e+09
1.711491459399280071e+09
1.711491461556569099e+09
1.711491463784456015e+09
1.711491465989659071e+09
1.711491468165621996e+09
1.711491470322053909e+09
1.711491472526679993e+09
1.711491474801564932e+09
1.711491477023834944e+09
1.711491479249412060e+09
1.711491481427932024e+09
1.711491483589318991e+09
1.711491485788189888e+09
1.711491487945085049e+09
1.711491490170766115e+09
1.711491492325964928e+09
1.711491494555028915e+09
1.711491496779325008e+09
1.711491499052032948e+09
1.711491501281105995e+09
1.711491503503571033e+09
1.711491505706202030e+09
1.711491507910795927e+09
1.711491510112694025e+09
1.711491512269412041e+09
1.711491514428438902e+09
1.711491516608834982e+09
1.711491518763156891e+09
1.711491520942455053e+09
1.711491523100522041e+09
1.711491525304615974e+09
1.711491527485516071e+09
1.711491529712655067e+09
1.711491531914747953e+09
1.711491534117311001e+09
1.711491536343779087e+09
1.711491538502145052e+09
1.711491540707372904e+09
1.711491542906929970e+09
1.711491545086641073e+09
1.711491547292025089e+09
1.711491549496404886e+09
1.711491551696187019e+09
1.711491553922466040e+09
1.711491556081360102e+09
1.711491558281136036e+09
1.711491560462065935e+09
1.711491562712476015e+09
1.711491564915191889e+09
1.711491567117362022e+09
1.711491569274483919e+09
1.711491571525860071e+09
1.711491573706372976e+09
1.711491575886115074e+09
1.711491578110630989e+09
1.711491580292635918e+09
1.711491582495646000e+09
1.711491584675993919e+09
1.711491586856415033e+09
1.711491589104568958e+09
1.711491591260714054e+09
1.711491593487340927e+09
1.711491595690028906e+09
1.711491597919049025e+09
1.711491600144323111e+09
1.711491602369048119e+09
1.711491604549357891e+09
1.711491606752191067e+09
1.711491608955526114e+09
1.711491611158540964e+09
1.711491613339025021e+09
1.711491615541812897e+09
1.711491617721812010e+09
1.711491619948247910e+09
1.711491622101735115e+09
1.711491624329843044e+09
1.711491626486638069e+09
1.711491628712862015e+09
1.711491630915786028e+09
1.711491633141233921e+09
1.711491635342940092e+09
1.711491637594871998e+09
1.711491639776669979e+09
1.711491641975188971e+09
1.711491644155689955e+09
1.711491646405483007e+09
1.711491648631970882e+09
1.711491650858947992e+09
1.711491653105714083e+09
1.711491655309050083e+09
1.711491657509772062e+09
1.711491659691791058e+09
1.711491661893341064e+09
1.711491664072834969e+09
1.711491666276999950e+09
1.711491668456459045e+09
1.711491670637852907e+09
1.711491672862083912e+09
1.711491675039716959e+09
1.711491677268978119e+09
1.711491679470623970e+09
1.711491681698263884e+09
1.711491683877394915e+09
1.711491686056871891e+09
1.711491688306761026e+09
1.711491690485814095e+09
1.711491692687541962e+09
1.711491694917661905e+09
1.711491697117861032e+09
1.711491699391990900e+09
1.711491701617085934e+09
1.711491703771471024e+09
1.711491705931751013e+09
1.711491708109792948e+09
1.711491710360090971e+09
1.711491712585536957e+09
1.711491714835640907e+09
1.711491717084857941e+09
1.711491719285753012e+09
1.711491721466126919e+09
1.711491723646930933e+09
1.711491725826000929e+09
1.711491728029745102e+09
1.711491730209861994e+09
1.711491732410425901e+09
1.711491734592272997e+09
1.711491736770356894e+09
1.711491738975426912e+09
1.711491741199460030e+09
1.711491743405724049e+09
1.711491745583820105e+09
1.711491747762378931e+09
1.711491749947297096e+09
1.711491752123971939e+09
1.711491754326817989e+09
1.711491756529917002e+09
1.711491758731111050e+09
1.711491760959530115e+09
1.711491763184500933e+09
1.711491765432358027e+09
1.711491767659506083e+09
1.711491769908157110e+09
1.711491772112081051e+09
1.711491774291502953e+09
1.711491776494777918e+09
1.711491778698029041e+09
1.711491780946686029e+09
1.711491783195557117e+09
1.711491785423549891e+09
1.711491787695431948e+09
1.711491789899300098e+09
1.711491792052613020e+09
1.711491794212006092e+09
1.711491796420995951e+09
1.711491798687109947e+09
1.711491800843018055e+09
1.711491803046714067e+09
1.711491805250130892e+09
1.711491807475608110e+09
1.711491809703136921e+09
1.711491811883368015e+09
1.711491814085306883e+09
1.711491816312226057e+09
1.711491818513926029e+09
1.711491820741070986e+09
1.711491822987931967e+09
1.711491825167114973e+09
1.711491827348970890e+09
1.711491829527390003e+09
1.711491831708333015e+09
1.711491833910172939e+09
1.711491836113728046e+09
1.711491838317974091e+09
1.711491840519439936e+09
1.711491842675961018e+09
1.711491844880088091e+09
1.711491847081217051e+09
1.711491849353450060e+09
1.711491851532900095e+09
1.711491853714560032e+09
1.711491855894393921e+09
1.711491858049793005e+09
1.711491860278515100e+09
1.711491862501821041e+09
1.711491864660311937e+09
1.711491866841805935e+09
1.711491869069300890e+09
1.711491871271385908e+09
1.711491873452383041e+09
1.711491875704395056e+09
1.711491877951531887e+09
1.711491880154700994e+09
1.711491882381069899e+09
1.711491884561186075e+09
1.711491886767256975e+09
1.711491888967506886e+09
1.711491891169841051e+09
1.711491893373835087e+09
1.711491895576088905e+09
1.711491897804554939e+09
1.711491900054850101e+09
1.711491902257078886e+09
1.711491904435575962e+09
1.711491906663875103e+09
1.711491908867175102e+09
1.711491911070100069e+09
1.711491913318068981e+09
1.711491915543296099e+09
1.711491917747731924e+09
1.711491919998382092e+09
1.711491922175884962e+09
1.711491924356873989e+09
1.711491926535465002e+09
1.711491928762856007e+09
1.711491930940906048e+09
1.711491933192553043e+09
1.711491935442079067e+09
1.711491937624053001e+09
1.711491939870628119e+09
1.711491942073055029e+09
1.711491944253958941e+09
1.711491946458964109e+09
1.711491948683876038e+09
1.711491950862309933e+09
1.711491953018644094e+09
1.711491955220956087e+09
1.711491957446073055e+09
1.711491959627588987e+09
1.711491961830315113e+09
1.711491964078017950e+09
1.711491966304675102e+09
1.711491968528211117e+09
1.711491970730829954e+09
1.711491972960117102e+09
1.711491975160051107e+09
1.711491977386276960e+09
1.711491979587167978e+09
1.711491981789577961e+09
1.711491983990866899e+09
1.711491986193586111e+09
1.711491988443243027e+09
1.711491990691467047e+09
1.711491992914252043e+09
1.711491995169013023e+09
1.711491997415343046e+09
1.711491999638767958e+09
1.711492001888567924e+09
1.711492004090806007e+09
1.711492006314857960e+09
1.711492008495609999e+09
1.711492010653855085e+09
1.711492012924860954e+09
1.711492015127350092e+09
1.711492017328083992e+09
1.711492019484142065e+09
1.711492021687422991e+09
1.711492023866417885e+09
1.711492026093606949e+09
1.711492028272445917e+09
1.711492030453751087e+09
1.711492032656228065e+09
1.711492034884197950e+09
1.711492037134494066e+09
1.711492039335187912e+09
1.711492041563698053e+09
1.711492043789591074e+09
1.711492046018512964e+09
1.711492048268024921e+09
1.711492050495296001e+09
1.711492052742842913e+09
1.711492054922544003e+09
1.711492057105554104e+09
1.711492059310089111e+09
1.711492061488205910e+09
1.711492063670319080e+09
1.711492065895057917e+09
1.711492068123053074e+09
1.711492070277179003e+09
1.711492072460242033e+09
1.711492074685573101e+09
1.711492076866941929e+09
1.711492079094300985e+09
1.711492081298168898e+09
1.711492083501487017e+09
1.711492085726336956e+09
1.711492087930152893e+09
1.711492090158603907e+09
1.711492092337784052e+09
1.711492094517766953e+09
1.711492096699804068e+09
1.711492098925163031e+09
1.711492101083369017e+09
1.711492103260632038e+09
1.711492105466643095e+09
1.711492107692440987e+09
1.711492109850440025e+09
1.711492112029166937e+09
1.711492114255337000e+09
1.711492116483136892e+09
1.711492118687450886e+09
1.711492120915307045e+09
1.711492123116657019e+09
1.711492125320904016e+09
1.711492127524204016e+09
1.711492129750386953e+09
1.711492131978543997e+09
1.711492134133867025e+09
1.711492136361756086e+09
1.711492138585750103e+09
1.711492140789401054e+09
1.711492142992551088e+09
1.711492145221535921e+09
1.711492147447215080e+09
1.711492149648350954e+09
1.711492151877718925e+09
1.711492154105362892e+09
1.711492156307853937e+09
1.711492158509350061e+09
1.711492160687846899e+09
1.711492162917409897e+09
1.711492165167342901e+09
1.711492167392049074e+09
1.711492169617577076e+09
1.711492171798667908e+09
1.711492174026391983e+09
1.711492176230444908e+09
1.711492178454427958e+09
1.711492180659070969e+09
1.711492182908909082e+09
1.711492185179738998e+09
1.711492187361979961e+09
1.711492189564454079e+09
1.711492191721781969e+09
1.711492193907917976e+09
1.711492196103324890e+09
1.711492198340923071e+09
1.711492200531794071e+09
1.711492202757009983e+09
1.711492204956517935e+09
1.711492207161034107e+09
1.711492209364583969e+09
1.711492211564538956e+09
1.711492213768189907e+09
1.711492215947318077e+09
1.711492218127310991e+09
1.711492220352194071e+09
1.711492222531843901e+09
1.711492224734616041e+09
1.711492226936248064e+09
1.711492229115952015e+09
1.711492231342592955e+09
1.711492233567615032e+09
1.711492235793247938e+09
1.711492238019243956e+09
1.711492240268731117e+09
1.711492242494529009e+09
1.711492244697936058e+09
1.711492246878607988e+09
1.711492249107878923e+09
1.711492251259454966e+09
1.711492253438582897e+09
1.711492255618460894e+09
1.711492257866508007e+09
1.711492260047580004e+09
1.711492262271972895e+09
1.711492264476968050e+09
1.711492266706890106e+09
1.711492268981376886e+09
1.711492271201059103e+09
1.711492273425996065e+09
1.711492275628892899e+09
1.711492277784557104e+09
1.711492279945110083e+09
1.711492282173342943e+09
1.711492284370461941e+09
1.711492286552802086e+09
1.711492288775986910e+09
1.711492290980452061e+09
1.711492293185564995e+09
1.711492295409710884e+09
1.711492297591433048e+09
1.711492299816807032e+09
1.711492302065749884e+09
1.711492304268021107e+09
1.711492306448103905e+09
1.711492308652475119e+09
1.711492310900598049e+09
1.711492313102514029e+09
1.711492315304877996e+09
1.711492317487158060e+09
1.711492319712353945e+09
1.711492321914969921e+09
1.711492324120192051e+09
1.711492326348172903e+09
1.711492328526170969e+09
1.711492330750863075e+09
1.711492333000437975e+09
1.711492335179872036e+09
1.711492337363501072e+09
1.711492339540793896e+09
1.711492341745219946e+09
1.711492343926006079e+09
1.711492346221211910e+09
1.711492348422415018e+09
1.711492350581702948e+09
1.711492352853866100e+09
1.711492355055305958e+09
1.711492357258826017e+09
1.711492359437534094e+09
1.711492361641319036e+09
1.711492363846049070e+09
1.711492366071712971e+09
1.711492368274820089e+09
1.711492370503103971e+09
1.711492372751049042e+09
1.711492374979969025e+09
1.711492377180603027e+09
1.711492379360574961e+09
1.711492381587929964e+09
1.711492383815084934e+09
1.711492386038675070e+09
1.711492388264256954e+09
1.711492390490793943e+09
1.711492392668991089e+09
1.711492394850439072e+09
1.711492397053332090e+09
1.711492399282154083e+09
1.711492401483596087e+09
1.711492403708095074e+09
1.711492405912729025e+09
1.711492408115629911e+09
1.711492410365577936e+09
1.711492412617208958e+09
1.711492414861416101e+09
1.711492417063069105e+09
1.711492419269514084e+09
1.711492421469326019e+09
1.711492423673996925e+09
1.711492425874619007e+09
1.711492428102670908e+09
1.711492430284395933e+09
1.711492432509545088e+09
1.711492434759568930e+09
1.711492436962383986e+09
1.711492439143345118e+09
1.711492441300211906e+09
1.711492443550452948e+09
1.711492445776324034e+09
1.711492447955648899e+09
1.711492450181993961e+09
1.711492452362363100e+09
1.711492454543659925e+09
1.711492456723395109e+09
1.711492458928335905e+09
1.711492461154994011e+09
1.711492463359110117e+09
1.711492465585434914e+09
1.711492467812525034e+09
1.711492469968533993e+09
1.711492472174601078e+09
1.711492474399271965e+09
1.711492476600811005e+09
1.711492478805761099e+09
1.711492481031160116e+09
1.711492483233361959e+09
1.711492485460103035e+09
1.711492487663196087e+09
1.711492489842950106e+09
1.711492492070636034e+09
1.711492494319704056e+09
1.711492496477257013e+09
1.711492498680650949e+09
1.711492500907155991e+09
1.711492503113475084e+09
1.711492505339281082e+09
1.711492507567552090e+09
1.711492509794634104e+09
1.711492511973685980e+09
1.711492514223567009e+09
1.711492516476237059e+09
1.711492518699980974e+09
1.711492520925066948e+09
1.711492523082776070e+09
1.711492525333758116e+09
1.711492527492506981e+09
1.711492529717758894e+09
1.711492531875332117e+09
1.711492534056670904e+09
1.711492536305951118e+09
1.711492538486596107e+09
1.711492540690587997e+09
1.711492542893286943e+09
1.711492545122034073e+09
1.711492547373317003e+09
1.711492549624331951e+09
1.711492551851191998e+09
1.711492554051654100e+09
1.711492556230925083e+09
1.711492558459747076e+09
1.711492560685575962e+09
1.711492562911689043e+09
1.711492565115499973e+09
1.711492567321332932e+09
1.711492569547202110e+09
1.711492571729275942e+09
1.711492573954538107e+09
1.711492576180644035e+09
1.711492578429364920e+09
1.711492580680378914e+09
1.711492582883274078e+09
1.711492585041193962e+09
1.711492587287204027e+09
1.711492589515255928e+09
1.711492591742625952e+09
1.711492593968508959e+09
1.711492596214492083e+09
1.711492598393462896e+09
1.711492600598280907e+09
1.711492602869565010e+09
1.711492605071636915e+09
1.711492607274548054e+09
1.711492609477823019e+09
1.711492611679218054e+09
1.711492613927886963e+09
1.711492616086854935e+09
1.711492618313498020e+09
1.711492620467617989e+09
1.711492622649422884e+09
1.711492624903045893e+09
1.711492627101391077e+09
1.711492629303360939e+09
1.711492631480987072e+09
1.711492633689496040e+09
1.711492635933394909e+09
1.711492638139172077e+09
1.711492640363171101e+09
1.711492642543735981e+09
1.711492644745697975e+09
1.711492646947995901e+09
1.711492649175143003e+09
1.711492651356556892e+09
1.711492653514710903e+09
1.711492655761502981e+09
1.711492657942764044e+09
1.711492660144510984e+09
1.711492662301764011e+09
1.711492664503343105e+09
1.711492666729660034e+09
1.711492668932360888e+09
1.711492671112318993e+09
1.711492673364068985e+09
1.711492675566351891e+09
1.711492677767616034e+09
1.711492679925079107e+09
1.711492682127902031e+09
1.711492684328960896e+09
1.711492686532527924e+09
1.711492688804464102e+09
1.711492691007386923e+09
1.711492693278968096e+09
1.711492695483308077e+09
1.711492697732341051e+09
1.711492699958564997e+09
1.711492702160317898e+09
1.711492704385431051e+09
1.711492706564662933e+09
1.711492708793375015e+09
1.711492711039694071e+09
1.711492713266745090e+09
1.711492715491596937e+09
1.711492717647697926e+09
1.711492719849219084e+09
1.711492722007816076e+09
1.711492724234797001e+09
1.711492726389678001e+09
1.711492728615143061e+09
1.711492730821341038e+09
1.711492733069104910e+09
1.711492735295372009e+09
1.711492737519010067e+09
1.711492739700324059e+09
1.711492741879504919e+09
1.711492744128216028e+09
1.711492746286133051e+09
1.711492748464385986e+09
1.711492750692596912e+09
1.711492752918895006e+09
1.711492755120645046e+09
1.711492757278090954e+09
1.711492759504795074e+09
1.711492761686891079e+09
1.711492763909269094e+09
1.711492766159542084e+09
1.711492768386172056e+09
1.711492770610830069e+09
1.711492772837229967e+09
1.711492775085223913e+09
1.711492775374799013e+09
1.711492775989065886e+09
