1.709925907731219053e+09
1.709925920373595953e+09
1.709925933016876936e+09
1.709925945656769991e+09
1.709925958297787905e+09
1.709925970916038990e+09
1.709925983583051920e+09
1.709925996224244118e+09
1.709926008566667080e+09
1.709926021211585045e+09
1.709926033875737906e+09
1.709926046518304110e+09
1.709926059182034969e+09
1.709926071499799967e+09
1.709926084167928934e+09
1.709926096810184956e+09
1.709926109452096939e+09
1.709926122121217966e+09
1.709926134809277058e+09
1.709926147452671051e+09
1.709926159816103935e+09
1.709926172482258081e+09
1.709926185125755072e+09
1.709926197766459942e+09
1.709926210134097099e+09
1.709926222779937029e+09
1.709926235444101095e+09
1.709926248110752106e+09
1.709926260777437925e+09
1.709926273446155071e+09
1.709926286090979099e+09
1.709926298757910013e+09
1.709926311436163902e+09
1.709926324071768999e+09
1.709926336736668110e+09
1.709926349404824972e+09
1.709926361745145082e+09
1.709926374387136936e+09
1.709926387054531097e+09
1.709926399697194099e+09
1.709926412340990067e+09
1.709926425010432959e+09
1.709926437699368954e+09
1.709926450344237089e+09
1.709926463011656046e+09
1.709926475659004927e+09
1.709926488305272102e+09
1.709926497219959974e+09
