1.710432379348889112e+09
1.710432391731748104e+09
1.710432404295839071e+09
1.710432416356221914e+09
1.710432428669806957e+09
1.710432441003591061e+09
1.710432453101979017e+09
1.710432465626075983e+09
1.710432477888344049e+09
1.710432489942754984e+09
1.710432502231282949e+09
1.710432514800735950e+09
1.710432527040714979e+09
1.710432539002675056e+09
1.710432550990020990e+09
1.710432563395865917e+09
1.710432575728358030e+09
1.710432588049189091e+09
1.710432600486135960e+09
1.710432612985692024e+09
1.710432625326960087e+09
1.710432637685177088e+09
1.710432650158879995e+09
1.710432662357918024e+09
1.710432674998148918e+09
1.710432687309930086e+09
1.710432699945476055e+09
1.710432712579344034e+09
1.710432724702467918e+09
1.710432737226444960e+09
1.710432749863270044e+09
1.710432762501821041e+09
1.710432774832844019e+09
1.710432787448815107e+09
1.710432800083467960e+09
1.710432812742244005e+09
1.710432825380158901e+09
1.710432838039113045e+09
1.710432850233253002e+09
1.710432862664834976e+09
1.710432875300880909e+09
1.710432887637285948e+09
1.710432900275737047e+09
1.710432912634094954e+09
1.710432925256531954e+09
1.710432937917418957e+09
1.710432950556982994e+09
1.710432962895709991e+09
1.710432967672487020e+09
