7.124226580807475895e-03
7.719446926159981640e-03
5.653799311588173816e-03
7.700482989116893238e-03
6.872919417953421775e-03
7.072221082502249886e-03
7.305049161075927860e-03
7.677756503024396433e-03
7.206016225613262431e-03
7.904279846080183511e-03
7.753251230090367832e-03
6.483408498799162964e-03
7.794041199337939201e-03
7.420396637117713731e-03
5.693024779622169428e-03
8.818432669027483767e-03
6.191106000947300438e-03
6.069389255032456645e-03
6.632501794448411418e-03
6.389592955649158260e-03
6.895964974493543238e-03
6.515445789206173420e-03
9.123680679690231513e-03
6.022993800166979474e-03
9.915958878728019926e-03
6.703698616833610353e-03
7.931199976314997485e-03
9.764934895022399364e-03
1.027529378454698425e-02
8.020527972081931828e-03
7.789637564936500655e-03
7.416431162138050620e-03
8.193559571665341365e-03
6.853014961417643568e-03
7.005641874985034899e-03
7.791642096765135500e-03
7.822795129456249982e-03
8.454681884275861217e-03
5.418242251485920827e-03
6.173709063263844998e-03
9.667263464882230525e-03
8.773429699002159229e-03
7.450507652923868060e-03
6.863269005644441478e-03
7.127988606953989704e-03
5.946151962113912191e-03
7.648815988308222368e-03
7.094292838509426262e-03
7.152099349389212310e-03
8.489371419743490729e-03
7.141668053755458739e-03
6.916894632067203952e-03
7.328977595455598432e-03
7.387649968772278149e-03
8.237051257026544587e-03
9.603602451099162510e-03
9.206388124948439861e-03
5.979622850107010369e-03
6.638671253567694254e-03
7.222008714189940073e-03
6.684400707918013336e-03
7.884552174745686204e-03
7.942723328534895960e-03
5.742314775619762092e-03
7.531275303071413921e-03
6.091416578059526132e-03
6.017350936456143835e-03
7.445971208474001964e-03
1.286200224186133910e-02
9.192126957625635156e-03
6.824483691874739036e-03
6.015981566835523937e-03
5.824097520612291426e-03
5.918884428468877690e-03
8.733311637037775507e-03
6.624117249452445358e-03
6.225965157627502168e-03
8.617633739544114727e-03
6.089991301293454055e-03
6.676028897500160646e-03
7.311104321107634099e-03
8.454417297519596294e-03
6.312736191308223818e-03
8.624241580639152582e-03
6.571469185739239882e-03
6.904881752466936716e-03
8.447776839933555590e-03
8.216127750211915312e-03
6.626413879066535111e-03
7.552484511696624242e-03
8.802111877851773528e-03
7.789234479754551972e-03
6.512970225887076275e-03
6.014202469633567021e-03
6.449154489373096211e-03
5.872333905235061803e-03
7.083090772975872765e-03
6.310534867949292755e-03
7.147248303790527599e-03
7.982003567875135472e-03
6.462292895755199738e-03
7.664254799285770067e-03
8.788412511783364606e-03
6.819080657231869555e-03
9.667297057172974731e-03
7.860807261182193098e-03
6.817513334135031147e-03
7.638456342455280344e-03
7.228063622649723297e-03
6.678512877160953411e-03
6.436404913187940800e-03
9.250312124811865822e-03
8.087607535293589098e-03
7.081745365532097179e-03
8.273155988565076072e-03
6.174432959568005447e-03
7.662884500454074897e-03
8.329024785294830008e-03
5.586896867080265276e-03
7.264072623529195180e-03
7.421289666507942771e-03
6.579864560155327009e-03
6.452351525101747941e-03
6.502815439735996211e-03
7.715560449936090769e-03
6.416414840417960543e-03
5.992528993585616998e-03
6.534144030245258965e-03
7.583344686468977691e-03
9.374853232568201508e-03
8.221968352636619196e-03
7.286671143052967682e-03
8.587322708143435915e-03
7.554893397468742840e-03
7.031002311183828443e-03
7.120429405256447492e-03
6.997982944176378388e-03
7.405802743233632149e-03
6.293620819113199781e-03
6.133451239541467225e-03
7.720115924835362423e-03
6.489984314388868962e-03
7.599954555680329786e-03
7.971096405342133553e-03
7.337607203011445658e-03
6.122127248119999150e-03
7.623031243977728376e-03
5.959026143344106630e-03
5.752110689147198024e-03
8.273091095267122094e-03
5.619727462179759450e-03
5.503261613016590358e-03
7.053493534464504860e-03
6.132707282964764729e-03
6.635540184072907625e-03
1.157762563074709976e-02
6.399188003192825443e-03
6.128117088163371334e-03
7.520691359043045650e-03
6.825561823168130836e-03
8.106978610556290349e-03
8.106029874699443791e-03
5.843520857140968063e-03
6.567167016843218283e-03
7.286463761522829138e-03
8.001024204285651573e-03
7.677794462833013173e-03
7.446613978139252250e-03
6.169758206578887690e-03
7.517577061309298030e-03
8.012264639401746671e-03
7.343102876144721666e-03
6.952947981799214097e-03
1.091339267990637692e-02
6.524925398828831068e-03
9.056585947859090505e-03
8.581903675510319657e-03
5.283927245482539573e-03
6.389446150023492775e-03
7.064676947418882698e-03
7.052027295895989777e-03
8.728491095529958624e-03
6.067026336753430366e-03
8.910642323935938705e-03
6.852939001076635908e-03
7.848951359580236958e-03
7.150422054319361537e-03
8.526819719187539101e-03
8.753288391069277349e-03
6.043936073596076902e-03
7.546363532508711114e-03
9.162508166343674709e-03
5.809195082983407976e-03
9.732113381356120863e-03
7.339010209013372560e-03
7.510276740578985914e-03
6.679048033101012312e-03
8.095022096382489124e-03
6.562593518805510083e-03
7.753051189280072038e-03
9.548957346377010685e-03
6.757221491249831499e-03
7.766413760206436652e-03
7.947900135144160549e-03
6.600926539900494987e-03
5.602567143409102439e-03
6.766519772430643238e-03
6.041686730599799514e-03
5.538752130776312607e-03
9.043159071206684912e-03
5.855648523730262039e-03
6.805748160333837705e-03
9.671854059892140421e-03
5.736914357220642031e-03
6.181666276939635010e-03
6.724776659998430925e-03
7.402973052083827894e-03
7.815318577750106355e-03
6.385821360105304809e-03
7.869058812110373696e-03
6.818368880427656993e-03
6.990857780071198235e-03
5.064977912647478445e-03
7.826633349744859316e-03
7.843037716570643719e-03
5.843272350201493721e-03
7.171127204081441213e-03
7.060207252022367153e-03
9.546541995417164028e-03
6.339549319706867629e-03
9.250305065382874795e-03
6.875907268275428461e-03
7.606826724288332127e-03
5.943334797143162013e-03
6.810537645014540231e-03
6.505197072953549341e-03
6.010245509723996515e-03
7.557323550294738936e-03
8.800061497866364102e-03
7.456634903832870705e-03
7.690233158867769078e-03
9.024953067794235992e-03
7.533559757510782835e-03
7.494869309071103269e-03
8.912325912464583513e-03
8.771055528694010270e-03
9.371072410826158938e-03
8.048554112547007602e-03
7.792318563789657655e-03
8.117950479994980040e-03
7.525746317882710430e-03
8.912370824572461714e-03
9.897802426674880139e-03
8.961367628902931065e-03
6.592538335841413057e-03
9.558910966242749330e-03
7.203034382306200238e-03
9.724561704216991634e-03
7.041966565699391174e-03
7.034612872957866567e-03
6.481789907550650036e-03
8.501949940747426104e-03
8.428401379991776188e-03
8.577532965572148838e-03
5.999563517210051121e-03
6.464963139190415056e-03
6.983669487689867297e-03
7.027293968241590631e-03
8.419441960201870870e-03
7.320412711399978088e-03
8.388536711394495651e-03
7.009978569356261832e-03
7.754926605838798059e-03
6.612197307464054430e-03
9.077990818453698235e-03
6.950318285873850234e-03
7.363497340043979184e-03
8.576357680784192639e-03
6.112712542014363259e-03
6.768436400922276351e-03
7.064466753570538583e-03
6.540605235308393980e-03
7.709902863594848658e-03
6.499657825216807912e-03
7.967425407257330491e-03
6.422109650342983957e-03
7.975810388118821648e-03
4.999564481374845111e-03
1.065760897810043122e-02
8.127533499860666033e-03
6.320073759893944480e-03
6.763736337640460956e-03
6.645563555998160003e-03
6.443076108663915377e-03
8.790294917694571955e-03
7.326166151307986381e-03
7.798648291291461476e-03
7.786864830618863732e-03
8.595409442693172086e-03
8.839176706530007047e-03
6.982240253676831078e-03
8.619060209098295539e-03
7.591559563650354149e-03
7.611666939310705177e-03
6.987789323626787154e-03
7.487568804780433268e-03
6.548110565371599578e-03
7.622242665794449513e-03
6.161768672543305528e-03
7.889849200595442161e-03
7.924544487962216152e-03
8.218878565713768139e-03
6.700746204006664472e-03
1.104625348961169214e-02
7.065549420468870620e-03
8.137473246376441052e-03
8.355373309605403087e-03
6.613709267879212469e-03
8.502749524192229971e-03
7.878145919853340659e-03
8.183063433462466410e-03
6.586656195355561350e-03
8.658866840288843153e-03
7.667523010821650740e-03
7.827401574520383848e-03
8.491494795174261978e-03
6.494019047885003434e-03
9.272144885638280987e-03
9.546425601532532862e-03
9.041241000937842026e-03
7.798812351605529866e-03
7.528061785954482006e-03
6.775452153683835139e-03
9.255963960665629375e-03
9.382946198458707449e-03
7.480191335967291931e-03
6.641966384180107014e-03
7.704735394715631590e-03
7.370068119513351924e-03
1.008827241011665821e-02
6.256651735836913329e-03
6.576645264223874437e-03
8.152941174640009406e-03
1.025688355119040544e-02
1.250905786726593492e-02
9.052094123590568447e-03
6.590141480818391927e-03
6.259328788643042998e-03
7.353755691015797548e-03
7.465279163969617410e-03
1.037761546160017624e-02
9.480056084202241259e-03
8.008834440969845106e-03
1.057245284431082392e-02
6.281974147004142431e-03
7.683918393191294278e-03
8.291954976373874797e-03
6.982643472962099356e-03
6.245511943530518070e-03
9.427060069258481889e-03
9.612131558870916012e-03
1.496140812538091294e-02
6.615051271510780269e-03
7.947593193068347092e-03
6.000814408475947659e-03
7.412356297068089031e-03
8.236483741037924772e-03
7.130547307378507296e-03
8.778376605344280839e-03
8.110814379863676149e-03
6.201880848783869471e-03
6.366592852367594819e-03
7.299777875972585615e-03
8.515039396351248985e-03
7.321879609383184426e-03
7.150638555227896605e-03
6.711849218145775516e-03
6.662102065037476747e-03
9.394791059084098284e-03
6.617688291805723724e-03
6.842583658563172050e-03
1.017707031441846682e-02
6.588020505567274664e-03
5.571427320552035760e-03
7.171372373480007847e-03
6.847123998616392801e-03
7.718212349005052625e-03
7.003284148727678855e-03
9.012222991931433114e-03
6.929181951733923844e-03
6.830002969305426670e-03
7.766296705247623111e-03
5.925152978841934960e-03
7.028253088394781009e-03
6.379996171471565870e-03
8.512279570456915412e-03
8.090655261222450337e-03
1.158440586207331799e-02
9.082534589800808633e-03
7.272880826706526816e-03
8.873491611988269800e-03
6.499247624041782322e-03
6.572918630565596776e-03
8.818818162049943746e-03
9.290727990922717505e-03
7.797679954752952114e-03
6.777688161016484462e-03
7.242537527607488361e-03
8.427682279035810659e-03
7.502665497991627477e-03
7.410881434175514357e-03
9.056554794418251314e-03
7.340741512191934284e-03
7.075848785500112037e-03
6.961548279767716500e-03
9.616384363596111942e-03
6.773683351322121529e-03
9.526454355283670711e-03
7.811278049991827142e-03
1.014366302893802627e-02
