7.177010682892310568e-03
8.848127038723924143e-03
6.166282966239387472e-03
8.893718175443644097e-03
7.237750735345722941e-03
7.868109602193478977e-03
7.488070608601985097e-03
8.967800166607649281e-03
7.441883452035922414e-03
8.478975089035747231e-03
1.067132611943075182e-02
9.863142935636549230e-03
7.032819344878028095e-03
8.282812509608449697e-03
8.434291990317003759e-03
8.125334609098833552e-03
1.120393494158423119e-02
6.920977108237627226e-03
7.445926866616866223e-03
9.083786115057498195e-03
6.884009805166397926e-03
8.458621570628779840e-03
9.726917367256096916e-03
5.654848595388770049e-03
6.755025984164749267e-03
7.934638446255096178e-03
7.035328577698053004e-03
7.208551289236704573e-03
9.232848776809717342e-03
7.445421884128389234e-03
6.680884310229596133e-03
6.748072982635834605e-03
7.057379806841270788e-03
7.072349136159000217e-03
8.883026101382892128e-03
6.168505059093280091e-03
9.510004449090187634e-03
7.146883347608054896e-03
6.141500811029147744e-03
6.535154352556153158e-03
7.419107140977739337e-03
6.413655542940558708e-03
8.696273260401949159e-03
6.261086639193592929e-03
6.312908557148145215e-03
8.022605196204474903e-03
7.050288659279442711e-03
1.116389182419186624e-02
6.645427713396212521e-03
8.403871437834772168e-03
6.740968486702463881e-03
8.483671987029062569e-03
7.248927947201596299e-03
8.990552617538618077e-03
6.825025419650990362e-03
6.795796276368478231e-03
8.248824972351399137e-03
8.258483455670290185e-03
7.036196518133913148e-03
1.251294665056809814e-02
7.558030037196473636e-03
6.542147592829688010e-03
9.019886918008587079e-03
6.719272841825088029e-03
7.099339440662103679e-03
8.437897366874187038e-03
7.164491771635979334e-03
8.045110200871778694e-03
5.475776344175883881e-03
7.500966230156027453e-03
6.313381153632716646e-03
8.129578456031001307e-03
7.691062495507895377e-03
7.053394875299321895e-03
8.953101126810665902e-03
8.951510620453283565e-03
5.696958922560645296e-03
9.693951064642753954e-03
8.218597319175464933e-03
6.689532475390307618e-03
7.892174572226700116e-03
8.753885442496308136e-03
7.692265845854685986e-03
1.314303455648432699e-02
8.713601547772061723e-03
9.115780759074014125e-03
7.595483531887338956e-03
7.228485874231306042e-03
6.355318307545669045e-03
7.762207101331089487e-03
7.548625777452843202e-03
7.527015483038014716e-03
8.039114737484538697e-03
9.099681797221483362e-03
6.750234495145379481e-03
8.350979900081547183e-03
8.212335815312344842e-03
8.051368835493779783e-03
6.967071271713150271e-03
7.936612575135299635e-03
8.082978682848324103e-03
8.060126926967824471e-03
7.243382982865303500e-03
5.789040135898028579e-03
8.103167447814077148e-03
7.488079548256200771e-03
6.461375527284965795e-03
6.470230128027420688e-03
7.157107659490940382e-03
6.482291828006868199e-03
8.891020945815598930e-03
5.920989586497797143e-03
7.286895773379405486e-03
7.651578271004287612e-03
7.935077152742225567e-03
8.367779843038528412e-03
8.921513791354442752e-03
7.326830904176761562e-03
7.806360178772142958e-03
6.466564643405983172e-03
8.212407557047132073e-03
6.786805289985867705e-03
7.461912126765866266e-03
9.275800588507359876e-03
8.238647433879741147e-03
7.436818325076021211e-03
8.059679000769690016e-03
8.110335771030803206e-03
7.688659002618301007e-03
9.723185680426328636e-03
7.801597804857526505e-03
7.160734969603958083e-03
8.131678986881343829e-03
7.457945605321212104e-03
9.484164060996213078e-03
8.388081058759978142e-03
6.979792768411547353e-03
7.586569875061314680e-03
9.939558915417347207e-03
8.118159810883717603e-03
7.629600745736724379e-03
8.416553293638339567e-03
9.217531219993297179e-03
7.136885107665544813e-03
9.442584733457085391e-03
7.726860189069159959e-03
8.901625905920187640e-03
9.448682425522460931e-03
8.826559044762163908e-03
9.758789360310072061e-03
1.146886513546514774e-02
7.403622093177056676e-03
9.868997791327318789e-03
6.956875743026928564e-03
7.298285340544350373e-03
8.835938873513136602e-03
1.221833955185749540e-02
7.925134646092396942e-03
8.924353844261620136e-03
8.549252930911962339e-03
6.348919171853931002e-03
8.381299391374538721e-03
6.845409664214804901e-03
6.831091331199132428e-03
7.367332183521798326e-03
9.176201123625611633e-03
9.174039975228431149e-03
7.449578833155017302e-03
7.639614318277301516e-03
6.192424764058363645e-03
6.248444964735520336e-03
8.438381049001006384e-03
6.578698865584979572e-03
7.541769094209471204e-03
6.810196814028684868e-03
7.271853753043143465e-03
6.918520668968747636e-03
1.158969465642513408e-02
7.691541608337833756e-03
1.006515951099364731e-02
8.095767518648435204e-03
8.947692982583887664e-03
8.387321585618928016e-03
7.985067797718388080e-03
7.140026643854149521e-03
7.294125803392635665e-03
8.386315992195169863e-03
7.044408122425011368e-03
7.518138743520311890e-03
8.255838674581215259e-03
9.931409493415119943e-03
8.923435172467006349e-03
5.892384715148813942e-03
9.204409980515927334e-03
1.049283996311279298e-02
7.189141300836122093e-03
6.253774028310036745e-03
8.594570500227481993e-03
7.173028523873215337e-03
8.712674830857507907e-03
7.194748757987334299e-03
7.175866318916293909e-03
9.153621264788120923e-03
8.945242816919586615e-03
6.897297128931082107e-03
6.515290211813066189e-03
8.980927188106096332e-03
8.366726907597377139e-03
6.311181280348012075e-03
7.722046771262934366e-03
7.578704396623192098e-03
7.752841081803641884e-03
7.555320064188197210e-03
7.496429153539649511e-03
8.504928767709253948e-03
7.785349003168206584e-03
7.815987695558239412e-03
8.979683024485424561e-03
8.183422138952281197e-03
8.204668445703536608e-03
7.873791724198392003e-03
1.456473450105199435e-02
8.608656273395345546e-03
7.415685567690077223e-03
9.558392237984294354e-03
7.478551807500030332e-03
6.708564376755696279e-03
9.363851129485137315e-03
7.767948112135362841e-03
7.684600966102086116e-03
7.566486916526776220e-03
7.497986874050827262e-03
7.577741243278813578e-03
1.179090636285075322e-02
8.400491823706142738e-03
8.525018779404159794e-03
8.212787410837665142e-03
7.149792322150402141e-03
7.376391840753114201e-03
8.517681986501338121e-03
6.920843799507880346e-03
6.837264363275623140e-03
8.380874839323169956e-03
6.991511634398307057e-03
6.847539462800415755e-03
8.212306831740954702e-03
6.965963170988694921e-03
8.875444854023034277e-03
7.031415982630052040e-03
7.267055853239598462e-03
7.377954232145892723e-03
7.047984475732385103e-03
5.971821901066444102e-03
7.335339035149560094e-03
7.045675331210062356e-03
6.739681160978457097e-03
6.668207512650748889e-03
9.748601945031080268e-03
7.440630122896234148e-03
7.269593738697462983e-03
5.482283806187821483e-03
6.888474136530098324e-03
7.524266803017209959e-03
7.649953790750506008e-03
7.417400100288381974e-03
8.670353731020982030e-03
7.327303488202242809e-03
6.144647903662872439e-03
6.751026032289334650e-03
7.742659472498528844e-03
6.832885787387479350e-03
7.688367618858898793e-03
8.784931327343136268e-03
6.802443952082586412e-03
7.917106211179792546e-03
7.912255970466137989e-03
7.726482345338534473e-03
8.959022728910800287e-03
8.042767106265011692e-03
7.259030140580210316e-03
9.318498683040738265e-03
8.152673658393179423e-03
8.613825319725898835e-03
7.420846181835455586e-03
6.902302598134720489e-03
9.575546930583838171e-03
8.145162742920404944e-03
9.759435403737547199e-03
8.038805937052957359e-03
1.040649480687970418e-02
7.436234334729164425e-03
8.685029082823973734e-03
5.912889795658012732e-03
8.074810968810266359e-03
6.905964865243647242e-03
6.943231263241706440e-03
8.498351766166744106e-03
7.305751886173232103e-03
5.755660795930469219e-03
1.005163000410641549e-02
6.384557329018204948e-03
6.344564916612573623e-03
8.945496626877066579e-03
6.608214658965300137e-03
6.596438598552804150e-03
7.060920539357480596e-03
6.221639569952341561e-03
7.615106323870506760e-03
8.941603802446606783e-03
6.393970970924258215e-03
7.371482543686054892e-03
6.719454499997140617e-03
8.078851028294087300e-03
7.461278539889460402e-03
6.670296259331003758e-03
7.412234425233978422e-03
6.049072102155913892e-03
6.549931913164014179e-03
6.024518498389565269e-03
5.448276118270781350e-03
7.829962991042731593e-03
5.410681409590437606e-03
7.505623872785584585e-03
7.132240073551700081e-03
6.264866181660674362e-03
6.343114555730026624e-03
8.084896963665206063e-03
7.058703751216463540e-03
6.670970894778850864e-03
7.596321189157375156e-03
6.201341985131989844e-03
6.285822587754592329e-03
7.340399994105129000e-03
6.670895642327237876e-03
7.569632298943433125e-03
7.436061426865653821e-03
5.550570406445986572e-03
8.583660309555875625e-03
7.911144990861273402e-03
7.456325014593989838e-03
8.722202475543738148e-03
6.823783233099442458e-03
7.728787868039080702e-03
9.856382028314857741e-03
1.105334245863385731e-02
1.450870847278735477e-02
6.901960943250550970e-03
1.242942798024065411e-02
8.757953987076053451e-03
9.586018181222370413e-03
1.216212651367317744e-02
1.022152104936694707e-02
9.597944943702509113e-03
1.392791771856794446e-02
1.501068087089370284e-02
1.150949008897847112e-02
1.036534739643428515e-02
1.024789963559802342e-02
1.004784439565068084e-02
1.119603325407439454e-02
1.043286592928823614e-02
1.059494136130692890e-02
8.798947009908424446e-03
7.937054094238265439e-03
1.151852200666942175e-02
1.099609926130792718e-02
8.899414324846258856e-03
8.541345063097876417e-03
1.176516999879742911e-02
9.617425885408073874e-03
9.753355845057697440e-03
7.882908517424834852e-03
1.333594596513426947e-02
1.259705612373331063e-02
9.228219150596645576e-03
9.009394621812286119e-03
1.149341177753986434e-02
7.146236901277132174e-03
1.067026396674969520e-02
9.908987304199491294e-03
8.761521288759711867e-03
1.172754519397990053e-02
1.023568636957618815e-02
1.139015900033527387e-02
9.658402985146103542e-03
1.168319426379800172e-02
1.377669011298810441e-02
1.381904606349374821e-02
1.708792593845535890e-02
1.142490208544113053e-02
1.215524878404731016e-02
9.247487618490918618e-03
1.128044784174339794e-02
1.052637853673987420e-02
1.134394800981413341e-02
1.336059024975223310e-02
9.109525087984385663e-03
1.492114445453919178e-02
9.635799614366200722e-03
1.060694194416170362e-02
9.496790485004845059e-03
8.671447508005244303e-03
8.686521768938514423e-03
8.973825973721897761e-03
8.714740831250209624e-03
8.222093775722459988e-03
1.053930589392693302e-02
8.461424714165808464e-03
9.117855042370918636e-03
7.272535869139377766e-03
1.278263831037180012e-02
8.526465067004463175e-03
7.849582447139440838e-03
9.382854837043189469e-03
7.828419612138422939e-03
7.155185416273185731e-03
8.256207898439520479e-03
8.260281378748160833e-03
9.718333130731652073e-03
1.051016113456662744e-02
