1.710167987402421951e+09
1.710167988909835100e+09
1.710167990417325974e+09
1.710167991949883938e+09
1.710167993573158026e+09
1.710167995174411058e+09
1.710167996774355888e+09
1.710167998350346088e+09
1.710167999834846020e+09
1.710168001319344997e+09
1.710168002803742886e+09
1.710168004358688116e+09
1.710168005960030079e+09
1.710168007559533119e+09
1.710168009159495115e+09
1.710168010760114908e+09
1.710168012360311031e+09
1.710168013960225105e+09
1.710168015560734034e+09
1.710168017160428047e+09
1.710168018760555029e+09
1.710168020361402988e+09
1.710168021961905956e+09
1.710168023562256098e+09
1.710168025162802935e+09
1.710168026762496948e+09
1.710168028362162113e+09
1.710168029962873936e+09
1.710168031562663078e+09
1.710168033163007975e+09
1.710168034763139963e+09
1.710168036363591909e+09
1.710168037963453054e+09
1.710168039563551903e+09
1.710168041163983107e+09
1.710168042763839006e+09
1.710168044363909006e+09
1.710168045964416981e+09
1.710168047564449072e+09
1.710168049165157080e+09
1.710168050764787912e+09
1.710168052365242958e+09
1.710168053965604067e+09
1.710168055565937042e+09
1.710168057166479111e+09
1.710168058718758106e+09
1.710168060202959061e+09
1.710168061687280893e+09
1.710168063173367023e+09
1.710168064773536921e+09
1.710168066373610973e+09
1.710168067974183083e+09
1.710168069574585915e+09
1.710168071174792051e+09
1.710168072775367975e+09
1.710168074375701904e+09
1.710168075975950956e+09
1.710168077576067924e+09
1.710168079153712988e+09
1.710168080636447906e+09
1.710168082120634079e+09
1.710168083604526043e+09
1.710168085160263062e+09
1.710168086759428978e+09
1.710168088359805107e+09
1.710168089959693909e+09
1.710168091560532093e+09
1.710168093161576986e+09
1.710168094761288881e+09
1.710168096361954927e+09
1.710168097962783098e+09
1.710168099562542915e+09
1.710168101161988974e+09
1.710168102763297081e+09
1.710168104362756014e+09
1.710168105963397026e+09
1.710168107563782930e+09
1.710168109163690090e+09
1.710168110763576984e+09
1.710168112363044977e+09
1.710168113940334082e+09
1.710168115540946007e+09
1.710168117141320944e+09
1.710168118694185972e+09
1.710168120178436995e+09
1.710168121672527075e+09
1.710168123149208069e+09
1.710168124748852968e+09
1.710168126350146055e+09
1.710168127950261116e+09
1.710168129550856113e+09
1.710168131150726080e+09
1.710168132751084089e+09
1.710168134352464914e+09
1.710168135951874971e+09
1.710168137552607059e+09
1.710168139152797937e+09
1.710168140753741026e+09
1.710168142354630947e+09
1.710168143954794884e+09
1.710168145555067062e+09
1.710168147155787945e+09
1.710168148755002975e+09
1.710168150355571032e+09
1.710168151956327915e+09
1.710168153556413889e+09
1.710168155156658888e+09
1.710168156756587029e+09
1.710168158357086897e+09
1.710168159958695889e+09
1.710168161557185888e+09
1.710168163156833887e+09
1.710168164757143021e+09
1.710168166357208014e+09
1.710168167957493067e+09
1.710168169558058977e+09
1.710168171158104897e+09
1.710168172757930040e+09
1.710168174358134985e+09
1.710168175958291054e+09
1.710168177558626890e+09
1.710168179159368992e+09
1.710168180759732008e+09
1.710168182359740973e+09
1.710168183960266113e+09
1.710168185560715914e+09
1.710168187160384893e+09
1.710168188761002064e+09
1.710168190360735893e+09
1.710168191962228060e+09
1.710168193561738014e+09
1.710168195161423922e+09
1.710168196761923075e+09
1.710168198362339973e+09
1.710168199962594032e+09
1.710168201562916040e+09
1.710168203163141966e+09
1.710168204763370037e+09
1.710168206364003897e+09
1.710168207964246988e+09
1.710168209564907074e+09
1.710168211164880037e+09
1.710168212766148090e+09
1.710168214366303921e+09
1.710168215965737104e+09
1.710168217566571951e+09
1.710168219167058945e+09
1.710168220766978979e+09
1.710168222366877079e+09
1.710168223967077971e+09
1.710168225567796946e+09
1.710168227168878078e+09
1.710168228767505884e+09
1.710168230368097067e+09
1.710168231967685938e+09
1.710168233568428040e+09
1.710168235168889046e+09
1.710168236769597054e+09
1.710168238369889975e+09
1.710168239969341993e+09
1.710168241571732044e+09
1.710168243170830965e+09
1.710168244771667004e+09
1.710168246372126102e+09
1.710168247971796036e+09
1.710168249572184086e+09
1.710168251172425032e+09
1.710168252775497913e+09
1.710168254373812914e+09
1.710168255974252939e+09
1.710168257573842049e+09
1.710168259174268007e+09
1.710168260775398970e+09
1.710168262375071049e+09
1.710168263975218058e+09
1.710168265575566053e+09
1.710168267175497055e+09
1.710168268775799990e+09
1.710168270377135038e+09
1.710168271977386951e+09
1.710168273577131987e+09
1.710168275177186012e+09
1.710168276777548075e+09
1.710168278377257109e+09
1.710168279977458954e+09
1.710168281577519894e+09
1.710168283177791119e+09
1.710168284778163910e+09
1.710168286378711939e+09
1.710168287977854967e+09
1.710168289578150034e+09
1.710168291178591013e+09
1.710168292778675079e+09
1.710168294378669977e+09
1.710168295979603052e+09
1.710168297579015970e+09
1.710168299179267883e+09
1.710168300779531956e+09
1.710168302379981041e+09
1.710168303979794979e+09
1.710168305580610037e+09
1.710168307180593967e+09
1.710168308781078100e+09
1.710168310381268978e+09
1.710168311981519938e+09
1.710168313582602978e+09
1.710168315181747913e+09
1.710168316782289982e+09
1.710168318382757902e+09
1.710168319983455896e+09
1.710168321583760977e+09
1.710168323183290958e+09
1.710168324783788919e+09
1.710168326313028097e+09
1.710168327797003031e+09
1.710168329281208038e+09
1.710168330812822104e+09
1.710168332412491083e+09
1.710168334012532949e+09
1.710168335612279892e+09
1.710168337212304115e+09
1.710168338812185049e+09
1.710168340412178040e+09
1.710168342012417078e+09
1.710168343611994982e+09
1.710168345211833954e+09
1.710168346812436104e+09
1.710168348411441088e+09
1.710168350012320042e+09
1.710168351611952066e+09
1.710168353212748051e+09
1.710168354811955929e+09
1.710168356411878109e+09
1.710168358011806965e+09
1.710168359611774921e+09
1.710168361212071896e+09
1.710168362811764956e+09
1.710168364411695004e+09
1.710168366012911081e+09
1.710168367612310886e+09
1.710168369212388992e+09
1.710168370812800884e+09
1.710168372411679983e+09
1.710168374011965990e+09
1.710168375611804008e+09
1.710168377212009907e+09
1.710168378812053919e+09
1.710168380412919044e+09
1.710168382011780977e+09
1.710168383611773968e+09
1.710168385212061882e+09
1.710168386811587095e+09
1.710168388411303997e+09
1.710168390011610031e+09
1.710168391612189054e+09
1.710168393211827993e+09
1.710168394811760902e+09
1.710168396413060904e+09
1.710168398010870934e+09
1.710168399611970901e+09
1.710168401211393118e+09
1.710168402811211109e+09
1.710168404411571026e+09
1.710168406010886908e+09
1.710168407611000061e+09
1.710168409210920095e+09
1.710168410811759949e+09
1.710168412411175966e+09
1.710168414010665894e+09
1.710168415610598087e+09
1.710168417211152077e+09
1.710168418811835051e+09
1.710168420411478043e+09
1.710168422013475895e+09
1.710168423611527920e+09
1.710168425211678028e+09
1.710168426811959982e+09
1.710168428412369967e+09
1.710168430012198925e+09
1.710168431541232109e+09
1.710168433025408983e+09
1.710168434509305954e+09
1.710168436041138887e+09
1.710168437641239882e+09
1.710168439240803957e+09
1.710168440840293884e+09
1.710168442440640926e+09
1.710168444041376114e+09
1.710168445640770912e+09
1.710168447241516113e+09
1.710168448841206074e+09
1.710168450440207005e+09
1.710168452042984962e+09
1.710168453640856028e+09
1.710168455242568970e+09
1.710168456842108965e+09
1.710168458441981077e+09
1.710168460041691065e+09
1.710168461642870903e+09
1.710168463242222071e+09
1.710168464842859983e+09
1.710168466443108082e+09
1.710168468042809963e+09
1.710168469642685890e+09
1.710168471243268013e+09
1.710168472843426943e+09
1.710168474443136930e+09
1.710168476043176889e+09
1.710168477643309116e+09
1.710168479243689060e+09
1.710168480866710901e+09
1.710168482466746092e+09
1.710168484067631006e+09
1.710168485667834044e+09
1.710168487291882992e+09
1.710168488892330885e+09
1.710168490492321968e+09
1.710168492092731953e+09
1.710168493693299055e+09
1.710168495293797970e+09
1.710168496894282103e+09
1.710168498495342016e+09
1.710168500095019102e+09
1.710168501695425034e+09
1.710168503296245098e+09
1.710168504896435976e+09
1.710168506497198105e+09
1.710168508098114967e+09
1.710168509697942972e+09
1.710168511298208952e+09
1.710168512899570942e+09
1.710168514499340057e+09
1.710168516099256039e+09
1.710168517699632883e+09
1.710168519300821066e+09
1.710168520901030064e+09
1.710168522501353025e+09
1.710168524101531029e+09
1.710168525726051092e+09
1.710168527326174021e+09
1.710168528926976919e+09
1.710168530526675940e+09
1.710168532127264023e+09
1.710168533728132010e+09
1.710168535328231096e+09
1.710168536929069996e+09
1.710168538528717995e+09
1.710168540129376888e+09
1.710168541730257034e+09
1.710168543330420017e+09
1.710168544954595089e+09
1.710168546553988934e+09
1.710168548038527966e+09
1.710168549523062944e+09
1.710168551007703066e+09
1.710168552564774036e+09
1.710168554163927078e+09
1.710168555765163898e+09
1.710168557364820004e+09
1.710168558965519905e+09
1.710168560565767050e+09
1.710168562165987015e+09
1.710168563766671896e+09
1.710168565367625952e+09
1.710168566969135046e+09
1.710168568568437099e+09
1.710168570168159962e+09
1.710168571768907070e+09
1.710168573369153023e+09
1.710168574970069885e+09
1.710168576569992065e+09
1.710168578170058966e+09
1.710168579770629883e+09
1.710168581370599985e+09
1.710168582994555950e+09
1.710168584595551968e+09
1.710168586195492983e+09
1.710168587795917034e+09
1.710168589395931005e+09
1.710168590996984959e+09
1.710168592596875906e+09
1.710168594198182106e+09
1.710168595798383951e+09
1.710168597374485970e+09
1.710168598858999014e+09
1.710168600343451023e+09
1.710168601827991009e+09
1.710168603383610010e+09
1.710168604984098911e+09
1.710168606560487032e+09
1.710168608044951916e+09
1.710168609529409885e+09
1.710168611014125109e+09
1.710168612593450069e+09
1.710168614194714069e+09
1.710168615795809031e+09
1.710168617397231102e+09
1.710168618998595953e+09
1.710168620598851919e+09
1.710168622199882030e+09
1.710168623801980972e+09
1.710168625402837038e+09
1.710168627027535915e+09
1.710168628628437042e+09
1.710168630229334116e+09
1.710168631830126047e+09
1.710168633431680918e+09
1.710168635033447027e+09
1.710168636634076118e+09
1.710168638235100031e+09
1.710168639835864067e+09
1.710168641436655998e+09
1.710168643038547039e+09
1.710168644638880968e+09
1.710168646239270926e+09
1.710168647840439081e+09
1.710168649441432953e+09
1.710168651043006897e+09
1.710168652643650055e+09
1.710168654243063927e+09
1.710168655844306946e+09
1.710168657444888115e+09
1.710168659045926094e+09
1.710168660646573067e+09
1.710168662247700930e+09
1.710168663848488092e+09
1.710168665449364901e+09
1.710168667050242901e+09
1.710168668651926994e+09
1.710168670251970053e+09
1.710168671852603912e+09
1.710168673453486919e+09
1.710168675054115057e+09
1.710168676654684067e+09
1.710168678256009102e+09
1.710168679856916904e+09
1.710168681457561016e+09
1.710168683058195114e+09
1.710168684661961079e+09
1.710168686259643078e+09
1.710168687860512018e+09
1.710168689461606026e+09
1.710168691061820030e+09
1.710168692662681103e+09
1.710168694263187885e+09
1.710168695864223003e+09
1.710168697465060949e+09
1.710168699066873074e+09
1.710168700667141914e+09
1.710168702267827034e+09
1.710168703867997885e+09
1.710168705468800068e+09
1.710168707070148945e+09
1.710168708671443939e+09
1.710168710272773027e+09
1.710168711873997927e+09
1.710168713475194931e+09
1.710168715076205969e+09
1.710168716677216053e+09
1.710168718278636932e+09
1.710168719879339933e+09
1.710168721432563066e+09
1.710168722917767048e+09
1.710168724402682066e+09
1.710168725911890984e+09
1.710168727512228012e+09
1.710168729112299919e+09
1.710168730712091923e+09
1.710168732312464952e+09
1.710168733912681103e+09
1.710168735512962103e+09
1.710168737113087893e+09
1.710168738713757038e+09
1.710168740313513041e+09
1.710168741914496899e+09
1.710168743514261961e+09
1.710168745114152908e+09
1.710168746714258909e+09
1.710168748314279079e+09
1.710168749915469885e+09
1.710168751516000986e+09
1.710168753115778923e+09
1.710168754738457918e+09
1.710168756338608980e+09
1.710168757938667059e+09
1.710168759542217970e+09
1.710168761139249086e+09
1.710168762740065098e+09
1.710168764339667082e+09
1.710168765939863920e+09
1.710168767540644884e+09
1.710168769140414953e+09
1.710168770740297079e+09
1.710168772340929031e+09
1.710168773917001009e+09
1.710168775404637098e+09
1.710168776886333942e+09
1.710168778418299913e+09
1.710168780018666983e+09
1.710168781618536949e+09
1.710168783218878984e+09
1.710168784819839001e+09
1.710168786420335054e+09
1.710168787949469090e+09
1.710168789434242010e+09
1.710168790918935061e+09
1.710168792451422930e+09
1.710168794051892996e+09
1.710168795652551889e+09
1.710168797252052069e+09
1.710168798851929903e+09
1.710168800452492952e+09
1.710168802053085089e+09
1.710168803652795076e+09
1.710168805253149986e+09
1.710168806854283094e+09
1.710168808454636097e+09
1.710168810055140018e+09
1.710168811655525923e+09
1.710168813255569935e+09
1.710168814855845928e+09
1.710168816459130049e+09
1.710168818056227922e+09
1.710168819656474113e+09
1.710168821280556917e+09
1.710168822880963087e+09
1.710168824481028080e+09
1.710168826081367016e+09
1.710168827682051897e+09
1.710168829281910896e+09
1.710168830883696079e+09
1.710168832483767033e+09
1.710168834083935976e+09
1.710168835683281898e+09
1.710168837284312010e+09
1.710168838885404110e+09
1.710168840484857082e+09
1.710168842085279942e+09
1.710168843685471058e+09
1.710168845285429001e+09
1.710168846887247086e+09
1.710168848487263918e+09
1.710168850087050915e+09
1.710168851693726063e+09
1.710168853311336994e+09
1.710168854911819935e+09
1.710168856511785984e+09
1.710168858111535072e+09
1.710168859711126089e+09
1.710168861312916040e+09
1.710168862912628889e+09
1.710168864512926102e+09
1.710168866113321066e+09
1.710168867713840961e+09
1.710168869313590050e+09
1.710168870913918972e+09
1.710168872514174938e+09
1.710168874114716053e+09
1.710168875715430975e+09
1.710168877315085888e+09
1.710168878914849997e+09
1.710168880515556097e+09
1.710168882115405083e+09
1.710168883716300964e+09
1.710168885315701008e+09
1.710168886916070938e+09
1.710168888515769958e+09
1.710168890116244078e+09
1.710168891740063906e+09
1.710168893339555979e+09
1.710168894939626932e+09
1.710168896539238930e+09
1.710168898137658119e+09
1.710168899622057915e+09
1.710168901106240034e+09
1.710168902590411901e+09
1.710168904145558119e+09
1.710168905746457100e+09
1.710168907346513987e+09
1.710168908947504997e+09
1.710168910570466042e+09
1.710168912173460960e+09
1.710168913772034883e+09
1.710168915371429920e+09
1.710168916972256899e+09
1.710168918571999073e+09
1.710168920172310114e+09
1.710168921771697998e+09
1.710168923372019053e+09
1.710168924971649885e+09
1.710168926455960989e+09
1.710168927940257072e+09
1.710168929424712896e+09
1.710168930979916096e+09
1.710168932580014944e+09
1.710168934179753065e+09
1.710168935780565977e+09
1.710168937379817009e+09
1.710168938979804039e+09
1.710168940579785109e+09
1.710168942179569006e+09
1.710168943780273914e+09
1.710168945379647970e+09
1.710168946979214907e+09
1.710168948579741955e+09
1.710168950179961920e+09
1.710168951780278921e+09
1.710168953381212950e+09
1.710168954980859995e+09
1.710168956580831051e+09
1.710168958180803061e+09
1.710168959780874014e+09
1.710168961404141903e+09
1.710168963004545927e+09
1.710168964604170084e+09
1.710168966205713987e+09
1.710168967803833961e+09
1.710168969404170036e+09
1.710168971004328966e+09
1.710168972604785919e+09
1.710168974204746008e+09
1.710168975804744005e+09
1.710168977404804945e+09
1.710168979005384922e+09
1.710168980605585098e+09
1.710168982206054926e+09
1.710168983805573940e+09
1.710168985405463934e+09
1.710168987028961897e+09
1.710168988652383089e+09
1.710168990251940966e+09
1.710168991852561951e+09
1.710168993453119993e+09
1.710168995053071976e+09
1.710168996652570963e+09
1.710168998252393961e+09
1.710168999852309942e+09
1.710169001453197956e+09
1.710169003052294016e+09
1.710169004652879000e+09
1.710169006275854111e+09
1.710169007875047922e+09
1.710169009473834038e+09
1.710169011074491978e+09
1.710169012674446106e+09
1.710169014273927927e+09
1.710169015874540091e+09
1.710169017474343061e+09
1.710169019073494911e+09
1.710169020673460007e+09
1.710169022273458958e+09
1.710169023872872114e+09
1.710169025473268032e+09
1.710169027072093964e+09
1.710169028672872066e+09
1.710169030271477938e+09
1.710169031871809959e+09
1.710169033471108913e+09
1.710169035070727110e+09
1.710169036670990944e+09
1.710169038272211075e+09
1.710169039870547056e+09
1.710169041471271038e+09
1.710169043070341110e+09
1.710169044670974970e+09
1.710169046270373106e+09
1.710169047870124102e+09
1.710169049470676899e+09
1.710169051070266008e+09
1.710169052671478033e+09
1.710169054272425890e+09
1.710169055872148991e+09
1.710169057473829985e+09
1.710169059074682951e+09
1.710169060674710035e+09
1.710169062276277065e+09
1.710169063876019001e+09
1.710169065477946043e+09
1.710169067078084946e+09
1.710169068678838015e+09
1.710169070279017925e+09
1.710169071879445076e+09
1.710169073479269028e+09
1.710169075079282999e+09
1.710169076679058075e+09
1.710169078279046059e+09
1.710169079880899906e+09
1.710169081478099108e+09
1.710169083101131916e+09
1.710169084700429916e+09
1.710169086300563097e+09
1.710169087900201082e+09
1.710169089499835968e+09
1.710169091100898981e+09
1.710169092698539019e+09
1.710169094298413038e+09
1.710169095897977114e+09
1.710169097497754097e+09
1.710169099097498894e+09
1.710169100696974993e+09
1.710169102296686888e+09
1.710169103896277905e+09
1.710169105496763945e+09
1.710169107095455885e+09
1.710169108695373058e+09
1.710169110295340061e+09
1.710169111895448923e+09
1.710169113494715929e+09
1.710169115094212055e+09
1.710169116693810940e+09
1.710169118293418884e+09
1.710169119896111012e+09
1.710169121493330002e+09
1.710169123093158007e+09
1.710169124692243099e+09
1.710169126292923927e+09
1.710169127892183065e+09
1.710169129492012024e+09
1.710169131091974020e+09
1.710169132691380978e+09
1.710169134291078091e+09
1.710169135820606947e+09
1.710169137304404020e+09
1.710169138788085938e+09
1.710169140296559095e+09
1.710169141895745039e+09
1.710169143495557070e+09
1.710169145096553087e+09
1.710169146695547104e+09
1.710169148295681953e+09
1.710169149895874023e+09
1.710169151496284008e+09
1.710169153095752001e+09
1.710169154697108984e+09
1.710169156295844078e+09
1.710169157895740032e+09
1.710169159495580912e+09
1.710169161095676899e+09
1.710169162696023941e+09
1.710169164296744108e+09
1.710169165896141052e+09
1.710169167496478081e+09
1.710169169096314907e+09
1.710169170696784973e+09
1.710169172296557903e+09
1.710169173896811962e+09
1.710169175496844053e+09
1.710169177096561909e+09
1.710169178696826935e+09
1.710169180296941042e+09
1.710169181897072077e+09
1.710169183497174978e+09
1.710169185102354050e+09
1.710169186698229074e+09
1.710169188298407078e+09
1.710169189898572922e+09
1.710169191498471022e+09
1.710169193098965883e+09
1.710169194699412107e+09
1.710169196299906015e+09
1.710169197899893045e+09
1.710169199406213999e+09
1.710169200890589952e+09
1.710169202374674082e+09
1.710169203907476902e+09
1.710169205506613970e+09
1.710169207082382917e+09
1.710169208566561937e+09
1.710169210050745010e+09
1.710169211534986973e+09
1.710169213113353014e+09
1.710169214714195013e+09
1.710169216313975096e+09
1.710169217914130926e+09
1.710169219514476061e+09
1.710169221114476919e+09
1.710169222738712072e+09
1.710169224338597059e+09
1.710169225937876940e+09
1.710169227538647890e+09
1.710169229139019012e+09
1.710169230738782883e+09
1.710169232338973999e+09
1.710169233939415932e+09
1.710169235539962053e+09
1.710169237163516998e+09
1.710169238762801886e+09
1.710169240363075972e+09
1.710169241963550091e+09
1.710169243563718081e+09
1.710169245164107084e+09
1.710169246766005993e+09
1.710169248365300894e+09
1.710169249964554071e+09
1.710169251564666986e+09
1.710169253164725065e+09
1.710169254765063047e+09
1.710169256387662888e+09
1.710169257988565922e+09
1.710169259589319944e+09
1.710169261189440012e+09
1.710169262790822029e+09
1.710169264390846968e+09
1.710169265990672112e+09
1.710169267591075897e+09
1.710169269190953016e+09
1.710169270792057991e+09
1.710169272392149925e+09
1.710169273991930008e+09
1.710169275592026949e+09
1.710169277193090916e+09
1.710169278792927980e+09
1.710169280391980886e+09
1.710169281992634058e+09
1.710169283592912912e+09
1.710169285193825960e+09
1.710169286794675112e+09
1.710169288394407988e+09
1.710169289993814945e+09
1.710169291595228910e+09
1.710169293194734097e+09
1.710169294795080900e+09
1.710169296395371914e+09
1.710169297995400906e+09
1.710169299595674992e+09
1.710169301195657969e+09
1.710169302796232939e+09
1.710169304397375107e+09
1.710169305996767044e+09
1.710169307596735954e+09
1.710169309197026014e+09
1.710169310797406912e+09
1.710169312397876024e+09
1.710169313952693939e+09
1.710169315434587955e+09
1.710169316919023037e+09
1.710169318426351070e+09
1.710169319910439968e+09
1.710169321394568920e+09
1.710169322878684998e+09
1.710169324432146072e+09
1.710169325916295052e+09
1.710169327400569916e+09
1.710169328885015965e+09
1.710169330463027954e+09
1.710169332063476086e+09
1.710169333663166046e+09
1.710169335263366938e+09
1.710169336863293886e+09
1.710169338463537931e+09
1.710169340087419033e+09
1.710169341687505007e+09
1.710169343310419083e+09
1.710169344911165953e+09
1.710169346510844946e+09
1.710169348111022949e+09
1.710169349711412907e+09
1.710169351311297894e+09
1.710169352912157059e+09
1.710169354511990070e+09
1.710169356112023115e+09
1.710169357712321997e+09
1.710169359312161922e+09
1.710169360913870096e+09
1.710169362512563944e+09
1.710169364112400055e+09
1.710169365712686062e+09
1.710169367313224077e+09
1.710169368914011002e+09
1.710169370513849020e+09
1.710169372113862038e+09
1.710169373713720083e+09
1.710169375313195944e+09
1.710169376936661959e+09
1.710169378536914110e+09
1.710169380137341976e+09
1.710169381739073992e+09
1.710169383337255001e+09
1.710169384940208912e+09
1.710169386466732979e+09
1.710169387950865984e+09
1.710169389435691118e+09
1.710169390967334986e+09
1.710169392566965103e+09
1.710169394167237043e+09
1.710169395767582893e+09
1.710169397367527008e+09
1.710169398968297005e+09
1.710169400567770958e+09
1.710169402167767048e+09
1.710169403791249990e+09
1.710169405390309095e+09
1.710169406990530014e+09
1.710169408590451956e+09
1.710169410190608978e+09
1.710169411790518999e+09
1.710169413390934944e+09
1.710169414990725994e+09
1.710169416590075016e+09
1.710169418190803051e+09
1.710169419790915012e+09
1.710169421391551018e+09
1.710169422990899086e+09
1.710169424590794086e+09
1.710169426190529108e+09
1.710169427790354013e+09
1.710169429390799999e+09
1.710169430990724087e+09
1.710169432591495037e+09
1.710169434190834045e+09
1.710169435791135073e+09
1.710169437391200066e+09
1.710169438991338015e+09
1.710169440591675043e+09
1.710169442191680908e+09
1.710169443791704893e+09
1.710169445391494036e+09
1.710169446991794109e+09
1.710169448591865063e+09
1.710169450192709923e+09
1.710169451794827938e+09
1.710169453393259048e+09
1.710169455015877962e+09
1.710169456615566969e+09
1.710169458215774059e+09
1.710169459816677094e+09
1.710169461416210890e+09
1.710169463017456055e+09
1.710169464616180897e+09
1.710169466215497971e+09
1.710169467815917969e+09
1.710169469416704893e+09
1.710169471016247034e+09
1.710169472616220951e+09
1.710169474239876032e+09
1.710169475839941025e+09
1.710169477440320015e+09
1.710169479040636063e+09
1.710169480663336039e+09
1.710169482263324022e+09
1.710169483862898111e+09
1.710169485462665081e+09
1.710169487063555002e+09
1.710169488662970066e+09
1.710169490263596058e+09
1.710169491863718033e+09
1.710169493463079929e+09
1.710169495063424110e+09
1.710169496663347960e+09
1.710169498263823986e+09
1.710169499863858938e+09
1.710169501464088917e+09
1.710169503064851046e+09
1.710169504664894104e+09
1.710169506266032934e+09
1.710169507866688967e+09
1.710169509466146946e+09
1.710169511066466093e+09
1.710169512666702986e+09
1.710169514267565966e+09
1.710169515867980003e+09
1.710169517469044924e+09
1.710169519070305109e+09
1.710169520670612097e+09
1.710169522271321058e+09
1.710169523871664047e+09
1.710169525472671986e+09
1.710169527073177099e+09
1.710169528673963070e+09
1.710169530274415970e+09
1.710169531876873016e+09
1.710169533475591898e+09
1.710169535076452971e+09
1.710169536678055048e+09
1.710169538279866934e+09
1.710169539879652977e+09
1.710169541480737925e+09
1.710169543080588102e+09
1.710169544680792093e+09
1.710169546281919956e+09
1.710169547882421017e+09
1.710169549482812881e+09
1.710169551083188057e+09
1.710169552683557987e+09
1.710169554283967972e+09
1.710169555884983063e+09
1.710169557484672070e+09
1.710169559084717035e+09
1.710169560683896065e+09
1.710169562283678055e+09
1.710169563884193897e+09
1.710169565484050035e+09
1.710169567083164930e+09
1.710169568682777882e+09
1.710169570306087017e+09
1.710169571906563044e+09
1.710169573505465984e+09
1.710169575105792046e+09
1.710169576706581116e+09
1.710169578306107998e+09
1.710169579906074047e+09
1.710169581505825043e+09
1.710169583105058908e+09
1.710169584704256058e+09
1.710169586304228067e+09
1.710169587904663086e+09
1.710169589503801107e+09
1.710169591103554010e+09
1.710169592703907013e+09
1.710169594303076982e+09
1.710169595902982950e+09
1.710169597502969980e+09
1.710169599102991104e+09
1.710169600703211069e+09
1.710169602302983046e+09
1.710169603902295113e+09
1.710169605502125025e+09
1.710169607103423119e+09
1.710169608703156948e+09
1.710169610303539991e+09
1.710169611903449059e+09
1.710169613503326893e+09
1.710169615103157997e+09
1.710169616704046011e+09
1.710169618304195881e+09
1.710169619904166937e+09
1.710169621504504919e+09
1.710169623104728937e+09
1.710169624705250025e+09
1.710169626304462910e+09
1.710169627905740976e+09
1.710169629505470991e+09
1.710169631105314970e+09
1.710169632704972982e+09
1.710169634304496050e+09
1.710169635905292034e+09
1.710169637504744053e+09
1.710169639105062008e+09
1.710169640704719067e+09
1.710169642304641008e+09
1.710169643904803038e+09
1.710169645505403042e+09
1.710169647104659081e+09
1.710169648705034971e+09
1.710169650305102110e+09
1.710169651905013084e+09
1.710169653504714966e+09
1.710169655104897976e+09
1.710169656704699039e+09
1.710169658304647923e+09
1.710169659904215097e+09
1.710169661504000902e+09
1.710169663103995085e+09
1.710169664704516888e+09
1.710169666306354046e+09
1.710169667904220104e+09
1.710169669503830910e+09
1.710169671103872061e+09
1.710169672703530073e+09
1.710169674304728031e+09
1.710169675904268026e+09
1.710169677504050016e+09
1.710169679104099035e+09
1.710169680704029083e+09
1.710169682303200006e+09
1.710169683903587103e+09
1.710169685503197908e+09
1.710169687103758097e+09
1.710169688702784061e+09
1.710169690302807093e+09
1.710169691902920961e+09
1.710169693503288031e+09
1.710169695103064060e+09
1.710169696702908993e+09
1.710169698302587986e+09
1.710169699902543068e+09
1.710169701502357960e+09
1.710169703102493048e+09
1.710169704703002930e+09
1.710169706302759886e+09
1.710169707902724981e+09
1.710169709525794983e+09
1.710169711126754999e+09
1.710169712725332975e+09
1.710169714324357033e+09
1.710169715924134970e+09
1.710169717524326086e+09
1.710169719124603033e+09
1.710169720724888086e+09
1.710169722325090885e+09
1.710169723924987078e+09
1.710169725524625063e+09
1.710169727123420000e+09
1.710169728724133968e+09
1.710169730323916912e+09
1.710169731924093008e+09
1.710169733524133921e+09
1.710169735124155045e+09
1.710169736747760057e+09
1.710169738321928978e+09
1.710169739805598021e+09
1.710169741289565086e+09
1.710169742773299932e+09
1.710169744328689098e+09
1.710169745928075075e+09
1.710169747503176928e+09
1.710169748986886978e+09
1.710169750470634937e+09
1.710169751954480886e+09
1.710169753532236099e+09
1.710169755132114887e+09
1.710169756732167006e+09
1.710169758331789017e+09
1.710169759931760073e+09
1.710169761531631947e+09
1.710169763154881954e+09
1.710169764756042957e+09
1.710169766355098963e+09
1.710169767955514908e+09
1.710169769555335045e+09
1.710169771155807972e+09
1.710169772755872965e+09
1.710169774355828047e+09
1.710169775955713987e+09
1.710169777555304050e+09
1.710169779156207085e+09
1.710169780755480051e+09
1.710169782355401039e+09
1.710169783955303907e+09
1.710169785555445910e+09
1.710169787155842066e+09
1.710169788755835056e+09
1.710169790355294943e+09
1.710169791955328941e+09
1.710169793554636002e+09
1.710169795107459068e+09
1.710169796614696026e+09
1.710169798123400927e+09
1.710169799628763914e+09
1.710169801112678051e+09
1.710169802596625090e+09
1.710169804080470085e+09
1.710169805658081055e+09
1.710169807257016897e+09
1.710169808741033077e+09
1.710169810224807024e+09
1.710169811708658934e+09
1.710169813263489008e+09
1.710169814863941908e+09
1.710169816463726997e+09
1.710169818063107014e+09
1.710169819686269045e+09
1.710169821286564112e+09
1.710169822886496067e+09
1.710169824486479044e+09
1.710169826110666990e+09
1.710169827709358931e+09
1.710169829309150934e+09
1.710169830861891985e+09
1.710169832346107960e+09
1.710169833830102921e+09
1.710169835320024967e+09
1.710169836914658070e+09
1.710169838514707088e+09
1.710169840114727020e+09
1.710169841715279102e+09
1.710169843314470053e+09
1.710169844914906025e+09
1.710169846514422894e+09
1.710169848114027977e+09
1.710169849714052916e+09
1.710169851314675093e+09
1.710169852914402962e+09
1.710169854514594078e+09
1.710169856114188910e+09
1.710169857715274096e+09
1.710169859244087934e+09
1.710169860727920055e+09
1.710169862211841106e+09
1.710169863743647099e+09
1.710169865344118118e+09
1.710169866943717003e+09
1.710169868543606043e+09
1.710169870143532991e+09
1.710169871743778944e+09
1.710169873343425989e+09
1.710169874943835974e+09
1.710169876543879986e+09
1.710169878150053978e+09
1.710169879745110035e+09
1.710169881344178915e+09
1.710169882944591045e+09
1.710169884544656992e+09
1.710169886144685984e+09
1.710169887745085955e+09
1.710169889344794035e+09
1.710169890945317030e+09
1.710169892545320988e+09
1.710169894145092010e+09
1.710169895745292902e+09
1.710169897345338106e+09
1.710169898945250988e+09
1.710169900545155048e+09
1.710169902145910025e+09
1.710169903746196985e+09
1.710169905346807957e+09
1.710169906946640015e+09
1.710169908570569038e+09
1.710169910170948982e+09
1.710169911771368027e+09
1.710169913371427059e+09
1.710169914971343994e+09
1.710169916571557999e+09
1.710169918171298027e+09
1.710169919654786110e+09
1.710169921138803005e+09
1.710169922622937918e+09
1.710169924178066969e+09
1.710169925777821064e+09
1.710169927353209972e+09
1.710169928837156057e+09
1.710169930321098089e+09
1.710169931805113077e+09
1.710169933359683037e+09
1.710169934959681988e+09
1.710169936559762001e+09
1.710169938160087109e+09
1.710169939760835886e+09
1.710169941359636068e+09
1.710169942960443974e+09
1.710169944559966087e+09
1.710169946160022020e+09
1.710169947759835005e+09
1.710169949359549046e+09
1.710169950959258080e+09
1.710169952559202909e+09
1.710169954160002947e+09
1.710169955759624958e+09
1.710169957360188961e+09
1.710169958960233927e+09
1.710169960583302975e+09
1.710169962182568073e+09
1.710169963782840014e+09
1.710169965382029057e+09
1.710169966982115030e+09
1.710169968582561970e+09
1.710169970183432102e+09
1.710169971780711889e+09
1.710169973381323099e+09
1.710169974981597900e+09
1.710169976580874920e+09
1.710169978180453062e+09
1.710169979780131102e+09
1.710169981379733086e+09
1.710169982979782104e+09
1.710169984579524040e+09
1.710169986179037094e+09
1.710169987779023886e+09
1.710169989380337000e+09
1.710169990979835033e+09
1.710169992580005884e+09
1.710169994180417061e+09
1.710169995780551910e+09
1.710169997381611109e+09
1.710169998982021093e+09
1.710170000581724882e+09
1.710170002182027102e+09
1.710170003782433033e+09
1.710170005405927896e+09
1.710170007006609917e+09
1.710170008606389046e+09
1.710170010206767082e+09
1.710170011829930067e+09
1.710170013430001974e+09
1.710170015029948950e+09
1.710170016629703999e+09
1.710170018230176926e+09
1.710170019831268072e+09
1.710170021430280924e+09
1.710170023029542923e+09
1.710170024652880907e+09
1.710170026252377033e+09
1.710170027852087975e+09
1.710170029451608896e+09
1.710170031051765919e+09
1.710170032651705027e+09
1.710170034251594067e+09
1.710170035850939989e+09
1.710170037451591015e+09
1.710170039051146030e+09
1.710170040651133060e+09
1.710170042250749111e+09
1.710170043850743055e+09
1.710170045450510025e+09
1.710170047050923109e+09
1.710170048579279900e+09
1.710170050063007116e+09
1.710170051546556950e+09
1.710170053077564001e+09
1.710170054676898956e+09
1.710170056276896954e+09
1.710170057877120972e+09
1.710170059476921082e+09
1.710170061076972008e+09
1.710170062676450968e+09
1.710170064276858091e+09
1.710170065876477957e+09
1.710170067475379944e+09
1.710170069075558901e+09
1.710170070675153017e+09
1.710170072275996923e+09
1.710170073874741077e+09
1.710170075473963022e+09
1.710170077073769093e+09
1.710170078673954964e+09
1.710170080273310900e+09
1.710170081873378038e+09
1.710170083473443031e+09
1.710170085073395014e+09
1.710170086673896074e+09
1.710170088275646925e+09
1.710170089875390053e+09
1.710170091475995064e+09
1.710170093079818964e+09
1.710170094701458931e+09
1.710170096230283022e+09
1.710170097714881897e+09
1.710170099199457884e+09
1.710170100731743097e+09
1.710170102331981897e+09
1.710170103932457924e+09
1.710170105533135891e+09
1.710170107134315968e+09
1.710170108734654903e+09
1.710170110335448027e+09
1.710170111935175896e+09
1.710170113535011053e+09
1.710170115135772943e+09
1.710170116736537933e+09
1.710170118335637093e+09
1.710170119935798883e+09
1.710170121535675049e+09
1.710170123135313988e+09
1.710170124736325026e+09
1.710170126335864067e+09
1.710170127937558889e+09
1.710170129536248922e+09
1.710170131136065960e+09
1.710170132737065077e+09
1.710170134336998940e+09
1.710170135937210083e+09
1.710170137537226915e+09
1.710170139137355089e+09
1.710170140737819910e+09
1.710170142337754011e+09
1.710170143938091993e+09
1.710170145538338900e+09
1.710170147138669014e+09
1.710170148738571882e+09
1.710170150338795900e+09
1.710170151938740969e+09
1.710170153537805080e+09
1.710170155138254881e+09
1.710170156739032984e+09
1.710170158338675022e+09
1.710170159938240051e+09
1.710170161539488077e+09
1.710170163138199091e+09
1.710170164738055944e+09
1.710170166338015079e+09
1.710170167937838078e+09
1.710170169537580967e+09
1.710170171138672113e+09
1.710170172740272999e+09
1.710170174339606047e+09
1.710170175939939976e+09
1.710170177540357113e+09
1.710170179139489889e+09
1.710170180739398003e+09
1.710170182340854883e+09
1.710170183941343069e+09
1.710170185565097094e+09
1.710170187164753914e+09
1.710170188766170979e+09
1.710170190368592978e+09
1.710170191967031002e+09
1.710170193567707062e+09
1.710170195167783022e+09
1.710170196767729998e+09
1.710170198367854118e+09
1.710170199967910051e+09
1.710170201568046093e+09
1.710170203168277979e+09
1.710170204768157959e+09
1.710170206368808985e+09
1.710170207991852045e+09
1.710170209591634035e+09
1.710170211193036079e+09
1.710170212816621065e+09
1.710170214415618896e+09
1.710170216015863895e+09
1.710170217616053104e+09
1.710170219239732027e+09
1.710170220838108063e+09
1.710170222438873053e+09
1.710170224038433075e+09
1.710170225638561964e+09
1.710170227239823103e+09
1.710170228839380026e+09
1.710170230438262939e+09
1.710170232038120985e+09
1.710170233638277054e+09
1.710170235237811089e+09
1.710170236837169886e+09
1.710170238439913034e+09
1.710170240036900997e+09
1.710170241637198925e+09
1.710170243236692905e+09
1.710170244836585999e+09
1.710170246436927080e+09
1.710170248037163973e+09
1.710170249637476921e+09
1.710170251237257957e+09
1.710170252860524893e+09
1.710170254460100889e+09
1.710170256060101032e+09
1.710170257660221100e+09
1.710170259283660889e+09
1.710170260883687973e+09
1.710170262483994961e+09
1.710170264083708048e+09
1.710170265683901072e+09
1.710170267283926964e+09
1.710170268884299994e+09
1.710170270483885050e+09
1.710170272084108114e+09
1.710170273684879065e+09
1.710170275284636974e+09
1.710170276908291101e+09
1.710170278531253099e+09
1.710170280132389069e+09
1.710170281732414007e+09
1.710170283334110022e+09
1.710170284933366060e+09
1.710170286533874035e+09
1.710170288134351969e+09
1.710170289734653950e+09
1.710170291335068941e+09
1.710170292935385942e+09
1.710170294535546064e+09
1.710170296135787010e+09
1.710170297760010958e+09
1.710170299360496044e+09
1.710170300960654974e+09
1.710170302559775114e+09
1.710170304160510063e+09
1.710170305761006117e+09
1.710170307361227036e+09
1.710170308962690115e+09
1.710170310561444998e+09
1.710170312161689043e+09
1.710170313762567997e+09
1.710170315363198996e+09
1.710170316985594988e+09
1.710170318585947037e+09
1.710170320185556889e+09
1.710170321786089897e+09
1.710170323386426926e+09
1.710170324986661911e+09
1.710170326587691069e+09
1.710170328187167883e+09
1.710170329787439108e+09
1.710170331387871981e+09
1.710170332988334894e+09
1.710170334588831902e+09
1.710170336188978910e+09
1.710170337788552046e+09
1.710170339388430119e+09
1.710170340988862991e+09
1.710170342589041948e+09
1.710170344189194918e+09
1.710170345789503098e+09
1.710170347389451981e+09
1.710170348989434004e+09
1.710170350589936018e+09
1.710170352191170931e+09
1.710170353790699005e+09
1.710170355390978098e+09
1.710170356991069078e+09
1.710170358591026068e+09
1.710170360214536905e+09
1.710170361815726995e+09
1.710170363415843010e+09
1.710170365015881062e+09
1.710170366639600992e+09
1.710170368239294052e+09
1.710170369839618921e+09
1.710170371439100027e+09
1.710170373039515018e+09
1.710170374640186071e+09
1.710170376240586996e+09
1.710170377839831114e+09
1.710170379439726114e+09
1.710170381040344954e+09
1.710170382640899897e+09
1.710170384241561890e+09
1.710170385842012882e+09
1.710170387442462921e+09
1.710170389042870045e+09
1.710170390643485069e+09
1.710170392243472099e+09
1.710170393844485998e+09
1.710170395444968939e+09
1.710170397045291901e+09
1.710170398646044970e+09
1.710170400246364117e+09
1.710170401849364042e+09
1.710170403446023941e+09
1.710170405045974970e+09
1.710170406646080017e+09
1.710170408246077061e+09
1.710170409846077919e+09
1.710170411469317913e+09
1.710170413074908018e+09
1.710170414669986010e+09
1.710170416270256042e+09
1.710170417870744944e+09
1.710170419470711946e+09
1.710170421070669889e+09
1.710170422671010971e+09
1.710170424271991968e+09
1.710170425871254921e+09
1.710170427471657038e+09
1.710170429071707964e+09
1.710170430671674967e+09
1.710170432271490097e+09
1.710170433871598005e+09
1.710170435471926928e+09
1.710170437072552919e+09
1.710170438672127962e+09
1.710170440271950006e+09
1.710170441872184992e+09
1.710170443472218990e+09
1.710170445072562933e+09
1.710170446672915936e+09
1.710170448202359915e+09
1.710170449686491013e+09
1.710170451170527935e+09
1.710170452679064989e+09
1.710170454279082060e+09
1.710170455880063057e+09
1.710170457479562044e+09
1.710170459079122066e+09
1.710170460678858995e+09
1.710170462279217005e+09
1.710170463879239082e+09
1.710170465479245901e+09
1.710170467079873085e+09
1.710170468702832937e+09
1.710170470302742958e+09
1.710170471904875040e+09
1.710170473502728939e+09
1.710170475102899075e+09
1.710170476703629017e+09
1.710170478303409100e+09
1.710170479903095961e+09
1.710170481503289938e+09
1.710170483103080034e+09
1.710170484704026937e+09
1.710170486304447889e+09
1.710170487904762030e+09
1.710170489504704952e+09
1.710170491105494976e+09
1.710170492704586983e+09
1.710170494304965019e+09
1.710170495905343056e+09
1.710170497506002903e+09
1.710170499105932951e+09
1.710170500705250025e+09
1.710170502305541039e+09
1.710170503906038046e+09
1.710170505505389929e+09
1.710170507130045891e+09
1.710170508732251883e+09
1.710170510328358889e+09
1.710170511928354025e+09
1.710170513551618099e+09
1.710170515151551008e+09
1.710170516752316952e+09
1.710170518352272034e+09
1.710170519952016115e+09
1.710170521552061081e+09
1.710170523152302980e+09
1.710170524752011061e+09
1.710170526375277996e+09
1.710170527974817991e+09
1.710170529575028896e+09
1.710170531174792051e+09
1.710170532774867058e+09
1.710170534374229908e+09
1.710170535973961115e+09
1.710170537573865891e+09
1.710170539173392057e+09
1.710170540774089098e+09
1.710170542373858929e+09
1.710170543974481106e+09
1.710170545573839903e+09
1.710170547173873901e+09
1.710170548774591923e+09
1.710170550374814034e+09
1.710170551998327017e+09
1.710170553598732948e+09
1.710170555200004101e+09
1.710170556797985077e+09
1.710170558397825003e+09
1.710170559997889042e+09
1.710170561597860098e+09
1.710170563197874069e+09
1.710170564797449112e+09
1.710170566397064924e+09
1.710170567996824980e+09
1.710170569597268105e+09
1.710170571196782112e+09
1.710170572796674013e+09
1.710170574397190094e+09
1.710170575997009039e+09
1.710170577620459080e+09
1.710170579219803095e+09
1.710170580819691896e+09
1.710170582419972897e+09
1.710170584019798040e+09
1.710170585619827032e+09
1.710170587220637083e+09
1.710170588820257902e+09
1.710170590419943094e+09
1.710170592021017075e+09
1.710170593620414019e+09
1.710170595220305920e+09
1.710170596820292950e+09
1.710170598419981003e+09
1.710170600020757914e+09
1.710170601618804932e+09
1.710170603218858004e+09
1.710170604818754911e+09
1.710170606419233084e+09
1.710170608019197941e+09
1.710170609619364977e+09
1.710170611219667912e+09
1.710170612819601059e+09
1.710170614419300079e+09
1.710170616019114971e+09
1.710170617618832111e+09
1.710170619219928026e+09
1.710170620819849014e+09
1.710170622443365097e+09
1.710170624044301033e+09
1.710170625643829107e+09
1.710170627243690968e+09
1.710170628867279053e+09
1.710170630467518091e+09
1.710170632067277908e+09
1.710170633667519093e+09
1.710170635267858982e+09
1.710170636868490934e+09
1.710170638467206955e+09
1.710170640068094969e+09
1.710170641667967081e+09
1.710170643268105984e+09
1.710170644867913008e+09
1.710170646468530893e+09
1.710170648069896936e+09
1.710170649670243979e+09
1.710170651271317959e+09
1.710170652877927065e+09
1.710170654471538067e+09
1.710170656071650028e+09
1.710170657671829939e+09
1.710170659272181988e+09
1.710170660872199059e+09
1.710170662472017050e+09
1.710170664072171926e+09
1.710170665672008991e+09
1.710170667272504091e+09
1.710170668872332096e+09
1.710170670472522020e+09
1.710170672072822094e+09
1.710170673672215939e+09
1.710170675272088051e+09
1.710170676876657009e+09
1.710170678473476887e+09
1.710170680073021889e+09
1.710170681695908070e+09
1.710170683297292948e+09
1.710170684895801067e+09
1.710170686496002913e+09
1.710170688048247099e+09
1.710170689532249928e+09
1.710170691016242027e+09
1.710170692525876045e+09
1.710170694124205112e+09
1.710170695724782944e+09
1.710170697325104952e+09
1.710170698948230028e+09
1.710170700548921108e+09
1.710170702148186922e+09
1.710170703748085022e+09
1.710170705349001884e+09
1.710170706949067116e+09
1.710170708549278021e+09
1.710170710150146008e+09
1.710170711749521017e+09
1.710170713349915981e+09
1.710170714949614048e+09
1.710170716550367117e+09
1.710170718172883987e+09
1.710170719773705006e+09
1.710170721373025894e+09
1.710170722972914934e+09
1.710170724573013067e+09
1.710170726172784090e+09
1.710170727772250891e+09
1.710170729372793913e+09
1.710170730972559929e+09
1.710170732571882963e+09
1.710170734171881914e+09
1.710170735771724939e+09
1.710170737372102976e+09
1.710170738995373011e+09
1.710170740595849991e+09
1.710170742195725918e+09
1.710170743795799971e+09
1.710170745395854950e+09
1.710170746995836973e+09
1.710170748595489025e+09
1.710170750195935011e+09
1.710170751796232939e+09
1.710170753396177053e+09
1.710170754996407986e+09
1.710170756597090960e+09
1.710170758196413994e+09
1.710170759796551943e+09
1.710170761396223068e+09
1.710170762999351025e+09
1.710170764596117973e+09
1.710170766196163893e+09
1.710170767796540022e+09
1.710170769396020889e+09
1.710170770995393991e+09
1.710170772595824003e+09
1.710170774195512056e+09
1.710170775795721054e+09
1.710170777396163940e+09
1.710170778995968103e+09
1.710170780596254110e+09
1.710170782219451904e+09
1.710170783819987059e+09
1.710170785420737982e+09
1.710170787021022081e+09
1.710170788643966913e+09
1.710170790244232893e+09
1.710170791844480038e+09
1.710170793444669962e+09
1.710170795045334101e+09
1.710170796645112991e+09
1.710170798245907068e+09
1.710170799845419884e+09
1.710170801445408106e+09
1.710170803045938015e+09
1.710170804646208048e+09
1.710170806246331930e+09
1.710170807847161055e+09
1.710170809446537018e+09
1.710170811047267914e+09
1.710170812647602081e+09
1.710170814248131037e+09
1.710170815872041941e+09
1.710170817471688986e+09
1.710170819072431087e+09
1.710170820671996117e+09
1.710170822272716045e+09
1.710170823873116016e+09
1.710170825473381996e+09
1.710170827073877096e+09
1.710170828673940897e+09
1.710170830276865005e+09
1.710170831874825001e+09
1.710170833475068092e+09
1.710170835098196983e+09
1.710170836698565006e+09
1.710170838299520016e+09
1.710170839898706913e+09
1.710170841498872995e+09
1.710170843099489927e+09
1.710170844700498104e+09
1.710170846300748110e+09
1.710170847899826050e+09
1.710170849499933958e+09
1.710170851099893093e+09
1.710170852700243950e+09
1.710170854300410032e+09
1.710170855900886059e+09
1.710170857501270056e+09
1.710170859101151943e+09
1.710170860701189041e+09
1.710170862302052021e+09
1.710170863902101040e+09
1.710170865502748966e+09
1.710170867102837086e+09
1.710170868703244925e+09
1.710170870303066969e+09
1.710170871903214931e+09
1.710170873503706932e+09
1.710170875103882074e+09
1.710170876726856947e+09
1.710170878350629091e+09
1.710170879950392962e+09
1.710170881550261021e+09
1.710170883150635958e+09
1.710170884751617908e+09
1.710170886351207018e+09
1.710170887951839924e+09
1.710170889552031994e+09
1.710170891153229952e+09
1.710170892752687931e+09
1.710170894354409933e+09
1.710170895977397919e+09
1.710170897599829912e+09
1.710170899200030088e+09
1.710170900800632954e+09
1.710170902400754929e+09
1.710170904000061035e+09
1.710170905600684881e+09
1.710170907200931072e+09
1.710170908801076889e+09
1.710170910424396038e+09
1.710170912024593115e+09
1.710170913625001907e+09
1.710170915226454973e+09
1.710170916826198101e+09
1.710170918426404953e+09
1.710170920026525974e+09
1.710170921626780987e+09
1.710170923227252960e+09
1.710170924827295065e+09
1.710170926427279949e+09
1.710170928027132034e+09
1.710170929650732040e+09
1.710170931250205040e+09
1.710170932850017071e+09
1.710170934450040102e+09
1.710170936049581051e+09
1.710170937649561882e+09
1.710170939249821901e+09
1.710170940850523949e+09
1.710170942450510025e+09
1.710170944051623106e+09
1.710170945651305914e+09
1.710170947251487017e+09
1.710170948851161003e+09
1.710170950452014923e+09
1.710170952052074909e+09
1.710170953652143002e+09
1.710170955252213001e+09
1.710170956852538109e+09
1.710170958452743053e+09
1.710170960052314043e+09
1.710170961653186083e+09
1.710170963253825903e+09
1.710170964854440928e+09
1.710170966454308033e+09
1.710170968077521086e+09
1.710170969677861929e+09
1.710170971277478933e+09
1.710170972877403975e+09
1.710170974501228094e+09
1.710170976101557016e+09
1.710170977701488018e+09
1.710170979301275969e+09
1.710170980902203083e+09
1.710170982502290964e+09
1.710170984103158951e+09
1.710170985703464985e+09
1.710170987326303959e+09
1.710170988811077118e+09
1.710170990295972109e+09
1.710170991780307055e+09
1.710170993335747004e+09
1.710170994936445951e+09
1.710170996536870003e+09
1.710170998138453007e+09
1.710170999738616943e+09
1.710171001340099096e+09
1.710171002940686941e+09
1.710171004540391922e+09
1.710171006164182901e+09
1.710171007764353991e+09
1.710171009364945889e+09
1.710171010964950085e+09
1.710171012565572977e+09
1.710171014166511059e+09
1.710171015767607927e+09
1.710171017367995977e+09
1.710171018967762947e+09
1.710171020568038940e+09
1.710171022167479992e+09
1.710171023768496990e+09
1.710171025368875980e+09
1.710171026968971968e+09
1.710171028569571972e+09
1.710171030170697927e+09
1.710171031771596909e+09
1.710171033372129917e+09
1.710171034973310947e+09
1.710171036574641943e+09
1.710171038175642014e+09
1.710171039776767015e+09
1.710171041378489971e+09
1.710171042979088068e+09
1.710171044580346107e+09
1.710171046181437969e+09
1.710171047783309937e+09
1.710171049384576082e+09
1.710171051008584976e+09
1.710171052609559059e+09
1.710171054210676908e+09
1.710171055810949087e+09
1.710171057434478045e+09
1.710171059034821987e+09
1.710171060634536982e+09
1.710171062235483885e+09
1.710171063835441113e+09
1.710171065459201097e+09
1.710171067059511900e+09
1.710171068660152912e+09
1.710171070260200977e+09
1.710171071860780001e+09
1.710171073461143970e+09
1.710171075061463118e+09
1.710171076662013054e+09
1.710171078262123108e+09
1.710171079863053083e+09
1.710171081463638067e+09
1.710171083087524891e+09
1.710171084687995911e+09
1.710171086288578987e+09
1.710171087888858080e+09
1.710171089512110949e+09
1.710171091112004042e+09
1.710171092712451935e+09
1.710171094312791109e+09
1.710171095913454056e+09
1.710171097515347004e+09
1.710171099114526033e+09
1.710171100714476109e+09
1.710171102315365076e+09
1.710171103938323975e+09
1.710171105539230108e+09
1.710171107139761925e+09
1.710171108740437031e+09
1.710171110340528011e+09
1.710171111940224886e+09
1.710171113540632963e+09
1.710171115140578985e+09
1.710171116741729975e+09
1.710171118341907024e+09
1.710171119942177057e+09
1.710171121543771029e+09
1.710171123142595053e+09
1.710171124743524075e+09
1.710171126343899965e+09
1.710171127919544935e+09
1.710171129403619051e+09
1.710171130887851954e+09
1.710171132374063015e+09
1.710171133926660061e+09
1.710171135550137043e+09
1.710171137151225090e+09
1.710171138751077890e+09
1.710171140351459026e+09
1.710171141975117922e+09
1.710171143576288939e+09
1.710171145176764011e+09
1.710171146777911901e+09
1.710171148378616095e+09
1.710171149979629040e+09
1.710171151579369068e+09
1.710171153179250002e+09
1.710171154780083895e+09
1.710171156380599976e+09
1.710171157980421066e+09
1.710171159580802917e+09
1.710171161180774927e+09
1.710171162780651093e+09
1.710171164381813049e+09
1.710171165982023001e+09
1.710171167581777096e+09
1.710171169182143927e+09
1.710171170782022953e+09
1.710171172382551908e+09
1.710171173983390093e+09
1.710171175583583117e+09
1.710171177186958075e+09
1.710171178784806013e+09
1.710171180385190964e+09
1.710171181985445976e+09
1.710171183585824013e+09
1.710171185186003923e+09
1.710171186785993099e+09
1.710171188337713957e+09
1.710171189822045088e+09
1.710171191306457996e+09
1.710171192791781902e+09
1.710171194391809940e+09
1.710171195992345095e+09
1.710171197592763901e+09
1.710171199193327904e+09
1.710171200793544054e+09
1.710171202394433022e+09
1.710171203992878914e+09
1.710171205593913078e+09
1.710171207193577051e+09
1.710171208794578075e+09
1.710171210394637108e+09
1.710171212017427921e+09
1.710171213617328882e+09
1.710171215217478037e+09
1.710171216819497108e+09
1.710171218417813063e+09
1.710171220017966032e+09
1.710171221617841959e+09
1.710171223217881918e+09
1.710171224817569971e+09
1.710171226417921066e+09
1.710171228019021034e+09
1.710171229619013071e+09
1.710171231219196081e+09
1.710171232818934917e+09
1.710171234418858051e+09
1.710171236019166946e+09
1.710171237619927883e+09
1.710171239219508886e+09
1.710171240819406986e+09
1.710171242419955969e+09
1.710171244020054102e+09
1.710171245619991064e+09
1.710171247219646931e+09
1.710171248749056101e+09
1.710171250233398914e+09
1.710171251717791080e+09
1.710171253227401018e+09
1.710171254826971054e+09
1.710171256450481892e+09
1.710171258074779987e+09
1.710171259674638033e+09
1.710171261275049925e+09
1.710171262875235081e+09
1.710171264498629093e+09
1.710171266099239111e+09
1.710171267699534893e+09
1.710171269299803972e+09
1.710171270899997950e+09
1.710171272500185013e+09
1.710171274100446939e+09
1.710171275700865984e+09
1.710171277301337957e+09
1.710171278901844025e+09
1.710171280502414942e+09
1.710171282102682114e+09
1.710171283702956915e+09
1.710171285303603888e+09
1.710171286903740883e+09
1.710171288504141092e+09
1.710171290105233908e+09
1.710171291705990076e+09
1.710171293306210041e+09
1.710171294905982018e+09
1.710171296529592991e+09
1.710171298130860090e+09
1.710171299730962992e+09
1.710171301332901955e+09
1.710171302955524921e+09
1.710171304556001902e+09
1.710171306157212973e+09
1.710171307756886959e+09
1.710171309357144117e+09
1.710171310957535982e+09
1.710171312558104038e+09
1.710171314158402920e+09
1.710171315758801937e+09
1.710171317359575987e+09
1.710171318959671021e+09
1.710171320559299946e+09
1.710171322159852982e+09
1.710171323759351015e+09
1.710171325360050917e+09
1.710171326960443020e+09
1.710171328560739994e+09
1.710171330160666943e+09
1.710171331762517929e+09
1.710171333360380888e+09
1.710171334960278988e+09
1.710171336560148954e+09
1.710171338160783052e+09
1.710171339760701895e+09
1.710171341360582113e+09
1.710171342960817099e+09
1.710171344561166048e+09
1.710171346160669088e+09
1.710171347760961056e+09
1.710171349360471010e+09
1.710171350960561037e+09
1.710171352561475039e+09
1.710171354160692930e+09
1.710171355783993959e+09
1.710171357384423971e+09
1.710171358984577894e+09
1.710171360584749937e+09
1.710171362208714008e+09
1.710171363808176041e+09
1.710171365408574104e+09
1.710171367009216070e+09
1.710171368609874010e+09
1.710171370209985971e+09
1.710171371811050892e+09
1.710171373434458971e+09
1.710171375034440994e+09
1.710171376635639906e+09
1.710171378236931086e+09
1.710171379835992098e+09
1.710171381436027050e+09
1.710171383036406994e+09
1.710171384636857986e+09
1.710171386237093925e+09
1.710171387838042974e+09
1.710171389437263012e+09
1.710171391037615061e+09
1.710171392661101103e+09
1.710171394261059046e+09
1.710171395860754013e+09
1.710171397462312937e+09
1.710171399062613010e+09
1.710171400685697079e+09
1.710171402285948038e+09
1.710171403886032104e+09
1.710171405486709118e+09
1.710171407086891890e+09
1.710171408687161922e+09
1.710171410287380934e+09
1.710171411888154030e+09
1.710171413488656044e+09
1.710171415089008093e+09
1.710171416689322948e+09
1.710171418290081024e+09
1.710171419890069008e+09
1.710171421491204023e+09
1.710171423090622902e+09
1.710171424691246033e+09
1.710171426291235924e+09
1.710171427891612053e+09
1.710171429492233038e+09
1.710171431044976950e+09
1.710171432529294014e+09
1.710171434013575077e+09
1.710171435499527931e+09
1.710171437099914074e+09
1.710171438700345039e+09
1.710171440300957918e+09
1.710171441900314093e+09
1.710171443501358032e+09
1.710171445100552082e+09
1.710171446701332092e+09
1.710171448301402092e+09
1.710171449924865961e+09
1.710171451528011084e+09
1.710171453125319958e+09
1.710171454725519896e+09
1.710171456326215982e+09
1.710171457926603079e+09
1.710171459527801037e+09
1.710171461127322912e+09
1.710171462727987051e+09
1.710171464328128099e+09
1.710171465928363085e+09
1.710171467529185057e+09
1.710171469128528118e+09
1.710171470728487968e+09
1.710171472328449965e+09
1.710171473928802013e+09
1.710171475530062914e+09
1.710171477129178047e+09
1.710171478729516983e+09
1.710171480329098940e+09
1.710171481931009054e+09
1.710171483529944897e+09
1.710171485131357908e+09
1.710171486731281996e+09
1.710171488331700087e+09
1.710171489931794882e+09
1.710171491531661987e+09
1.710171493133795977e+09
1.710171494731622934e+09
1.710171496332298040e+09
1.710171497932384014e+09
1.710171499533164024e+09
1.710171501132836103e+09
1.710171502734924078e+09
1.710171504333282948e+09
1.710171505933949947e+09
1.710171507533170938e+09
1.710171509133687019e+09
1.710171510733927011e+09
1.710171512335092068e+09
1.710171513935349941e+09
1.710171515535881996e+09
1.710171517136075020e+09
1.710171518735985041e+09
1.710171520335982084e+09
1.710171521937431097e+09
1.710171523539880991e+09
1.710171525138777971e+09
1.710171526739340067e+09
1.710171528292115927e+09
1.710171529776709080e+09
1.710171531261447906e+09
1.710171532771116018e+09
1.710171534371387959e+09
1.710171535971761942e+09
1.710171537571619987e+09
1.710171539195648909e+09
1.710171540796034098e+09
1.710171542396287918e+09
1.710171543997064114e+09
1.710171545621026993e+09
1.710171547221035004e+09
1.710171548821017981e+09
1.710171550422399998e+09
1.710171552045743942e+09
1.710171553646598101e+09
1.710171555246784925e+09
1.710171556846965075e+09
1.710171558470772028e+09
1.710171560071219921e+09
1.710171561671627045e+09
1.710171563272347927e+09
1.710171564895922899e+09
1.710171566496501923e+09
1.710171568097472906e+09
1.710171569698477030e+09
1.710171571299922943e+09
1.710171572899475098e+09
1.710171574500840902e+09
1.710171576101833105e+09
1.710171577702775002e+09
1.710171579305226088e+09
1.710171580905226946e+09
1.710171582505886078e+09
1.710171584107194901e+09
1.710171585708619118e+09
1.710171587310431004e+09
1.710171588910907030e+09
1.710171590487829924e+09
1.710171591973368883e+09
1.710171593458722115e+09
1.710171594950808048e+09
1.710171596546797991e+09
1.710171598147676945e+09
1.710171599678601980e+09
1.710171600611877918e+09
