1.710870911913172007e+09
1.710870913420492887e+09
1.710870914928003073e+09
1.710870916412342072e+09
1.710870917905950069e+09
1.710870919403778076e+09
1.710870920888722897e+09
1.710870922395134926e+09
1.710870923902645111e+09
1.710870925410197020e+09
1.710870926943346024e+09
1.710870928425565958e+09
1.710870929910414934e+09
1.710870931397155046e+09
1.710870932878710985e+09
1.710870934362776041e+09
1.710870935870290041e+09
1.710870937377969980e+09
1.710870938862025976e+09
1.710870940369340897e+09
1.710870941853749990e+09
1.710870943388676882e+09
1.710870944868128061e+09
1.710870946352243900e+09
1.710870947836636066e+09
1.710870949321032047e+09
1.710870950828408957e+09
1.710870952335901022e+09
1.710870953820714951e+09
1.710870955304939032e+09
1.710870956789572001e+09
1.710870958297456026e+09
1.710870959781971931e+09
1.710870961289618015e+09
1.710870962774019003e+09
1.710870964258265018e+09
1.710870965743004084e+09
1.710870967227694988e+09
1.710870968711764097e+09
1.710870970219819069e+09
1.710870971703373909e+09
1.710870973187807083e+09
1.710870974671974897e+09
1.710870976179415941e+09
1.710870977686991930e+09
1.710870979174540997e+09
1.710870980679022074e+09
1.710870982186755896e+09
1.710870983694216967e+09
1.710870985205210924e+09
1.710870986686633110e+09
1.710870988194021940e+09
1.710870989678483963e+09
1.710870991166312933e+09
1.710870992647743940e+09
1.710870994156127930e+09
1.710870995639642954e+09
1.710870997128551960e+09
1.710870998608756065e+09
1.710871000116482973e+09
1.710871001601094007e+09
1.710871003090850115e+09
1.710871004592504978e+09
1.710871006077879906e+09
1.710871007560897112e+09
1.710871009045074940e+09
1.710871010552736044e+09
1.710871012037081003e+09
1.710871013544573069e+09
1.710871015052207947e+09
1.710871016559604883e+09
1.710871018067204952e+09
1.710871019552747965e+09
1.710871021058810949e+09
1.710871022543369055e+09
1.710871024051053047e+09
1.710871025537836075e+09
1.710871027043338060e+09
1.710871028550719976e+09
1.710871030060096979e+09
1.710871031589102030e+09
1.710871033073530912e+09
1.710871034558135986e+09
1.710871036042582989e+09
1.710871037526683092e+09
1.710871039011115074e+09
1.710871040496716976e+09
1.710871041979142904e+09
1.710871043463125944e+09
1.710871044947225094e+09
1.710871046477524996e+09
1.710871047984982014e+09
1.710871049492314100e+09
1.710871050976663113e+09
1.710871052483886003e+09
1.710871053968059063e+09
1.710871055452408075e+09
1.710871056936944962e+09
1.710871058421413898e+09
1.710871059905980110e+09
1.710871061413599014e+09
1.710871062898349047e+09
1.710871064382966995e+09
1.710871065867436886e+09
1.710871067352209091e+09
1.710871068836793900e+09
1.710871070321160078e+09
1.710871071805797100e+09
1.710871073313457012e+09
1.710871074797945976e+09
1.710871076282442093e+09
1.710871077767030954e+09
1.710871079251894951e+09
1.710871080736432076e+09
1.710871082221014023e+09
1.710871083728739023e+09
1.710871085215264082e+09
1.710871086720866919e+09
1.710871088205341101e+09
1.710871089689646006e+09
1.710871091175848007e+09
1.710871092658678055e+09
1.710871094143157959e+09
1.710871095650547981e+09
1.710871097159460068e+09
1.710871098665261030e+09
1.710871100172578096e+09
1.710871101656857014e+09
1.710871103142509937e+09
1.710871104625157118e+09
1.710871106109484911e+09
1.710871107594046116e+09
1.710871109079497099e+09
1.710871110562711000e+09
1.710871112047329903e+09
1.710871113531774998e+09
1.710871115016197920e+09
1.710871116500807047e+09
1.710871117985183001e+09
1.710871119469629049e+09
1.710871120954174995e+09
1.710871122438534021e+09
1.710871123922996998e+09
1.710871125410065889e+09
1.710871126892262936e+09
1.710871128377115965e+09
1.710871129861445904e+09
1.710871131345989943e+09
1.710871132876893044e+09
1.710871134408029079e+09
1.710871135892848015e+09
1.710871137377883911e+09
1.710871138862792015e+09
1.710871140347666979e+09
1.710871141832186937e+09
1.710871143340044022e+09
1.710871144824966908e+09
1.710871146355869055e+09
1.710871147840714931e+09
1.710871149348825932e+09
1.710871150833432913e+09
1.710871152318249941e+09
1.710871153826225996e+09
1.710871155334266901e+09
1.710871156819072962e+09
1.710871158303826094e+09
1.710871159811597109e+09
1.710871161321142912e+09
1.710871162803987980e+09
1.710871164311800003e+09
1.710871165819789886e+09
1.710871167304481983e+09
1.710871168812391043e+09
1.710871170297138929e+09
1.710871171782140970e+09
1.710871173266697884e+09
1.710871174774796009e+09
1.710871176259426117e+09
1.710871177743920088e+09
1.710871179253371000e+09
1.710871180736635923e+09
1.710871182221103907e+09
1.710871183705859900e+09
1.710871185190444946e+09
1.710871186675374985e+09
1.710871188183209896e+09
1.710871189691236973e+09
1.710871191200902939e+09
1.710871192707303047e+09
1.710871194192286968e+09
1.710871195677247047e+09
1.710871197161923885e+09
1.710871198646846056e+09
1.710871200132617950e+09
1.710871201639472961e+09
1.710871203170638084e+09
1.710871204656289101e+09
1.710871206139838934e+09
1.710871207624716043e+09
1.710871209110096931e+09
1.710871210593904972e+09
1.710871212078926086e+09
1.710871213586162090e+09
1.710871215070914030e+09
1.710871216555341959e+09
1.710871218040313959e+09
1.710871219524873972e+09
1.710871221055902004e+09
1.710871222565265894e+09
1.710871224071929932e+09
1.710871225558032990e+09
1.710871227063683987e+09
1.710871228571351051e+09
1.710871230079282999e+09
1.710871231563833952e+09
1.710871233094713926e+09
1.710871234578937054e+09
1.710871236086586952e+09
1.710871237571196079e+09
1.710871239055746078e+09
1.710871240540505886e+09
1.710871242024558067e+09
1.710871243532278061e+09
1.710871245016731977e+09
1.710871246500981092e+09
1.710871247985532999e+09
1.710871249493216038e+09
1.710871251000952005e+09
1.710871252485395908e+09
1.710871253969954014e+09
1.710871255454262972e+09
1.710871256938366890e+09
1.710871258422789097e+09
1.710871259907135963e+09
1.710871261391597986e+09
1.710871262875932932e+09
1.710871264360466957e+09
1.710871265845172882e+09
1.710871267329929113e+09
1.710871268814485073e+09
1.710871270298896074e+09
1.710871271783767939e+09
1.710871273268353939e+09
1.710871274753112078e+09
1.710871276260855913e+09
1.710871277745327950e+09
1.710871279254729033e+09
1.710871280737560987e+09
1.710871282245284081e+09
1.710871283752887011e+09
1.710871285260891914e+09
1.710871286745934010e+09
1.710871288253901958e+09
1.710871289738548994e+09
1.710871291222950935e+09
1.710871292730281115e+09
1.710871294237938881e+09
1.710871295745510101e+09
1.710871297230032921e+09
1.710871298714205980e+09
1.710871300221746922e+09
1.710871301729254961e+09
1.710871303237158060e+09
1.710871304768110037e+09
1.710871306300184965e+09
1.710871307784523010e+09
1.710871309268110037e+09
1.710871310752542973e+09
1.710871312237189054e+09
1.710871313721803904e+09
1.710871315206448078e+09
1.710871316714096069e+09
1.710871318198720932e+09
1.710871319683334112e+09
1.710871321168406963e+09
1.710871322675878048e+09
1.710871324160192013e+09
1.710871325644840956e+09
1.710871327131022930e+09
1.710871328614053965e+09
1.710871330098877907e+09
1.710871331584153891e+09
1.710871333092153072e+09
1.710871334576374054e+09
1.710871336061163902e+09
1.710871337545963049e+09
1.710871339053935051e+09
1.710871340538780928e+09
1.710871342024024963e+09
1.710871343531485081e+09
1.710871345016134977e+09
1.710871346500854015e+09
1.710871347985615969e+09
1.710871349470578909e+09
1.710871350955243111e+09
1.710871352440438032e+09
1.710871353947916985e+09
1.710871355479140043e+09
1.710871356963929892e+09
1.710871358448723078e+09
1.710871359956618071e+09
1.710871361441354990e+09
1.710871362950345039e+09
1.710871364456953049e+09
1.710871365941580057e+09
1.710871367426295996e+09
1.710871368934194088e+09
1.710871370418658972e+09
1.710871371903379917e+09
1.710871373388565063e+09
1.710871374872379065e+09
1.710871376356918097e+09
1.710871377841877937e+09
1.710871379349462032e+09
1.710871380834083080e+09
1.710871382318651915e+09
1.710871383826889038e+09
1.710871385357017040e+09
1.710871386864855051e+09
1.710871388349272966e+09
1.710871389857235909e+09
1.710871391342003107e+09
1.710871392826811075e+09
1.710871394335494041e+09
1.710871395842845917e+09
1.710871397327526093e+09
1.710871398812472105e+09
1.710871400297362089e+09
1.710871401782056093e+09
1.710871403312880039e+09
1.710871404822041035e+09
1.710871406328604937e+09
1.710871407813424110e+09
1.710871409298307896e+09
1.710871410782825947e+09
1.710871412267637014e+09
1.710871413752630949e+09
1.710871415238670111e+09
1.710871416745738029e+09
1.710871418230356932e+09
1.710871419714699984e+09
1.710871421199228048e+09
1.710871422683693886e+09
1.710871424191231966e+09
1.710871425679686069e+09
1.710871427183217049e+09
1.710871428691042900e+09
1.710871430198704958e+09
1.710871431729576111e+09
1.710871433284085989e+09
1.710871434791285992e+09
1.710871436276855946e+09
1.710871437783535957e+09
1.710871439267863989e+09
1.710871440752559900e+09
1.710871442237191916e+09
1.710871443768178940e+09
1.710871445252954960e+09
1.710871446760938883e+09
1.710871448268151999e+09
1.710871449775671005e+09
1.710871451283294916e+09
1.710871452790739059e+09
1.710871454275564909e+09
1.710871455759959936e+09
1.710871457245095015e+09
1.710871458751955032e+09
1.710871460236563921e+09
1.710871461744275093e+09
1.710871463275636911e+09
1.710871464760360956e+09
1.710871466268115044e+09
1.710871467752899885e+09
1.710871469236717939e+09
1.710871470721136093e+09
1.710871472228684902e+09
1.710871473713188887e+09
1.710871475197609901e+09
1.710871476682149887e+09
1.710871478167874098e+09
1.710871479698005915e+09
1.710871481182625055e+09
1.710871482667546988e+09
1.710871484151731014e+09
1.710871485636163950e+09
1.710871487120522976e+09
1.710871488606372118e+09
1.710871490112309933e+09
1.710871491596884966e+09
1.710871493081091881e+09
1.710871494588938951e+09
1.710871496073441029e+09
1.710871497557929039e+09
1.710871499043019056e+09
1.710871500549968004e+09
1.710871502034488916e+09
1.710871503565176964e+09
1.710871505072971106e+09
1.710871506582634926e+09
1.710871508088545084e+09
1.710871509597074032e+09
1.710871511104147911e+09
1.710871512588848114e+09
1.710871514096539974e+09
1.710871515604279041e+09
1.710871517112291098e+09
1.710871518596462965e+09
1.710871520081634045e+09
1.710871521588592052e+09
1.710871523073441029e+09
1.710871524580984116e+09
1.710871526088742018e+09
1.710871527573426008e+09
1.710871529058090925e+09
1.710871530543467045e+09
1.710871532073878050e+09
1.710871533559221029e+09
1.710871535089070082e+09
1.710871536596997023e+09
1.710871538081567049e+09
1.710871539566143036e+09
1.710871541051618099e+09
1.710871542558341026e+09
1.710871544042598963e+09
1.710871545527223110e+09
1.710871547011677980e+09
1.710871548496293068e+09
1.710871549981574059e+09
1.710871551466155052e+09
1.710871552973186970e+09
1.710871554457868099e+09
1.710871555942307949e+09
1.710871557426808119e+09
1.710871558911344051e+09
1.710871560396250963e+09
1.710871561904299021e+09
1.710871563411570072e+09
1.710871564896267891e+09
1.710871566381225109e+09
1.710871567865536928e+09
1.710871569350339890e+09
1.710871570835042000e+09
1.710871572320414066e+09
1.710871573827821970e+09
1.710871575335355043e+09
1.710871576820234060e+09
1.710871578304996967e+09
1.710871579836332083e+09
1.710871581344151020e+09
1.710871582853266001e+09
1.710871584359982014e+09
1.710871585866885900e+09
1.710871587351562023e+09
1.710871588881870985e+09
1.710871590389538050e+09
1.710871591897099018e+09
1.710871593428884983e+09
1.710871594959044933e+09
1.710871596442917109e+09
1.710871597927352905e+09
1.710871599411650896e+09
1.710871600919395924e+09
1.710871602403875113e+09
1.710871603889015913e+09
1.710871605396425962e+09
1.710871606904154062e+09
1.710871608388571978e+09
1.710871609873311996e+09
1.710871611357901096e+09
1.710871612865681887e+09
1.710871614374867916e+09
1.710871615881259918e+09
1.710871617411925077e+09
1.710871618919687986e+09
1.710871620427294970e+09
1.710871621934783936e+09
1.710871623419270039e+09
1.710871624903773069e+09
1.710871626411488056e+09
1.710871627919143915e+09
1.710871629403496027e+09
1.710871630934717894e+09
1.710871632419171095e+09
1.710871633926830053e+09
1.710871635434529066e+09
1.710871636919207096e+09
1.710871638426984072e+09
1.710871639911406994e+09
1.710871641419270992e+09
1.710871642904191971e+09
1.710871644388770103e+09
1.710871645896625042e+09
1.710871647381197929e+09
1.710871648865645885e+09
1.710871650350035906e+09
1.710871651857660055e+09
1.710871653342252970e+09
1.710871654826769114e+09
1.710871656311383009e+09
1.710871657795898914e+09
1.710871659280451059e+09
1.710871660765106916e+09
1.710871662252612114e+09
1.710871663734319925e+09
1.710871665242074013e+09
1.710871666796497107e+09
1.710871668282238007e+09
1.710871669765541077e+09
1.710871671273113966e+09
1.710871672780942917e+09
1.710871674265625000e+09
1.710871675750154972e+09
1.710871677234800100e+09
1.710871678719836950e+09
1.710871680204641104e+09
1.710871681689656019e+09
1.710871683198292971e+09
1.710871684682157993e+09
1.710871686166627884e+09
1.710871687651485920e+09
1.710871689159152031e+09
1.710871690643807888e+09
1.710871692128355026e+09
1.710871693612890959e+09
1.710871695097624063e+09
1.710871696582092047e+09
1.710871698066653013e+09
1.710871699551244020e+09
1.710871701036007881e+09
1.710871702520750046e+09
1.710871704005289078e+09
1.710871705490151882e+09
1.710871706974802971e+09
1.710871708459464073e+09
1.710871709944103956e+09
1.710871711428802013e+09
1.710871712915251017e+09
1.710871714398390055e+09
1.710871715882945061e+09
1.710871717367780924e+09
1.710871718852618933e+09
1.710871720337399960e+09
1.710871721822124958e+09
1.710871723306822062e+09
1.710871724791327953e+09
1.710871726276012897e+09
1.710871727760617018e+09
1.710871729245373964e+09
1.710871730730006933e+09
1.710871732214473963e+09
1.710871733698765039e+09
1.710871735183202028e+09
1.710871736667684078e+09
1.710871738152137995e+09
1.710871739636723995e+09
1.710871741121180058e+09
1.710871742605592012e+09
1.710871744090089083e+09
1.710871745574450016e+09
1.710871747059047937e+09
1.710871748566778898e+09
1.710871750052534103e+09
1.710871751558922052e+09
1.710871753043288946e+09
1.710871754527899981e+09
1.710871756012531042e+09
1.710871757497114897e+09
1.710871758981818914e+09
1.710871760467844963e+09
1.710871761974399090e+09
1.710871763459090948e+09
1.710871764943609953e+09
1.710871766428009987e+09
1.710871767912758112e+09
1.710871769397412062e+09
1.710871770882978916e+09
1.710871772390078068e+09
1.710871773874464035e+09
1.710871775359056950e+09
1.710871776843424082e+09
1.710871778327811956e+09
1.710871779812191010e+09
1.710871781297759056e+09
1.710871782804632902e+09
1.710871784289170980e+09
1.710871785773644924e+09
1.710871787258176088e+09
1.710871788742899895e+09
1.710871790227540970e+09
1.710871791712867975e+09
1.710871793219660997e+09
1.710871794704212904e+09
1.710871796190018892e+09
1.710871797695656061e+09
1.710871799180042982e+09
1.710871800664310932e+09
1.710871802149365902e+09
1.710871803634083033e+09
1.710871805140547037e+09
1.710871806648267984e+09
1.710871808157011032e+09
1.710871809640089035e+09
1.710871811124484062e+09
1.710871812608721972e+09
1.710871814094544888e+09
1.710871815577478886e+09
1.710871817062149048e+09
1.710871818546696901e+09
1.710871820031500101e+09
1.710871821516032934e+09
1.710871823000834942e+09
1.710871824485359907e+09
1.710871825970161915e+09
1.710871827454384089e+09
1.710871828939028025e+09
1.710871830423531055e+09
1.710871831908303976e+09
1.710871833392785072e+09
1.710871834877207041e+09
1.710871836361481905e+09
1.710871837846174002e+09
1.710871839330496073e+09
1.710871840814722061e+09
1.710871842299205065e+09
1.710871843783792019e+09
1.710871845268069029e+09
1.710871846752717018e+09
1.710871848236953020e+09
1.710871849735061884e+09
1.710871851229055882e+09
1.710871852713444948e+09
1.710871854197822094e+09
1.710871855682363987e+09
1.710871857166709900e+09
1.710871858651357889e+09
1.710871860137748957e+09
1.710871861619836092e+09
1.710871863104276896e+09
1.710871864588924885e+09
1.710871866073244095e+09
1.710871867557495117e+09
1.710871869042026997e+09
1.710871870526495934e+09
1.710871872034545898e+09
1.710871873611931086e+09
1.710871875096530914e+09
1.710871876581634998e+09
1.710871878067776918e+09
1.710871879550942898e+09
1.710871881058638096e+09
1.710871882543073893e+09
1.710871884027772903e+09
1.710871885535106897e+09
1.710871887020520926e+09
1.710871888504232883e+09
1.710871889989022970e+09
1.710871891473540068e+09
1.710871892958389044e+09
1.710871894442708015e+09
1.710871895927413940e+09
1.710871897411906958e+09
1.710871898896423101e+09
1.710871900382067919e+09
1.710871901889154911e+09
1.710871903373876095e+09
1.710871904858655930e+09
1.710871906345000029e+09
1.710871907827686071e+09
1.710871909312105894e+09
1.710871910797270060e+09
1.710871912304040909e+09
1.710871913788341045e+09
1.710871915272728920e+09
1.710871916757066965e+09
1.710871918241339922e+09
1.710871919725800991e+09
1.710871921257080078e+09
1.710871922765957117e+09
1.710871924248692036e+09
1.710871925733059883e+09
1.710871927240845919e+09
1.710871928725191116e+09
1.710871930209829092e+09
1.710871931694528103e+09
1.710871933178669930e+09
1.710871934663224936e+09
1.710871936147775888e+09
1.710871937655244112e+09
1.710871939139570951e+09
1.710871940624329090e+09
1.710871942108876944e+09
1.710871943593467951e+09
1.710871945078253984e+09
1.710871946562742949e+09
1.710871948047411919e+09
1.710871949532177925e+09
1.710871951016621113e+09
1.710871952501230955e+09
1.710871953986170053e+09
1.710871955470695019e+09
1.710871956955215931e+09
1.710871958439625025e+09
1.710871959924375057e+09
1.710871961408916950e+09
1.710871962893944025e+09
1.710871964378597021e+09
1.710871965863147974e+09
1.710871967347755909e+09
1.710871968832565069e+09
1.710871970317466021e+09
1.710871971802436113e+09
1.710871973287224054e+09
1.710871974771660089e+09
1.710871976256211996e+09
1.710871977741272926e+09
1.710871979227762938e+09
1.710871980710491896e+09
1.710871982194869041e+09
1.710871983679460049e+09
1.710871985163844109e+09
1.710871986648145914e+09
1.710871988132611990e+09
1.710871989617058992e+09
1.710871991103199959e+09
1.710871992586266994e+09
1.710871994071046114e+09
1.710871995555355072e+09
1.710871997040712118e+09
1.710871998524395943e+09
1.710872000008765936e+09
1.710872001493370056e+09
1.710872002977642059e+09
1.710872004462188959e+09
1.710872005946624041e+09
1.710872007431261063e+09
1.710872008916239023e+09
1.710872010400638103e+09
1.710872011885102987e+09
1.710872013369879007e+09
1.710872014854360104e+09
1.710872016339025974e+09
1.710872017823543072e+09
1.710872019308145046e+09
1.710872020792474985e+09
1.710872022276802063e+09
1.710872023761452913e+09
1.710872025246121883e+09
1.710872026730532885e+09
1.710872028214813948e+09
1.710872029699459076e+09
1.710872031184916019e+09
1.710872032668827057e+09
1.710872034153439999e+09
1.710872035638185024e+09
1.710872037122742891e+09
1.710872038607425928e+09
1.710872040092000961e+09
1.710872041576450109e+09
1.710872043060939074e+09
1.710872044545516014e+09
1.710872046029875040e+09
1.710872047521306992e+09
1.710872048999243021e+09
1.710872050483736992e+09
1.710872051968257904e+09
1.710872053452992916e+09
1.710872054938018084e+09
1.710872056422741890e+09
1.710872057907226086e+09
1.710872059392050982e+09
1.710872060876502037e+09
1.710872062361180067e+09
1.710872063845776081e+09
1.710872065330431938e+09
1.710872066814907074e+09
1.710872068299537897e+09
1.710872069786010981e+09
1.710872071268690109e+09
1.710872072753237009e+09
1.710872074237761021e+09
1.710872075722331047e+09
1.710872077207154036e+09
1.710872078691493034e+09
1.710872080176316023e+09
1.710872081660257101e+09
1.710872083144562006e+09
1.710872084629208088e+09
1.710872086114773035e+09
1.710872087597955942e+09
1.710872089082586050e+09
1.710872090566958904e+09
1.710872092052695990e+09
1.710872093536290884e+09
1.710872095021380901e+09
1.710872096505147934e+09
1.710872097989988089e+09
1.710872099474503994e+09
1.710872100959039927e+09
1.710872102443437099e+09
1.710872103928086042e+09
1.710872105412573099e+09
1.710872106896950006e+09
1.710872108381500959e+09
1.710872109866029978e+09
1.710872111350591898e+09
1.710872112834927082e+09
1.710872114319199085e+09
1.710872115803498030e+09
1.710872117288001060e+09
1.710872118772192001e+09
1.710872120256633043e+09
1.710872121741148949e+09
1.710872123225883961e+09
1.710872124710514069e+09
1.710872126194848061e+09
1.710872127679584026e+09
1.710872129164331913e+09
1.710872130649454117e+09
1.710872132133518934e+09
1.710872133618196964e+09
1.710872135102828979e+09
1.710872136587352991e+09
1.710872138071995020e+09
1.710872139579983950e+09
1.710872141064517975e+09
1.710872142549181938e+09
1.710872144033549070e+09
1.710872145518207073e+09
1.710872147002857924e+09
1.710872148487314939e+09
1.710872149971910000e+09
1.710872151456319094e+09
1.710872152941230059e+09
1.710872154425522089e+09
1.710872155909960032e+09
1.710872157394496918e+09
1.710872158878858089e+09
1.710872160363363028e+09
1.710872161848001957e+09
1.710872163332442999e+09
1.710872164816874027e+09
1.710872166301493883e+09
1.710872167785932064e+09
1.710872169270585060e+09
1.710872170755012989e+09
1.710872172239600897e+09
1.710872173724056005e+09
1.710872175210702896e+09
1.710872176693427086e+09
1.710872178178021908e+09
1.710872179662785053e+09
1.710872181149501085e+09
1.710872182632477045e+09
1.710872184117331982e+09
1.710872185602235079e+09
1.710872187086924076e+09
1.710872188571822882e+09
1.710872190056894064e+09
1.710872191541812897e+09
1.710872193026885986e+09
1.710872194511748075e+09
1.710872195996809959e+09
1.710872197481430054e+09
1.710872198966284037e+09
1.710872200450956106e+09
1.710872201935868025e+09
1.710872203420500994e+09
1.710872204905162096e+09
1.710872206389959097e+09
1.710872207874500990e+09
1.710872209359296083e+09
1.710872210843801022e+09
1.710872212328103065e+09
1.710872213812700987e+09
1.710872215297322035e+09
1.710872216781785965e+09
1.710872218266419888e+09
1.710872219751025915e+09
1.710872221235580921e+09
1.710872222720191002e+09
1.710872224205002069e+09
1.710872225690113068e+09
1.710872227177326918e+09
1.710872228659842014e+09
1.710872230144428968e+09
1.710872231629055023e+09
1.710872233115410089e+09
1.710872234598835945e+09
1.710872236083390951e+09
1.710872237568142891e+09
1.710872239053065062e+09
1.710872240537605047e+09
1.710872242022097111e+09
1.710872243506620884e+09
1.710872244991379023e+09
1.710872246476258993e+09
1.710872247960848093e+09
1.710872249445353985e+09
1.710872250930342913e+09
1.710872252415005922e+09
1.710872253899837971e+09
1.710872255384439945e+09
1.710872256869066000e+09
1.710872258354023933e+09
1.710872259838813066e+09
1.710872261323709965e+09
1.710872262808330059e+09
1.710872264292731047e+09
1.710872265777321100e+09
1.710872267262140989e+09
1.710872268746771097e+09
1.710872270231338024e+09
1.710872271715801001e+09
1.710872273200208902e+09
1.710872274696186066e+09
1.710872276192399979e+09
1.710872277677083969e+09
1.710872279161885023e+09
1.710872280646459103e+09
1.710872282130861998e+09
1.710872283615405083e+09
1.710872285101254940e+09
1.710872286584784031e+09
1.710872288069598913e+09
1.710872289554199934e+09
1.710872291039103031e+09
1.710872292523586988e+09
1.710872294008121014e+09
1.710872295492503881e+09
1.710872296976919889e+09
1.710872298461625099e+09
1.710872299946455002e+09
1.710872301431169033e+09
1.710872302915663004e+09
1.710872304423197985e+09
1.710872305907875061e+09
1.710872307394011021e+09
1.710872308877150059e+09
1.710872310361603975e+09
1.710872311869453907e+09
1.710872313354526997e+09
1.710872314838624954e+09
1.710872316324462891e+09
1.710872317830985069e+09
1.710872319315588951e+09
1.710872320800101042e+09
1.710872322284737110e+09
1.710872323769179106e+09
1.710872325254064083e+09
1.710872326739234924e+09
1.710872328246366978e+09
1.710872329731062889e+09
1.710872331217196941e+09
1.710872332700321913e+09
1.710872334184638977e+09
1.710872335669307947e+09
1.710872337154576063e+09
1.710872338661298990e+09
1.710872340145914078e+09
1.710872341630403042e+09
1.710872343116791964e+09
1.710872344599096060e+09
1.710872346083539009e+09
1.710872347569133043e+09
1.710872349076005936e+09
1.710872350560069084e+09
1.710872352044282913e+09
1.710872353528386116e+09
1.710872355012795925e+09
1.710872356497725964e+09
1.710872358005872011e+09
1.710872359535725117e+09
1.710872361020037889e+09
1.710872362504940987e+09
1.710872363988522053e+09
1.710872365472975969e+09
1.710872366957302094e+09
1.710872368441986084e+09
1.710872369926243067e+09
1.710872371412442923e+09
1.710872372894835949e+09
1.710872374379215002e+09
1.710872375863480091e+09
1.710872377348042011e+09
1.710872378832449913e+09
1.710872380317001104e+09
1.710872381801345110e+09
1.710872383286003113e+09
1.710872384770328999e+09
1.710872386254859924e+09
1.710872387739334106e+09
1.710872389226142883e+09
1.710872390708631992e+09
1.710872392193258047e+09
1.710872393677866936e+09
1.710872395162369967e+09
1.710872396646716118e+09
1.710872398131483078e+09
1.710872399615947008e+09
1.710872401102147102e+09
1.710872402585340023e+09
1.710872404070143938e+09
1.710872405554506063e+09
1.710872407039004087e+09
1.710872408523480892e+09
1.710872410031104088e+09
1.710872411515613079e+09
1.710872412999986887e+09
1.710872414484395981e+09
1.710872415968826056e+09
1.710872417453552008e+09
1.710872418938119888e+09
1.710872420422717094e+09
1.710872421909069061e+09
1.710872423392667055e+09
1.710872424875837088e+09
1.710872426359966040e+09
1.710872427844331980e+09
1.710872429328804970e+09
1.710872430813091040e+09
1.710872432297889948e+09
1.710872433782614946e+09
1.710872435267235994e+09
1.710872436751686096e+09
1.710872438236464977e+09
1.710872439767385960e+09
1.710872441275064945e+09
1.710872442759654045e+09
1.710872444244386911e+09
1.710872445730916023e+09
1.710872447236259937e+09
1.710872448720455885e+09
1.710872450205008984e+09
1.710872451689368010e+09
1.710872453219877958e+09
1.710872454704282045e+09
1.710872456188405037e+09
1.710872457672930002e+09
1.710872459180445910e+09
1.710872460664602995e+09
1.710872462149039984e+09
1.710872463633191109e+09
1.710872465117580891e+09
1.710872466601947069e+09
1.710872468085946083e+09
1.710872469570035934e+09
1.710872471054164886e+09
1.710872472538110018e+09
1.710872474022252083e+09
1.710872475506316900e+09
1.710872476990389109e+09
1.710872478474554062e+09
1.710872480005175114e+09
1.710872481489480972e+09
1.710872482973609924e+09
1.710872484481106997e+09
1.710872485965370893e+09
1.710872487449898958e+09
1.710872488934330940e+09
1.710872490442209005e+09
1.710872491926551104e+09
1.710872493410974979e+09
1.710872494896030903e+09
1.710872496403064013e+09
1.710872497887639046e+09
1.710872499372103930e+09
1.710872500856506109e+09
1.710872502340778112e+09
1.710872503825248003e+09
1.710872505310398102e+09
1.710872506816797018e+09
1.710872508301215887e+09
1.710872509785506010e+09
1.710872511269979954e+09
1.710872512754092932e+09
1.710872514238565922e+09
1.710872515723681927e+09
1.710872517230462074e+09
1.710872518714773893e+09
1.710872520199075937e+09
1.710872521683293104e+09
1.710872523167685032e+09
1.710872524651840925e+09
1.710872526136742115e+09
1.710872527643465042e+09
1.710872529129291058e+09
1.710872530612238884e+09
1.710872532096295118e+09
1.710872533580087900e+09
1.710872535065833092e+09
1.710872536549091101e+09
1.710872538055768013e+09
1.710872539539994955e+09
1.710872541024265051e+09
1.710872542508513927e+09
1.710872543992685080e+09
1.710872545476826906e+09
1.710872546961462975e+09
1.710872548468215942e+09
1.710872549952438116e+09
1.710872551436980963e+09
1.710872552921211004e+09
1.710872554404922009e+09
1.710872555888986111e+09
1.710872557374084949e+09
1.710872558880450964e+09
1.710872560364749908e+09
1.710872561849379063e+09
1.710872563333650112e+09
1.710872564818157911e+09
1.710872566303148031e+09
1.710872567788760900e+09
1.710872569296016932e+09
1.710872570779439926e+09
1.710872572263576031e+09
1.710872573747934103e+09
1.710872575233414888e+09
1.710872576739784956e+09
1.710872578225781918e+09
1.710872579731894016e+09
1.710872581216355085e+09
1.710872582700946093e+09
1.710872584185635090e+09
1.710872585670315981e+09
1.710872587154707909e+09
1.710872588640038967e+09
1.710872590146797895e+09
1.710872591631124973e+09
1.710872593115803957e+09
1.710872594600270987e+09
1.710872596084585905e+09
1.710872597569082022e+09
1.710872599054253101e+09
1.710872600560806990e+09
1.710872602045264959e+09
1.710872603529572010e+09
1.710872605014297009e+09
1.710872606498886108e+09
1.710872607983562946e+09
1.710872609468620062e+09
1.710872610975656033e+09
1.710872612459902048e+09
1.710872613944753885e+09
1.710872615428936958e+09
1.710872616913283110e+09
1.710872618398045063e+09
1.710872619882936001e+09
1.710872621390122890e+09
1.710872622874670982e+09
1.710872624359076977e+09
1.710872625843673944e+09
1.710872627328275919e+09
1.710872628812666893e+09
1.710872630297300100e+09
1.710872631804617882e+09
1.710872633288893938e+09
1.710872634773308039e+09
1.710872636257864952e+09
1.710872637742441893e+09
1.710872639227055073e+09
1.710872640712074995e+09
1.710872642218983889e+09
1.710872643703917027e+09
1.710872645190231085e+09
1.710872646672991991e+09
1.710872648157421112e+09
1.710872649642290115e+09
1.710872651127496004e+09
1.710872652634285927e+09
1.710872654118740082e+09
1.710872655603216887e+09
1.710872657087855101e+09
1.710872658572670937e+09
1.710872660057571888e+09
1.710872661542851925e+09
1.710872663050065994e+09
1.710872664534663916e+09
1.710872666019054890e+09
1.710872667503678083e+09
1.710872668988461018e+09
1.710872670473453999e+09
1.710872671958900928e+09
1.710872673465965033e+09
1.710872674950367928e+09
1.710872676434849024e+09
1.710872677919230938e+09
1.710872679404033899e+09
1.710872680888834000e+09
1.710872682374403954e+09
1.710872683881479025e+09
1.710872685366089106e+09
1.710872686850735903e+09
1.710872688335179090e+09
1.710872689819901943e+09
1.710872691304719925e+09
1.710872692790934086e+09
1.710872694297483921e+09
1.710872695782126904e+09
1.710872697266557932e+09
1.710872698751096964e+09
1.710872700235503912e+09
1.710872701720314026e+09
1.710872703205357075e+09
1.710872704712378025e+09
1.710872706196923018e+09
1.710872707681327105e+09
1.710872709165972948e+09
1.710872710650729895e+09
1.710872712135373116e+09
1.710872713621090889e+09
1.710872715127748013e+09
1.710872716612222910e+09
1.710872718096920013e+09
1.710872719581377983e+09
1.710872721066122055e+09
1.710872722550658941e+09
1.710872724036437035e+09
1.710872725542893887e+09
1.710872727027340889e+09
1.710872728511914015e+09
1.710872729996608973e+09
1.710872731481070042e+09
1.710872732966327906e+09
1.710872734450890064e+09
1.710872735958069086e+09
1.710872737442718983e+09
1.710872738927342892e+09
1.710872740411990881e+09
1.710872741896486044e+09
1.710872743380826950e+09
1.710872744865973949e+09
1.710872746372860909e+09
1.710872747857194901e+09
1.710872749341995001e+09
1.710872750826334953e+09
1.710872752311036110e+09
1.710872753796180010e+09
1.710872755281109095e+09
1.710872756788341045e+09
1.710872758272826910e+09
1.710872759757498026e+09
1.710872761241951942e+09
1.710872762726500988e+09
1.710872764211334944e+09
1.710872765696734905e+09
1.710872767204072952e+09
1.710872768689167976e+09
1.710872770174335003e+09
1.710872771659198999e+09
1.710872773144124031e+09
1.710872774629185915e+09
1.710872776114454985e+09
1.710872777621301889e+09
1.710872779107527971e+09
1.710872780590361118e+09
1.710872782074800968e+09
1.710872783559572935e+09
1.710872785044416904e+09
1.710872786529931068e+09
1.710872788036798000e+09
1.710872789521624088e+09
1.710872791006052971e+09
1.710872792490274906e+09
1.710872793974925995e+09
1.710872795459291935e+09
1.710872796944428921e+09
1.710872798451311111e+09
1.710872799936117887e+09
1.710872801420531988e+09
1.710872802905309916e+09
1.710872804390197039e+09
1.710872805874654055e+09
1.710872807360133886e+09
1.710872808867520094e+09
1.710872810351960897e+09
1.710872811836822987e+09
1.710872813321805000e+09
1.710872814806833982e+09
1.710872816291389942e+09
1.710872817778059959e+09
1.710872819284208059e+09
1.710872820769017935e+09
1.710872822253631115e+09
1.710872823738403082e+09
1.710872825223016024e+09
1.710872826707784891e+09
1.710872828193049908e+09
1.710872829700228930e+09
1.710872831184851885e+09
1.710872832669392109e+09
1.710872834154078960e+09
1.710872835638688087e+09
1.710872837123109102e+09
1.710872838608746052e+09
1.710872840115761042e+09
1.710872841600311041e+09
1.710872843085120916e+09
1.710872844569678068e+09
1.710872846054605007e+09
1.710872847539242983e+09
1.710872849024914026e+09
1.710872850532217979e+09
1.710872852017072916e+09
1.710872853502090931e+09
1.710872854987010956e+09
1.710872856471991062e+09
1.710872857979764938e+09
1.710872859465275049e+09
1.710872860974196911e+09
1.710872862457146883e+09
1.710872863941941977e+09
1.710872865426691055e+09
1.710872866911992073e+09
1.710872868397331953e+09
1.710872869883943081e+09
1.710872871391238928e+09
1.710872872876770973e+09
1.710872874362255096e+09
1.710872875847683907e+09
1.710872877333184004e+09
1.710872878818635941e+09
1.710872880305104017e+09
1.710872881812501907e+09
1.710872883297789097e+09
1.710872884783023119e+09
1.710872886268731117e+09
1.710872887754173994e+09
1.710872889239367962e+09
1.710872890726037025e+09
1.710872892232620955e+09
1.710872893717374086e+09
1.710872895202178001e+09
1.710872896686871052e+09
1.710872898171710968e+09
1.710872899656259060e+09
1.710872901141941071e+09
1.710872902648750067e+09
1.710872904133569956e+09
1.710872905618304968e+09
1.710872907102821112e+09
1.710872908587742090e+09
1.710872910072304010e+09
1.710872911557862997e+09
1.710872913064976931e+09
1.710872914550116062e+09
1.710872916035022974e+09
1.710872917519820929e+09
1.710872919004637957e+09
1.710872920489401102e+09
1.710872921975624084e+09
1.710872923482341051e+09
1.710872924966945887e+09
1.710872926451693058e+09
1.710872927936477900e+09
1.710872929421242952e+09
1.710872930906225920e+09
1.710872932391549110e+09
1.710872933898739100e+09
1.710872935383522987e+09
1.710872936868140936e+09
1.710872938353065968e+09
1.710872939837953091e+09
1.710872941322494984e+09
1.710872942808208942e+09
1.710872944318034887e+09
1.710872945800353050e+09
1.710872947284862995e+09
1.710872948769565105e+09
1.710872950257524967e+09
1.710872951739270926e+09
1.710872953224742889e+09
1.710872954732217073e+09
1.710872956216491938e+09
1.710872957701051950e+09
1.710872959185939074e+09
1.710872960670331001e+09
1.710872962155013084e+09
1.710872963640253067e+09
1.710872965147679090e+09
1.710872966632287979e+09
1.710872968116900921e+09
1.710872969647974014e+09
1.710872971132869005e+09
1.710872972623562098e+09
1.710872974125657082e+09
1.710872975610347033e+09
1.710872977094872952e+09
1.710872978579852104e+09
1.710872980087841988e+09
1.710872981572732925e+09
1.710872983057495117e+09
1.710872984542517900e+09
1.710872986050335884e+09
1.710872987535387039e+09
1.710872989019565105e+09
1.710872990504653931e+09
1.710872991989216089e+09
1.710872993474092007e+09
1.710872994959479094e+09
1.710872996466659069e+09
1.710872997951220036e+09
1.710872999435731888e+09
1.710873000920351982e+09
1.710873002405111074e+09
1.710873003890355110e+09
1.710873005375458956e+09
1.710873006883188009e+09
1.710873008368479967e+09
1.710873009854132891e+09
1.710873011339262962e+09
1.710873012824476004e+09
1.710873014309621096e+09
1.710873015795609951e+09
1.710873017303407907e+09
1.710873018788621902e+09
1.710873020273890018e+09
1.710873021759141922e+09
1.710873023244468927e+09
1.710873024729994059e+09
1.710873026216166019e+09
1.710873027724051952e+09
1.710873029209367990e+09
1.710873030694475889e+09
1.710873032179698944e+09
1.710873033664966106e+09
1.710873035150247097e+09
1.710873036639336109e+09
1.710873038143728018e+09
1.710873039628814936e+09
1.710873041113924980e+09
1.710873042599189043e+09
1.710873044086409092e+09
1.710873045569962978e+09
1.710873047056404114e+09
1.710873048564002991e+09
1.710873050049101114e+09
1.710873051534295082e+09
1.710873053019448042e+09
1.710873054505028963e+09
1.710873055990211964e+09
1.710873057476155043e+09
1.710873058984240055e+09
1.710873060469341040e+09
1.710873061954511881e+09
1.710873063439800978e+09
1.710873064924648046e+09
1.710873066409492970e+09
1.710873067894813061e+09
1.710873069401823044e+09
1.710873070886133909e+09
1.710873072370774031e+09
1.710873073855338097e+09
1.710873075340194941e+09
1.710873076825005054e+09
1.710873078310651064e+09
1.710873079817574978e+09
1.710873081304598093e+09
1.710873082786864996e+09
1.710873084271574020e+09
1.710873085756428957e+09
1.710873087241138935e+09
1.710873088727055073e+09
1.710873090233628988e+09
1.710873091718003035e+09
1.710873093202625036e+09
1.710873094686980009e+09
1.710873096171633959e+09
1.710873097655920029e+09
1.710873099142879963e+09
1.710873100648179054e+09
1.710873102132733107e+09
1.710873103617331028e+09
1.710873105102410078e+09
1.710873106586735964e+09
1.710873108071666002e+09
1.710873109556788921e+09
1.710873111065541983e+09
1.710873112548729897e+09
1.710873114033041954e+09
1.710873115517627954e+09
1.710873117002417088e+09
1.710873118487163067e+09
1.710873119972979069e+09
1.710873121481251955e+09
1.710873122964483023e+09
1.710873124449233055e+09
1.710873125934209108e+09
1.710873127418811083e+09
1.710873128903435946e+09
1.710873130389255047e+09
1.710873131895776987e+09
1.710873133380394936e+09
1.710873134866818905e+09
1.710873136349606991e+09
1.710873137834095955e+09
1.710873139318681002e+09
1.710873140803960085e+09
1.710873142311466932e+09
1.710873143796184063e+09
1.710873145282655954e+09
1.710873146765748978e+09
1.710873148250612020e+09
1.710873149735342026e+09
1.710873151223437071e+09
1.710873152728373051e+09
1.710873154213457108e+09
1.710873155698493958e+09
1.710873157185132027e+09
1.710873158668544054e+09
1.710873160153621912e+09
1.710873161639322042e+09
1.710873163147897005e+09
1.710873164631541967e+09
1.710873166116676092e+09
1.710873167601062059e+09
1.710873169087079048e+09
1.710873170570453882e+09
1.710873172056061983e+09
1.710873173563448906e+09
1.710873175048135996e+09
1.710873176532721043e+09
1.710873178017512083e+09
1.710873179502476931e+09
1.710873180987307072e+09
1.710873182472899914e+09
1.710873183980350971e+09
1.710873185465368986e+09
1.710873186950526953e+09
1.710873188435204029e+09
1.710873189919706106e+09
1.710873191404540062e+09
1.710873192890224934e+09
1.710873194397193909e+09
1.710873195882118940e+09
1.710873197366631985e+09
1.710873198851499081e+09
1.710873200336523056e+09
1.710873201821484089e+09
1.710873203307646990e+09
1.710873204814152956e+09
1.710873206298995972e+09
1.710873207783767939e+09
1.710873209268326044e+09
1.710873210752998114e+09
1.710873212237575054e+09
1.710873213723031044e+09
1.710873215229923010e+09
1.710873216714242935e+09
1.710873218198697090e+09
1.710873219683204889e+09
1.710873221167788982e+09
1.710873222652683973e+09
1.710873224138268948e+09
1.710873225645189047e+09
1.710873227130074978e+09
1.710873228614913940e+09
1.710873230122962952e+09
1.710873231607867956e+09
1.710873233092796087e+09
1.710873234578627110e+09
1.710873236085916042e+09
1.710873237570287943e+09
1.710873239054770947e+09
1.710873240539524078e+09
1.710873242024535894e+09
1.710873243508959055e+09
1.710873244993554115e+09
1.710873246478396893e+09
1.710873247962769032e+09
1.710873249447637081e+09
1.710873250955468893e+09
1.710873252440041065e+09
1.710873253924817085e+09
1.710873255410317898e+09
1.710873256917373896e+09
1.710873258402132988e+09
1.710873259886810064e+09
1.710873261372241974e+09
1.710873262856046915e+09
1.710873264340497971e+09
1.710873265825988054e+09
1.710873267332753897e+09
1.710873268817092896e+09
1.710873270301681042e+09
1.710873271786086082e+09
1.710873273270390987e+09
1.710873274754882097e+09
1.710873276239994049e+09
1.710873277746953011e+09
1.710873279231347084e+09
1.710873280715990067e+09
1.710873282202455044e+09
1.710873283684834957e+09
1.710873285169321060e+09
1.710873286654493093e+09
1.710873288163028002e+09
1.710873289646156073e+09
1.710873291130650043e+09
1.710873292614769936e+09
1.710873294100419044e+09
1.710873295583303928e+09
1.710873297068525076e+09
1.710873298575098038e+09
1.710873300060977936e+09
1.710873301543973923e+09
1.710873303051594973e+09
1.710873304535785913e+09
1.710873306019973993e+09
1.710873307505141973e+09
1.710873309011991024e+09
1.710873310496480942e+09
1.710873311980946064e+09
1.710873313465637922e+09
1.710873314950187922e+09
1.710873316434827089e+09
1.710873317920516968e+09
1.710873319427715063e+09
1.710873320911952972e+09
1.710873322396564960e+09
1.710873323881263018e+09
1.710873325388977051e+09
1.710873326896436930e+09
1.710873328381546021e+09
1.710873329888365984e+09
1.710873331372613907e+09
1.710873332856806993e+09
1.710873334340924025e+09
1.710873335825361967e+09
1.710873337309644938e+09
1.710873338794665098e+09
1.710873340301239014e+09
1.710873341785413980e+09
1.710873343269603968e+09
1.710873344754183054e+09
1.710873346238595009e+09
1.710873347722606897e+09
1.710873349208228111e+09
1.710873350714468002e+09
1.710873352198858976e+09
1.710873353683283091e+09
1.710873355167654991e+09
1.710873356651918888e+09
1.710873358138573885e+09
1.710873359621953011e+09
1.710873361128609896e+09
1.710873362612952948e+09
1.710873364099102974e+09
1.710873365582096100e+09
1.710873367066301107e+09
1.710873368550712109e+09
1.710873370036096096e+09
1.710873371542876959e+09
1.710873373027271986e+09
1.710873374511482954e+09
1.710873376019285917e+09
1.710873377503643990e+09
1.710873378988358974e+09
1.710873380473645926e+09
1.710873381980783939e+09
1.710873383465234041e+09
1.710873384949543953e+09
1.710873386433993101e+09
1.710873387918731928e+09
1.710873389404059887e+09
1.710873390889281034e+09
1.710873392397978067e+09
1.710873393882057905e+09
1.710873395367304087e+09
1.710873396875483990e+09
1.710873398360753059e+09
1.710873399846000910e+09
1.710873401331023932e+09
1.710873402839445114e+09
1.710873404324670076e+09
1.710873405809684992e+09
1.710873407294887066e+09
1.710873408779885054e+09
1.710873410264889002e+09
1.710873411750732899e+09
1.710873413258255005e+09
1.710873414743311882e+09
1.710873416228276968e+09
1.710873417713531971e+09
1.710873419198422909e+09
1.710873420683614016e+09
1.710873422169398069e+09
1.710873423676651955e+09
1.710873425161845922e+09
1.710873426646872997e+09
1.710873428131968021e+09
1.710873429616652966e+09
1.710873431101552963e+09
1.710873432587687016e+09
1.710873434094860077e+09
1.710873435579586029e+09
1.710873437064630032e+09
1.710873438549415112e+09
1.710873440033998013e+09
1.710873441518765926e+09
1.710873443004441023e+09
1.710873444511603117e+09
1.710873445996251106e+09
1.710873447480978966e+09
1.710873448966001034e+09
1.710873450450869083e+09
1.710873451935964108e+09
1.710873453421618938e+09
1.710873454928962946e+09
1.710873456413872004e+09
1.710873457898772001e+09
1.710873459383714914e+09
1.710873460868649006e+09
1.710873462353820086e+09
1.710873463839656115e+09
1.710873465370450020e+09
1.710873466855315924e+09
1.710873468340706110e+09
1.710873469825886965e+09
1.710873471310888052e+09
1.710873472795036077e+09
1.710873474279457092e+09
1.710873475763928890e+09
1.710873477248358965e+09
1.710873478732646942e+09
1.710873480216804981e+09
1.710873481701498985e+09
1.710873483186017036e+09
1.710873484670111895e+09
1.710873486154562950e+09
1.710873487638900042e+09
1.710873489123389006e+09
1.710873490607486963e+09
1.710873492091674089e+09
1.710873493575443029e+09
1.710873495068500996e+09
1.710873496566860914e+09
1.710873498050864935e+09
1.710873499535041094e+09
1.710873501019494057e+09
1.710873502504213095e+09
1.710873503988825083e+09
1.710873505472843885e+09
1.710873506957283020e+09
1.710873508441917896e+09
1.710873509926130056e+09
1.710873511435969114e+09
1.710873512940968990e+09
1.710873514425657034e+09
1.710873515910057068e+09
1.710873517418109894e+09
1.710873518902458906e+09
1.710873520386837959e+09
1.710873521894445896e+09
1.710873523378776073e+09
1.710873524862926960e+09
1.710873526347297907e+09
1.710873527831459999e+09
1.710873529317224026e+09
1.710873530823054075e+09
1.710873532330620050e+09
1.710873533814919949e+09
1.710873535299206972e+09
1.710873536783433914e+09
1.710873538267868996e+09
1.710873539752233982e+09
1.710873541238285065e+09
1.710873542720658064e+09
1.710873544204826117e+09
1.710873545688910007e+09
1.710873547174592972e+09
1.710873548657437086e+09
1.710873550142393112e+09
1.710873551627280951e+09
1.710873553113625050e+09
1.710873554597265959e+09
1.710873556082282066e+09
1.710873557567265987e+09
1.710873559052783012e+09
1.710873560537326097e+09
1.710873562022294044e+09
1.710873563506445885e+09
1.710873564990658045e+09
1.710873566474877119e+09
1.710873567959388018e+09
1.710873569443617105e+09
1.710873570928092003e+09
1.710873572412553072e+09
1.710873573897125959e+09
1.710873575381550074e+09
1.710873576865926981e+09
1.710873578350610018e+09
1.710873579835035086e+09
1.710873581319766045e+09
1.710873582804209948e+09
1.710873584288635015e+09
1.710873585773219109e+09
1.710873587280798912e+09
1.710873588765136003e+09
1.710873590249424934e+09
1.710873591734038115e+09
1.710873593219810963e+09
1.710873594703145027e+09
1.710873596187597990e+09
1.710873597671952009e+09
1.710873599157903910e+09
1.710873600640847921e+09
1.710873602125016928e+09
1.710873603609491110e+09
1.710873605095917940e+09
1.710873606578254938e+09
1.710873608062772036e+09
1.710873609547194958e+09
1.710873611033529043e+09
1.710873612516005039e+09
1.710873614000263929e+09
1.710873615484667063e+09
1.710873616969166994e+09
1.710873618453408003e+09
1.710873619937760115e+09
1.710873621422244072e+09
1.710873622906862020e+09
1.710873624391249895e+09
1.710873625876115084e+09
1.710873627360459089e+09
1.710873628844993114e+09
1.710873630329154968e+09
1.710873631813477993e+09
1.710873633297866106e+09
1.710873634782136917e+09
1.710873636266472101e+09
1.710873637750586033e+09
1.710873639234631062e+09
1.710873640718915939e+09
1.710873642226622105e+09
1.710873643711071014e+09
1.710873645195805073e+09
1.710873646680505991e+09
1.710873648164167881e+09
1.710873649648355007e+09
1.710873651132925034e+09
1.710873652617424011e+09
1.710873654102133989e+09
1.710873655586651087e+09
1.710873657071260929e+09
1.710873658555529118e+09
1.710873660040177107e+09
1.710873661524249077e+09
1.710873663009203911e+09
1.710873664493015051e+09
1.710873665977086067e+09
1.710873667461330891e+09
1.710873668945653915e+09
1.710873670430144072e+09
1.710873671914545059e+09
1.710873673398963928e+09
1.710873674883766890e+09
1.710873676367259979e+09
1.710873677851471901e+09
1.710873679335885048e+09
1.710873680820457935e+09
1.710873682304698944e+09
1.710873683788846016e+09
1.710873685273205042e+09
1.710873686757400036e+09
1.710873688241956949e+09
1.710873689726490021e+09
1.710873691210640907e+09
1.710873692697179079e+09
1.710873694179637909e+09
1.710873695664267063e+09
1.710873697149179935e+09
1.710873698633996964e+09
1.710873700118602037e+09
1.710873701603465080e+09
1.710873703088258028e+09
1.710873704573297977e+09
1.710873706057920933e+09
1.710873707542654037e+09
1.710873709027237892e+09
1.710873710511930943e+09
1.710873711997003078e+09
1.710873713481731892e+09
1.710873714966557980e+09
1.710873716451225042e+09
1.710873717936147928e+09
1.710873719420756102e+09
1.710873720905340910e+09
1.710873722389831066e+09
1.710873723874156952e+09
1.710873725382231951e+09
1.710873726866920948e+09
1.710873728351217031e+09
1.710873729835975885e+09
1.710873731320257902e+09
1.710873732804532051e+09
1.710873734288912058e+09
1.710873735773215055e+09
1.710873737257477999e+09
1.710873738742158890e+09
1.710873740227941036e+09
1.710873741710733891e+09
1.710873743195090055e+09
1.710873744679543018e+09
1.710873746165431976e+09
1.710873747648315907e+09
1.710873749132642984e+09
1.710873750616892099e+09
1.710873752102705002e+09
1.710873753585860014e+09
1.710873755070139885e+09
1.710873756554470062e+09
1.710873758039633036e+09
1.710873759522833109e+09
1.710873761008860111e+09
1.710873762491950035e+09
1.710873763976603031e+09
1.710873765461247921e+09
1.710873766945880890e+09
1.710873768430655956e+09
1.710873769915103912e+09
1.710873771399691105e+09
1.710873772884052992e+09
1.710873774368582010e+09
1.710873775852931023e+09
1.710873777337610960e+09
1.710873778822349072e+09
1.710873780307301044e+09
1.710873781791695118e+09
1.710873783298924923e+09
1.710873784783046961e+09
1.710873786267309904e+09
1.710873787751439095e+09
1.710873789235219955e+09
1.710873790719335079e+09
1.710873792203511000e+09
1.710873793687743902e+09
1.710873795172092915e+09
1.710873796656482935e+09
1.710873798140801907e+09
1.710873799625196934e+09
1.710873801109154940e+09
1.710873802593338966e+09
1.710873804077614069e+09
1.710873805561912060e+09
1.710873807046416044e+09
1.710873808554143906e+09
1.710873810038522959e+09
1.710873811522912025e+09
1.710873813007632971e+09
1.710873814492258072e+09
1.710873815978533030e+09
1.710873817461426020e+09
1.710873818992306948e+09
1.710873820477015018e+09
1.710873821961421967e+09
1.710873823446110010e+09
1.710873824930286884e+09
1.710873826414572954e+09
1.710873827898936033e+09
1.710873829383373976e+09
1.710873830867598057e+09
1.710873832351665974e+09
1.710873833835813046e+09
1.710873835320151091e+09
1.710873836804646015e+09
1.710873838290734053e+09
1.710873839773494959e+09
1.710873841258147955e+09
1.710873842742224932e+09
1.710873844226670980e+09
1.710873845711188078e+09
1.710873847195554972e+09
1.710873848679853916e+09
1.710873850164432049e+09
1.710873851648647070e+09
1.710873853133342028e+09
1.710873854642189026e+09
1.710873856159446955e+09
1.710873857655706882e+09
1.710873859139894962e+09
1.710873860624222994e+09
1.710873862109842062e+09
1.710873863592736959e+09
1.710873865078471899e+09
1.710873866584945917e+09
1.710873868069559097e+09
1.710873869553896904e+09
1.710873871038466930e+09
1.710873872522857904e+09
1.710873874007313013e+09
1.710873875492486954e+09
1.710873876999181032e+09
1.710873878483784914e+09
1.710873879968214035e+09
1.710873881453119040e+09
1.710873882937000990e+09
1.710873884421511889e+09
1.710873885906903028e+09
1.710873887413630009e+09
1.710873888898257971e+09
1.710873890383301020e+09
1.710873891867784023e+09
1.710873893353260994e+09
1.710873894836853981e+09
1.710873896322017908e+09
1.710873897828922987e+09
1.710873899313240051e+09
1.710873900797965050e+09
1.710873902282566071e+09
1.710873903767226934e+09
1.710873905251595974e+09
1.710873906737660885e+09
1.710873908244220018e+09
1.710873909728679895e+09
1.710873911213350058e+09
1.710873912698107958e+09
1.710873914182804108e+09
1.710873915690515995e+09
1.710873917176397085e+09
1.710873918706312895e+09
1.710873920191822052e+09
1.710873921674812078e+09
1.710873923159250021e+09
1.710873924643982887e+09
1.710873926130058050e+09
1.710873927613430977e+09
1.710873929120141983e+09
1.710873930604322910e+09
1.710873932091103077e+09
1.710873933572478056e+09
1.710873935056600094e+09
1.710873936541172028e+09
1.710873938026731014e+09
1.710873939533610106e+09
1.710873941018246889e+09
1.710873942503004074e+09
1.710873943986967087e+09
1.710873945471575975e+09
1.710873946956199884e+09
1.710873948441576958e+09
1.710873949948581934e+09
1.710873951433212996e+09
1.710873952941080093e+09
1.710873954471993923e+09
1.710873955956512928e+09
1.710873957440653086e+09
1.710873958924772024e+09
1.710873960455636024e+09
1.710873961940170050e+09
1.710873963424885988e+09
1.710873964932581902e+09
1.710873966417254925e+09
1.710873967901927948e+09
1.710873969386322021e+09
1.710873970870764971e+09
1.710873972355195999e+09
1.710873973839883089e+09
1.710873975347708941e+09
1.710873976832324028e+09
1.710873978316910028e+09
1.710873979801525116e+09
1.710873981285883904e+09
1.710873982770281076e+09
1.710873984254894972e+09
1.710873985739499092e+09
1.710873987224065065e+09
1.710873988709810019e+09
1.710873990193027020e+09
1.710873991677545071e+09
1.710873993162277937e+09
1.710873994646847963e+09
1.710873996131592035e+09
1.710873997616261005e+09
1.710873999100768089e+09
1.710874000585376024e+09
1.710874002069816113e+09
1.710874003554244995e+09
1.710874005038662910e+09
1.710874006523243904e+09
1.710874008007678032e+09
1.710874009491782904e+09
1.710874010976006031e+09
1.710874012460056067e+09
1.710874013944384098e+09
1.710874015451951981e+09
1.710874016936378956e+09
1.710874018420769930e+09
1.710874019905042887e+09
1.710874021389426947e+09
1.710874022873769045e+09
1.710874024358118057e+09
1.710874025842820883e+09
1.710874027327061892e+09
1.710874028811295986e+09
1.710874030297102928e+09
1.710874031779815912e+09
1.710874033264046907e+09
1.710874034748189926e+09
1.710874036232357979e+09
1.710874037716243029e+09
1.710874039200862885e+09
1.710874040685436010e+09
1.710874042171266079e+09
1.710874043653665066e+09
1.710874045138053894e+09
1.710874046622365952e+09
1.710874048129988909e+09
1.710874049614331007e+09
1.710874051098756075e+09
1.710874052583101988e+09
1.710874054113888025e+09
1.710874055621159077e+09
1.710874057105585098e+09
1.710874058590250015e+09
1.710874060074711084e+09
1.710874061559279919e+09
1.710874063044245958e+09
1.710874064551143885e+09
1.710874066035723925e+09
1.710874067520061016e+09
1.710874069004511118e+09
1.710874070488888979e+09
1.710874071973212957e+09
1.710874073458596945e+09
1.710874074965266943e+09
1.710874076449960947e+09
1.710874077934660912e+09
1.710874079419236898e+09
1.710874080903683901e+09
1.710874082388151884e+09
1.710874083873399019e+09
1.710874085380501032e+09
1.710874086865086079e+09
1.710874088350332975e+09
1.710874089834161043e+09
1.710874091341933012e+09
1.710874092826318979e+09
1.710874094311655045e+09
1.710874095818450928e+09
1.710874097303035021e+09
1.710874098787653923e+09
1.710874100272490025e+09
1.710874101757294893e+09
1.710874103241919041e+09
1.710874104727238894e+09
1.710874106233612061e+09
1.710874107718257904e+09
1.710874109202610016e+09
1.710874110686836958e+09
1.710874112171154976e+09
1.710874113655122995e+09
1.710874115140552998e+09
1.710874116646908998e+09
1.710874118131522894e+09
1.710874119615962029e+09
1.710874121099775076e+09
1.710874122583749056e+09
1.710874124070019007e+09
1.710874125552566051e+09
1.710874127059359074e+09
1.710874128543632984e+09
1.710874130029557943e+09
1.710874131511909962e+09
1.710874132996364117e+09
1.710874134480824947e+09
1.710874135965646029e+09
1.710874137472255945e+09
1.710874138956650972e+09
1.710874140440507889e+09
1.710874141924580097e+09
1.710874143408762932e+09
1.710874144892697096e+09
1.710874146378313065e+09
1.710874147885236979e+09
1.710874149369976044e+09
1.710874150854617119e+09
1.710874152339318991e+09
1.710874153847055912e+09
1.710874155354795933e+09
1.710874156887223005e+09
1.710874158393524885e+09
1.710874159878034115e+09
1.710874161362323046e+09
1.710874162846823931e+09
1.710874164331166029e+09
1.710874165815300941e+09
1.710874167300354004e+09
1.710874168807295084e+09
1.710874170291743040e+09
1.710874171776046038e+09
1.710874173261629105e+09
1.710874174744937897e+09
1.710874176229433060e+09
1.710874177715152979e+09
1.710874179222035885e+09
1.710874180706429958e+09
1.710874182191102982e+09
1.710874183699069977e+09
1.710874185183712006e+09
1.710874186667754889e+09
1.710874188154045105e+09
1.710874189659324884e+09
1.710874191143264055e+09
1.710874192627401114e+09
1.710874194111145020e+09
1.710874195594784021e+09
1.710874197078528881e+09
1.710874198562906981e+09
1.710874200069194078e+09
1.710874201553600073e+09
1.710874203038137913e+09
1.710874204522242069e+09
1.710874206006619930e+09
1.710874207491321087e+09
1.710874208976543903e+09
1.710874210482784986e+09
1.710874211966779947e+09
1.710874213450644970e+09
1.710874214934698105e+09
1.710874216418682098e+09
1.710874217902621031e+09
1.710874219387438059e+09
1.710874220894190073e+09
1.710874222378386021e+09
1.710874223862622976e+09
1.710874225370110989e+09
1.710874226877279043e+09
1.710874228361447096e+09
1.710874229846688986e+09
1.710874231376107931e+09
1.710874232861382961e+09
1.710874234367213011e+09
1.710874235851103067e+09
1.710874237335129023e+09
1.710874238819328070e+09
1.710874240303791046e+09
1.710874241788001060e+09
1.710874243272202969e+09
1.710874244756396055e+09
1.710874246240741968e+09
1.710874247724828959e+09
1.710874249208910942e+09
1.710874250693308115e+09
1.710874252177411079e+09
1.710874253661572933e+09
1.710874255145591021e+09
1.710874256630006075e+09
1.710874258114149094e+09
1.710874259598344088e+09
1.710874261082812071e+09
1.710874262566967964e+09
1.710874264051070929e+09
1.710874265535454035e+09
1.710874267019788980e+09
1.710874268504153013e+09
1.710874269988637924e+09
1.710874271472944021e+09
1.710874272957418919e+09
1.710874274442069054e+09
1.710874275926482916e+09
1.710874277410790920e+09
1.710874278918143034e+09
1.710874280402364969e+09
1.710874281886358023e+09
1.710874283370325089e+09
1.710874284854424953e+09
1.710874286338618994e+09
1.710874287823043108e+09
1.710874289307378054e+09
1.710874290814924955e+09
1.710874292299289942e+09
1.710874293783366919e+09
1.710874295267683983e+09
1.710874296751746893e+09
1.710874298237555981e+09
1.710874299720277071e+09
1.710874301204328060e+09
1.710874302688453913e+09
1.710874304173018932e+09
1.710874305657319069e+09
1.710874307142276049e+09
1.710874308624996901e+09
1.710874310111495018e+09
1.710874311593408108e+09
1.710874313077280045e+09
1.710874314561395884e+09
1.710874316045232058e+09
1.710874317529347897e+09
1.710874319013525963e+09
1.710874320497534990e+09
1.710874321981626034e+09
1.710874323488773108e+09
1.710874324972126007e+09
1.710874326456041098e+09
1.710874327940396070e+09
1.710874329424704075e+09
1.710874330932104111e+09
1.710874332439487934e+09
1.710874333923461914e+09
1.710874335407691956e+09
1.710874336891978979e+09
1.710874338376130104e+09
1.710874339860572100e+09
1.710874341344770908e+09
1.710874342829168081e+09
1.710874344313684940e+09
1.710874345797895908e+09
1.710874347282124043e+09
1.710874348766478062e+09
1.710874350250729084e+09
1.710874351734891891e+09
1.710874353218991995e+09
1.710874354702845097e+09
1.710874356210264921e+09
1.710874357694361925e+09
1.710874359178664923e+09
1.710874360662537098e+09
1.710874362169987917e+09
1.710874363654264927e+09
1.710874365139213085e+09
1.710874366622000933e+09
1.710874368105993032e+09
1.710874369590085983e+09
1.710874371075783968e+09
1.710874372557981014e+09
1.710874374041342020e+09
1.710874375525186062e+09
1.710874377009162903e+09
1.710874378493334055e+09
1.710874379977446079e+09
1.710874381463696957e+09
1.710874382946060896e+09
1.710874384430206060e+09
1.710874385914679050e+09
1.710874387422142029e+09
1.710874388906402111e+09
1.710874390390350103e+09
1.710874391878784895e+09
1.710874393382085085e+09
1.710874394866399050e+09
1.710874396350868940e+09
1.710874397835206985e+09
1.710874399319401026e+09
1.710874400803401947e+09
1.710874402288089991e+09
1.710874403794533968e+09
1.710874405278831005e+09
1.710874406762681961e+09
1.710874408246695042e+09
1.710874409744155884e+09
1.710874411238027096e+09
1.710874412723275900e+09
1.710874414229424000e+09
1.710874415714020014e+09
1.710874417221467018e+09
1.710874418729073048e+09
1.710874420213368893e+09
1.710874421720526934e+09
1.710874423229562998e+09
1.710874424735609055e+09
1.710874426242932081e+09
1.710874427750231028e+09
1.710874429303968906e+09
1.710874430787678957e+09
1.710874432318239927e+09
1.710874433803085089e+09
1.710874435332700968e+09
1.710874436816728115e+09
1.710874438301929951e+09
1.710874439877459049e+09
1.710874441361494064e+09
1.710874442845530987e+09
1.710874444354129076e+09
1.710874445883135080e+09
1.710874447390573978e+09
1.710874448874598980e+09
1.710874450382190943e+09
1.710874451866293907e+09
1.710874453372961044e+09
1.710874454927463055e+09
1.710874456433326006e+09
1.710874457940154076e+09
1.710874459424122095e+09
1.710874460908137083e+09
1.710874462392121077e+09
1.710874463899285078e+09
1.710874465429780960e+09
1.710874466914022923e+09
1.710874468398047924e+09
1.710874469905102015e+09
1.710874471389336109e+09
1.710874472896334887e+09
1.710874474403793097e+09
1.710874475888010025e+09
1.710874477395504951e+09
1.710874478903111935e+09
1.710874480410312891e+09
1.710874481917572021e+09
1.710874483424941063e+09
1.710874484932403088e+09
1.710874486439630985e+09
1.710874487947022915e+09
1.710874489478203058e+09
1.710874490962688923e+09
1.710874492469613075e+09
1.710874493977096081e+09
1.710874495484709024e+09
1.710874497014808893e+09
1.710874498498617887e+09
1.710874499983189106e+09
1.710874501466777086e+09
1.710874502997219086e+09
1.710874504504066944e+09
1.710874505988681078e+09
1.710874507495234013e+09
1.710874509002806902e+09
1.710874510509268999e+09
1.710874512016585112e+09
1.710874513546828032e+09
1.710874514133171082e+09
