1.703102579917344093e+09
1.703102581253282070e+09
1.703102582585650921e+09
1.703102583921518087e+09
1.703102585201834917e+09
1.703102604802153111e+09
1.703102606253997087e+09
1.703102607709860086e+09
1.703102607907474995e+09
1.703102665971014023e+09
1.703102667306354046e+09
1.703102668638638020e+09
1.703102670093976974e+09
1.703102671553968906e+09
1.703102672855447054e+09
1.703102698964052916e+09
1.703102700413573027e+09
1.703102701881983042e+09
1.703102703164258957e+09
1.703102940024364948e+09
1.703102941736475945e+09
1.703102943171478987e+09
