1.709758521065903902e+09
1.709758522643532038e+09
1.709758524243978024e+09
1.709758525728909016e+09
1.709758527236140013e+09
1.709758528722517014e+09
1.709758530321913958e+09
1.709758531922060966e+09
1.709758533522667885e+09
1.709758535122976065e+09
1.709758536745889902e+09
1.709758538346640110e+09
1.709758539946794033e+09
1.709758541570549011e+09
1.709758543194114923e+09
1.709758544840239048e+09
1.709758546440150023e+09
1.709758548040332079e+09
1.709758549663317919e+09
1.709758551286614895e+09
1.709758552910115957e+09
1.709758554533683062e+09
1.709758556134386063e+09
1.709758557733556032e+09
1.709758559357561111e+09
1.709758560981228113e+09
1.709758562580931902e+09
1.709758564180809021e+09
1.709758565804693937e+09
1.709758567429198980e+09
1.709758569052017927e+09
1.709758570676212072e+09
1.709758572275432110e+09
1.709758573899188042e+09
1.709758575522398949e+09
1.709758577122407913e+09
1.709758578746088982e+09
1.709758580369565964e+09
1.709758581969935894e+09
1.709758583570843935e+09
1.709758585193907022e+09
1.709758586794445038e+09
1.709758588419056892e+09
1.709758590040786982e+09
1.709758591664474964e+09
1.709758593264712095e+09
1.709758594888076067e+09
1.709758596512500048e+09
1.709758598112272024e+09
1.709758599712765932e+09
1.709758601335927963e+09
1.709758602959539890e+09
1.709758604560107946e+09
1.709758606183450937e+09
1.709758607806272030e+09
1.709758609429801941e+09
1.709758611053277016e+09
1.709758612677217007e+09
1.709758614276995897e+09
1.709758615901339054e+09
1.709758617524425983e+09
1.709758619148253918e+09
1.709758620771833897e+09
1.709758622395194054e+09
1.709758623996053934e+09
1.709758625619942904e+09
1.709758627243633986e+09
1.709758628868244886e+09
1.709758630492170095e+09
1.709758632115001917e+09
1.709758633738558054e+09
1.709758635339432001e+09
1.709758636962676048e+09
1.709758638586347103e+09
1.709758640209888935e+09
1.709758641811371088e+09
1.709758643434393883e+09
1.709758645035346985e+09
1.709758646659261942e+09
1.709758648260065079e+09
1.709758649861175060e+09
1.709758651485416889e+09
1.709758653108659029e+09
1.709758654708460093e+09
1.709758656308482885e+09
1.709758657932625055e+09
1.709758659555588961e+09
1.709758661203304052e+09
1.709758662803664923e+09
1.709758664427270889e+09
1.709758666027290106e+09
1.709758667627715111e+09
1.709758669227802992e+09
1.709758670827966928e+09
1.709758672452343941e+09
1.709758674074739933e+09
1.709758675675412893e+09
1.709758677275425911e+09
1.709758678899606943e+09
1.709758680522969007e+09
1.709758682123493910e+09
1.709758683723622084e+09
1.709758685324187040e+09
1.709758686947498083e+09
1.709758688547815084e+09
1.709758690171066999e+09
1.709758691794872999e+09
1.709758693395097971e+09
1.709758694995697021e+09
1.709758696619488001e+09
1.709758698241925955e+09
1.709758699865528107e+09
1.709758701489578962e+09
1.709758703112571001e+09
1.709758704735630989e+09
1.709758706359402895e+09
1.709758707982758999e+09
1.709758709582679987e+09
1.709758711206248999e+09
1.709758712829493999e+09
1.709758714452486038e+09
1.709758716075687885e+09
1.709758717699007988e+09
1.709758719323107004e+09
1.709758720946228027e+09
1.709758722546230078e+09
1.709758724169610023e+09
1.709758725793889046e+09
1.709758727416528940e+09
1.709758729016949892e+09
1.709758730640410900e+09
1.709758732264358044e+09
1.709758733887401104e+09
1.709758735487731934e+09
1.709758737111119986e+09
1.709758738758538008e+09
1.709758740382143974e+09
1.709758742005917072e+09
1.709758743628896952e+09
1.709758745252402067e+09
1.709758746851733923e+09
1.709758748475586891e+09
1.709758750075453043e+09
1.709758751628489971e+09
1.709758753112672091e+09
1.709758754620534897e+09
1.709758756152240992e+09
1.709758757752598047e+09
1.709758759374953985e+09
1.709758760975208044e+09
1.709758762598377943e+09
1.709758764221438885e+09
1.709758765844738960e+09
1.709758767445066929e+09
1.709758769044826984e+09
1.709758770668390989e+09
1.709758772291826963e+09
1.709758773915637016e+09
1.709758775539103985e+09
1.709758777162128925e+09
1.709758778785439968e+09
1.709758780407975912e+09
1.709758782031693935e+09
1.709758783654923916e+09
1.709758785278534889e+09
1.709758786878540993e+09
1.709758788525248051e+09
1.709758790125901937e+09
1.709758791749279976e+09
1.709758793349950075e+09
1.709758794949752092e+09
1.709758796550215960e+09
1.709758798150634050e+09
1.709758799750710011e+09
1.709758801374470949e+09
1.709758802974903107e+09
1.709758804598412037e+09
1.709758806198916912e+09
1.709758807799348116e+09
1.709758809399792910e+09
1.709758811046610117e+09
1.709758812670229912e+09
1.709758814271035910e+09
1.709758815894423962e+09
1.709758817517699003e+09
1.709758819141520977e+09
1.709758820764965057e+09
1.709758822388802052e+09
1.709758824012264967e+09
1.709758825612270117e+09
1.709758827189951897e+09
1.709758828813513041e+09
1.709758830437176943e+09
1.709758832061207056e+09
1.709758833661950111e+09
1.709758835284866095e+09
1.709758836885026932e+09
1.709758838485560894e+09
1.709758840086014986e+09
1.709758841709721088e+09
1.709758843333822012e+09
1.709758844934345007e+09
1.709758846534430027e+09
1.709758848159013987e+09
1.709758849782099009e+09
1.709758851406332016e+09
1.709758853006867886e+09
1.709758854629692078e+09
1.709758856253101110e+09
1.709758857853864908e+09
1.709758859454041004e+09
1.709758861078474998e+09
1.709758862678287983e+09
1.709758864278095961e+09
1.709758865901556015e+09
1.709758867524940968e+09
1.709758869148308039e+09
1.709758870748549938e+09
1.709758872349370003e+09
1.709758873972551107e+09
1.709758875595993996e+09
1.709758877219264984e+09
1.709758878818928003e+09
1.709758880442346096e+09
1.709758882066189051e+09
1.709758883689486027e+09
1.709758885312977076e+09
1.709758886914004087e+09
1.709758888513955116e+09
1.709758890137141943e+09
1.709758891737361908e+09
1.709758893360708952e+09
1.709758894984169960e+09
1.709758896607534885e+09
1.709758898208158970e+09
1.709758899832309008e+09
1.709758901454937935e+09
1.709758903055419922e+09
1.709758904655446053e+09
1.709758906278990984e+09
1.709758907902192116e+09
1.709758909503576994e+09
1.709758911103195906e+09
1.709758912727447987e+09
1.709758914351818085e+09
1.709758915951212883e+09
1.709758917551444054e+09
1.709758919104294062e+09
1.709758920611680031e+09
1.709758922119329929e+09
1.709758923651165962e+09
1.709758925250900984e+09
1.709758926874895096e+09
1.709758928498295069e+09
1.709758930121931076e+09
1.709758931746387005e+09
1.709758933368931055e+09
1.709758934969259024e+09
1.709758936568902016e+09
1.709758938192502022e+09
1.709758939815747976e+09
1.709758941416233063e+09
1.709758943016793013e+09
1.709758944640644073e+09
1.709758946263740063e+09
1.709758947864526987e+09
1.709758949464627028e+09
1.709758951088448048e+09
1.709758952688313007e+09
1.709758954311830044e+09
1.709758955912161112e+09
1.709758957512497902e+09
1.709758959136056900e+09
1.709758960736812115e+09
1.709758962336982012e+09
1.709758963960869074e+09
1.709758965584722042e+09
1.709758967208703041e+09
1.709758968809631109e+09
1.709758970409722090e+09
1.709758972033514023e+09
1.709758973634380102e+09
1.709758975234330893e+09
1.709758976858079910e+09
1.709758978481965065e+09
1.709758980105582952e+09
1.709758981705431938e+09
1.709758983329569101e+09
1.709758984882739067e+09
1.709758986367424965e+09
1.709758987851917982e+09
1.709758989407390118e+09
1.709758991030689955e+09
1.709758992654072046e+09
1.709758994277277946e+09
1.709758995900424004e+09
1.709758997499778986e+09
1.709758998984699011e+09
1.709759000469522953e+09
1.709759001954526901e+09
1.709759003510755062e+09
1.709759005134676933e+09
1.709759006735685110e+09
1.709759008360244989e+09
1.709759009984822035e+09
1.709759011608772993e+09
1.709759013209760904e+09
1.709759014810864925e+09
1.709759016435337067e+09
1.709759018059623957e+09
1.709759019660818100e+09
1.709759021261869907e+09
1.709759022885932922e+09
1.709759024439209938e+09
1.709759025924160957e+09
1.709759027409377098e+09
1.709759028965006113e+09
1.709759030567244053e+09
1.709759032168111086e+09
1.709759033769440889e+09
1.709759035370637894e+09
1.709759036995153904e+09
1.709759038596352100e+09
1.709759040197551966e+09
1.709759041822377920e+09
1.709759043446825981e+09
1.709759045047277927e+09
1.709759046671499014e+09
1.709759048296067953e+09
1.709759049920154095e+09
1.709759051521078110e+09
1.709759053145145893e+09
1.709759054746622086e+09
1.709759056370910883e+09
1.709759057971668005e+09
1.709759059595944881e+09
1.709759061220201969e+09
1.709759062843744993e+09
1.709759064445516109e+09
1.709759066069257975e+09
1.709759067693345070e+09
1.709759069294600010e+09
1.709759070894830942e+09
1.709759072497461081e+09
1.709759074119924068e+09
1.709759075720882893e+09
1.709759077345026016e+09
1.709759078945918083e+09
1.709759080522458076e+09
1.709759082007472038e+09
1.709759083492197990e+09
1.709759085023582935e+09
1.709759086624242067e+09
1.709759088224598885e+09
1.709759089824882030e+09
1.709759091425100088e+09
1.709759093025461912e+09
1.709759094648735046e+09
1.709759096272022963e+09
1.709759097872215986e+09
1.709759099472601891e+09
1.709759101095731974e+09
1.709759102719469070e+09
1.709759104319716930e+09
1.709759105943046093e+09
1.709759107565891981e+09
1.709759109166065931e+09
1.709759110766115904e+09
1.709759112366385937e+09
1.709759113990273952e+09
1.709759115613457918e+09
1.709759117143050909e+09
1.709759118627487898e+09
1.709759120111929893e+09
1.709759120672291994e+09
