1.709844860085416079e+09
1.709844861593313932e+09
1.709844863168653011e+09
1.709844864652606964e+09
1.709844866136524916e+09
1.709844867620198011e+09
1.709844869174721956e+09
1.709844870773766041e+09
1.709844872374052048e+09
1.709844873973958969e+09
1.709844875572101116e+09
1.709844877056000948e+09
1.709844878540189981e+09
1.709844880024388075e+09
1.709844881579111099e+09
1.709844883179028988e+09
1.709844884778901100e+09
1.709844886379005909e+09
1.709844887982079983e+09
1.709844889579524040e+09
1.709844891179016113e+09
1.709844892777702093e+09
1.709844894377957106e+09
1.709844895977621078e+09
1.709844897578109026e+09
1.709844899178128004e+09
1.709844900778695107e+09
1.709844902401002884e+09
1.709844904000925064e+09
1.709844905601058006e+09
1.709844907200480938e+09
1.709844908799886942e+09
1.709844910399863005e+09
1.709844912000149965e+09
1.709844913528939962e+09
1.709844915012857914e+09
1.709844916496525049e+09
1.709844918004796028e+09
1.709844919604459047e+09
1.709844921203651905e+09
1.709844922803919077e+09
1.709844924403902054e+09
1.709844926002687931e+09
1.709844927602610111e+09
1.709844929201977968e+09
1.709844930801717997e+09
1.709844932401254892e+09
1.709844934000977039e+09
1.709844935602180958e+09
1.709844937200351000e+09
1.709844938800672054e+09
1.709844940398540020e+09
1.709844941882147074e+09
1.709844943365936041e+09
1.709844944849844933e+09
1.709844946404597044e+09
1.709844948004582882e+09
1.709844949604796886e+09
1.709844951203890085e+09
1.709844952803735018e+09
1.709844954403079033e+09
1.709844956002435923e+09
1.709844957602477074e+09
1.709844959201800108e+09
1.709844960801031113e+09
1.709844962400660038e+09
1.709844964000349045e+09
1.709844965600014925e+09
1.709844967199497938e+09
1.709844968798512936e+09
1.709844970327703953e+09
1.709844971812696934e+09
1.709844973294886112e+09
1.709844974802717924e+09
1.709844976403084040e+09
1.709844978003273964e+09
1.709844979602664948e+09
1.709844981224977016e+09
1.709844982825664043e+09
1.709844984424680948e+09
1.709844986023996115e+09
1.709844987623323917e+09
1.709844989223356009e+09
1.709844990822307110e+09
1.709844992422091007e+09
1.709844994021110058e+09
1.709844995549710035e+09
1.709844997033541918e+09
1.709844998517185926e+09
1.709845000048105001e+09
1.709845001647886992e+09
1.709845003247309923e+09
1.709845004870053053e+09
1.709845006469253063e+09
1.709845008068514109e+09
1.709845009667891979e+09
1.709845011267261028e+09
1.709845012866327047e+09
1.709845014465090990e+09
1.709845016065349102e+09
1.709845017664654970e+09
1.709845019263813972e+09
1.709845020864053011e+09
1.709845022463447094e+09
1.709845024061882973e+09
1.709845025661391020e+09
1.709845027261075974e+09
1.709845028860428095e+09
1.709845030459991932e+09
1.709845032059314966e+09
1.709845033658730030e+09
1.709845035258054972e+09
1.709845036857531071e+09
1.709845038480304003e+09
1.709845040080383062e+09
1.709845041680408955e+09
1.709845043280245066e+09
1.709845044879400015e+09
1.709845046478661060e+09
1.709845048078212023e+09
1.709845049679140091e+09
1.709845051279171944e+09
1.709845052877254963e+09
1.709845054475356102e+09
1.709845056075093985e+09
1.709845057675508022e+09
1.709845059274947882e+09
1.709845060873651028e+09
1.709845062472810984e+09
1.709845064072369099e+09
1.709845065672542095e+09
1.709845067272367954e+09
1.709845068871915102e+09
1.709845070472243071e+09
1.709845072071077108e+09
1.709845073670403957e+09
1.709845075270483017e+09
1.709845076870404959e+09
1.709845078469718933e+09
1.709845080070142031e+09
1.709845081669061899e+09
1.709845083268610001e+09
1.709845084868206978e+09
1.709845086468336105e+09
1.709845088068089962e+09
1.709845089668675900e+09
1.709845091269308090e+09
1.709845092868792057e+09
1.709845094468346119e+09
1.709845096068283081e+09
1.709845097668224096e+09
1.709845099268949986e+09
1.709845100868447065e+09
1.709845102468590975e+09
1.709845104067883968e+09
1.709845105667408943e+09
1.709845107267354012e+09
1.709845108867511034e+09
1.709845110467330933e+09
1.709845112067178965e+09
1.709845113666420937e+09
1.709845115289678097e+09
1.709845116890080929e+09
1.709845118489739895e+09
1.709845120089241982e+09
1.709845121689490080e+09
1.709845123289463997e+09
1.709845124889678001e+09
1.709845126489809990e+09
1.709845128089432001e+09
1.709845129689109087e+09
1.709845131288893938e+09
1.709845132888451099e+09
1.709845134488343000e+09
1.709845136088592052e+09
1.709845137688308954e+09
1.709845139288156986e+09
1.709845140887691021e+09
1.709845142487837076e+09
1.709845144087496042e+09
1.709845145687356949e+09
1.709845147287328005e+09
1.709845148887455940e+09
1.709845150487386942e+09
1.709845152087702990e+09
1.709845153688268900e+09
1.709845155287516117e+09
1.709845156888134956e+09
1.709845158487831116e+09
1.709845160087253094e+09
1.709845161687524080e+09
1.709845163288243055e+09
1.709845164886639118e+09
1.709845166487025976e+09
1.709845168088593960e+09
1.709845169687577009e+09
1.709845171287549019e+09
1.709845172887346983e+09
1.709845174486886978e+09
1.709845176087044001e+09
1.709845177686762094e+09
1.709845179286473989e+09
1.709845180887221098e+09
1.709845182487907887e+09
1.709845184086956024e+09
1.709845185686919928e+09
1.709845187286571980e+09
1.709845188886575937e+09
1.709845190486495972e+09
1.709845192086580038e+09
1.709845193686089993e+09
1.709845195285952091e+09
1.709845196886302948e+09
1.709845198484931946e+09
1.709845200084743023e+09
1.709845201685400963e+09
1.709845203286070108e+09
1.709845204885555029e+09
1.709845206485105991e+09
1.709845208085007906e+09
1.709845209685338974e+09
1.709845211285032034e+09
1.709845212885011911e+09
1.709845214462498903e+09
1.709845216061783075e+09
1.709845217662568092e+09
1.709845219262319088e+09
1.709845220862226963e+09
1.709845222461965084e+09
1.709845224061943054e+09
1.709845225661901951e+09
1.709845227261821032e+09
1.709845228861886978e+09
1.709845230461728096e+09
1.709845232061909914e+09
1.709845233661493063e+09
1.709845235261941910e+09
1.709845236862217903e+09
1.709845238461487055e+09
1.709845240061670065e+09
1.709845241661330938e+09
1.709845243261436939e+09
1.709845244861872911e+09
1.709845246462141991e+09
1.709845248062998056e+09
1.709845249661864042e+09
1.709845251261645079e+09
1.709845252861874104e+09
1.709845254462140083e+09
1.709845256062767029e+09
1.709845257661746025e+09
1.709845259261631966e+09
1.709845260861793995e+09
1.709845262461998940e+09
1.709845264062242031e+09
1.709845265661916018e+09
1.709845267262106895e+09
1.709845268862438917e+09
1.709845270462713003e+09
1.709845272065161943e+09
1.709845273662369013e+09
1.709845275263693094e+09
1.709845276864269972e+09
1.709845278464683056e+09
1.709845280065023899e+09
1.709845281665651083e+09
1.709845283266602993e+09
1.709845284867434025e+09
1.709845286468430042e+09
1.709845288068922997e+09
1.709845289669560909e+09
1.709845291271415949e+09
1.709845292871555090e+09
1.709845294473335981e+09
1.709845296096553087e+09
1.709845297697499037e+09
1.709845299298207045e+09
1.709845300898899078e+09
1.709845302500500917e+09
1.709845304100986958e+09
1.709845305701484919e+09
1.709845307301975965e+09
1.709845308902111053e+09
1.709845310502959967e+09
1.709845312103564024e+09
1.709845313703054905e+09
1.709845315303078890e+09
1.709845316902472973e+09
1.709845318502376080e+09
1.709845320102070093e+09
1.709845321702565908e+09
1.709845323301887989e+09
1.709845324901956081e+09
1.709845326501524925e+09
1.709845328101627111e+09
1.709845329702429056e+09
1.709845331301690102e+09
1.709845332902690887e+09
1.709845334502012968e+09
1.709845336102298975e+09
1.709845337702143908e+09
1.709845339301997900e+09
1.709845340901886940e+09
1.709845342502209902e+09
1.709845344102209091e+09
1.709845345702503920e+09
1.709845347302619934e+09
1.709845348903167009e+09
1.709845350503376961e+09
1.709845352103456974e+09
1.709845353703615904e+09
1.709845355304924011e+09
1.709845356904706955e+09
1.709845358504602909e+09
1.709845360104324102e+09
1.709845361704691887e+09
1.709845363305036068e+09
1.709845364905196905e+09
1.709845366506067991e+09
1.709845368106331110e+09
1.709845369705925941e+09
1.709845371306694984e+09
1.709845372906532049e+09
1.709845374506987095e+09
1.709845376106554985e+09
1.709845377706743956e+09
1.709845379307034016e+09
1.709845380908188105e+09
1.709845382507638931e+09
1.709845384107997894e+09
1.709845385707087040e+09
1.709845387307218075e+09
1.709845388908281088e+09
1.709845390508750916e+09
1.709845392108784914e+09
1.709845393708945036e+09
1.709845395308665037e+09
1.709845396909085035e+09
1.709845398508925915e+09
1.709845400109118938e+09
1.709845401709582090e+09
1.709845403308660030e+09
1.709845404909215927e+09
1.709845406509496927e+09
1.709845408109385014e+09
1.709845409709342957e+09
1.709845411309839964e+09
1.709845412910111904e+09
1.709845414508812904e+09
1.709845416109322071e+09
1.709845417708936930e+09
1.709845419308881044e+09
1.709845420908737898e+09
1.709845422508385897e+09
1.709845424108076096e+09
1.709845425707942009e+09
1.709845427308887959e+09
1.709845428907701969e+09
1.709845430508599997e+09
1.709845432107774973e+09
1.709845433708514929e+09
1.709845435307761908e+09
1.709845436908938885e+09
1.709845438508161068e+09
1.709845440108163118e+09
1.709845441708739996e+09
1.709845443309077978e+09
1.709845444908305883e+09
1.709845446508225918e+09
1.709845448111818075e+09
1.709845449708462954e+09
1.709845451308497906e+09
1.709845452908371925e+09
1.709845454508275032e+09
1.709845456108731985e+09
1.709845457709270954e+09
1.709845459309376955e+09
1.709845460909768105e+09
1.709845462508739948e+09
1.709845464109150887e+09
1.709845465709434032e+09
1.709845467309771061e+09
1.709845468909826994e+09
1.709845470510288954e+09
1.709845472110090017e+09
1.709845473711287975e+09
1.709845475311347961e+09
1.709845476935075998e+09
1.709845478538381100e+09
1.709845480136231899e+09
1.709845481736054897e+09
1.709845483336894989e+09
1.709845484937714100e+09
1.709845486538023949e+09
1.709845488138084888e+09
1.709845489737957001e+09
1.709845491338016033e+09
1.709845492938780069e+09
1.709845494539654970e+09
1.709845496140211105e+09
1.709845497739689112e+09
1.709845499340066910e+09
1.709845500939836025e+09
1.709845502544162035e+09
1.709845504140882015e+09
1.709845505740561962e+09
1.709845507340922117e+09
1.709845508940465927e+09
1.709845510541604042e+09
1.709845512142249107e+09
1.709845513672226906e+09
1.709845515156903028e+09
1.709845516641911030e+09
1.709845518174916029e+09
1.709845519775254011e+09
1.709845521376197100e+09
1.709845522976938009e+09
1.709845524576860905e+09
1.709845526178054094e+09
1.709845527779253960e+09
1.709845529380702972e+09
1.709845530981111050e+09
1.709845532581763029e+09
1.709845534183320045e+09
1.709845535783693075e+09
1.709845537384588003e+09
1.709845538985533953e+09
1.709845540586363077e+09
1.709845542187768936e+09
1.709845543788583994e+09
1.709845545391083956e+09
1.709845546992165089e+09
1.709845548592820883e+09
1.709845550194401979e+09
1.709845551794501066e+09
1.709845553395804882e+09
1.709845554996973991e+09
1.709845556597862959e+09
1.709845558199143887e+09
1.709845559800157070e+09
1.709845561401731014e+09
1.709845563003382921e+09
1.709845564604192972e+09
1.709845566205796957e+09
1.709845567806288958e+09
1.709845569406913042e+09
1.709845571010631084e+09
1.709845572608325958e+09
1.709845574209372044e+09
1.709845575810448885e+09
1.709845577411413908e+09
1.709845579011887074e+09
1.709845580612529993e+09
1.709845582213429928e+09
1.709845583813929081e+09
1.709845585414345026e+09
1.709845587014530897e+09
1.709845588615216970e+09
1.709845590216110945e+09
1.709845591816014051e+09
1.709845593416125059e+09
1.709845595016190052e+09
1.709845596615971088e+09
1.709845598216614962e+09
1.709845599816437960e+09
1.709845601416234970e+09
1.709845603015881062e+09
1.709845604615782022e+09
1.709845606215806961e+09
1.709845607815757990e+09
1.709845609416353941e+09
1.709845611015707970e+09
1.709845612615277052e+09
1.709845614215742111e+09
1.709845615815926075e+09
1.709845617415935993e+09
1.709845619015876055e+09
1.709845620616491079e+09
1.709845622217212915e+09
1.709845623817212105e+09
1.709845625417279959e+09
1.709845627017211914e+09
1.709845628617218971e+09
1.709845630217603922e+09
1.709845631818198919e+09
1.709845633418284893e+09
1.709845635017868042e+09
1.709845636618478060e+09
1.709845638219166040e+09
1.709845639818198919e+09
1.709845641418243885e+09
1.709845643041668892e+09
1.709845644641799927e+09
1.709845646241666079e+09
1.709845647841831923e+09
1.709845649441817045e+09
1.709845651041697025e+09
1.709845652641510963e+09
1.709845654242233992e+09
1.709845655841738939e+09
1.709845657442297935e+09
1.709845659042547941e+09
1.709845660642184019e+09
1.709845662242964983e+09
1.709845663842967987e+09
1.709845665442874908e+09
1.709845667042702913e+09
1.709845668665854931e+09
1.709845670266732931e+09
1.709845671866401911e+09
1.709845673489866972e+09
1.709845675090265036e+09
1.709845676690642118e+09
1.709845678291171074e+09
1.709845679891208887e+09
1.709845681492170095e+09
1.709845683091696024e+09
1.709845684691931963e+09
1.709845686291763067e+09
1.709845687891496897e+09
1.709845689492309093e+09
1.709845691092436075e+09
1.709845692693047047e+09
1.709845694294086933e+09
1.709845695893382072e+09
1.709845697493370056e+09
1.709845699096189976e+09
1.709845700694067955e+09
1.709845702295449972e+09
1.709845703894330978e+09
1.709845705494896889e+09
1.709845707096189022e+09
1.709845708696067095e+09
1.709845710296588898e+09
1.709845711896796942e+09
1.709845713496582031e+09
1.709845715096832037e+09
1.709845716696955919e+09
1.709845718297390938e+09
1.709845719897912025e+09
1.709845721497895002e+09
1.709845723098263979e+09
1.709845724697396994e+09
1.709845726181849957e+09
1.709845727666323900e+09
1.709845729150657892e+09
1.709845730705667973e+09
1.709845732306377888e+09
1.709845733909213066e+09
1.709845735507019997e+09
1.709845737106916904e+09
1.709845738707283974e+09
1.709845740307650089e+09
1.709845741907710075e+09
1.709845743508078098e+09
1.709845745108163118e+09
1.709845746707703114e+09
1.709845748308562994e+09
1.709845749907803059e+09
1.709845751508270025e+09
1.709845753108728886e+09
1.709845754709773064e+09
1.709845756309084892e+09
1.709845757909497976e+09
1.709845759509715080e+09
1.709845761109740973e+09
1.709845762710056067e+09
1.709845764311279058e+09
1.709845765910654068e+09
1.709845767511240005e+09
1.709845769111979961e+09
1.709845770713027000e+09
1.709845772313904047e+09
1.709845773913712978e+09
1.709845775513868093e+09
1.709845777114059925e+09
1.709845778713409901e+09
1.709845780314235926e+09
1.709845781914203882e+09
1.709845783514131069e+09
1.709845785114325047e+09
1.709845786715090036e+09
1.709845788315207958e+09
1.709845789916465998e+09
1.709845791516381979e+09
1.709845793116380930e+09
1.709845794716325045e+09
1.709845796316984892e+09
1.709845797918226004e+09
1.709845799518297911e+09
1.709845801118329048e+09
1.709845802718503952e+09
1.709845804319400072e+09
1.709845805919663906e+09
1.709845807519620895e+09
1.709845809119649887e+09
1.709845810719737053e+09
1.709845812319498062e+09
1.709845813872677088e+09
1.709845815356908083e+09
1.709845816841516972e+09
1.709845818373671055e+09
1.709845819973306894e+09
1.709845821573796034e+09
1.709845823174887896e+09
1.709845824776169062e+09
1.709845826377132893e+09
1.709845827978586912e+09
1.709845829579310894e+09
1.709845831181106091e+09
1.709845832783134937e+09
1.709845834383595943e+09
1.709845835984924078e+09
1.709845837585699081e+09
1.709845839187973022e+09
1.709845840788007975e+09
1.709845842389487028e+09
1.709845843989706039e+09
1.709845845590621948e+09
1.709845847191385984e+09
1.709845848792212009e+09
1.709845850392566919e+09
1.709845851992607117e+09
1.709845853592892885e+09
1.709845855192663908e+09
1.709845856792680979e+09
1.709845858392426968e+09
1.709845859993674040e+09
1.709845861591912031e+09
1.709845863192190886e+09
1.709845864792680025e+09
1.709845866391804934e+09
1.709845867992013931e+09
1.709845869592139959e+09
1.709845871215117931e+09
1.709845872815296888e+09
1.709845874416585922e+09
1.709845876016910076e+09
1.709845877591794014e+09
1.709845879076141119e+09
1.709845880560365915e+09
1.709845882092355967e+09
1.709845883692701101e+09
1.709845885315711975e+09
1.709845886915466070e+09
1.709845888515508890e+09
1.709845890115609884e+09
1.709845891716784000e+09
1.709845893316633940e+09
1.709845894917011023e+09
1.709845896517230988e+09
1.709845898117959023e+09
1.709845899718530893e+09
1.709845901318162918e+09
1.709845902919171095e+09
1.709845904519341946e+09
1.709845906119925022e+09
1.709845907719954014e+09
1.709845909319557905e+09
1.709845910919678926e+09
1.709845912519872904e+09
1.709845914120475054e+09
1.709845915720446110e+09
1.709845917320485115e+09
1.709845918872653961e+09
1.709845920356806993e+09
1.709845921841424942e+09
1.709845923373040915e+09
1.709845924973182917e+09
1.709845926573220968e+09
1.709845928174076080e+09
1.709845929774363041e+09
1.709845931374660969e+09
1.709845932974682093e+09
1.709845934575460911e+09
1.709845936176270962e+09
1.709845937776025057e+09
1.709845939375869989e+09
1.709845940976084948e+09
1.709845942576527119e+09
1.709845944176960945e+09
1.709845945777324915e+09
1.709845947377265930e+09
1.709845948977384090e+09
1.709845950579101086e+09
1.709845952178307056e+09
1.709845953778930902e+09
1.709845955378719091e+09
1.709845956979604959e+09
1.709845958580077887e+09
1.709845960180325985e+09
1.709845961780596018e+09
1.709845963380506992e+09
1.709845964956851006e+09
1.709845966441034079e+09
1.709845967925270081e+09
1.709845969409533978e+09
1.709845970988104105e+09
1.709845972588257074e+09
1.709845974188271046e+09
1.709845975788482904e+09
1.709845977388513088e+09
1.709845978988368034e+09
1.709845980588768005e+09
1.709845982188942909e+09
1.709845983789570093e+09
1.709845985390528917e+09
1.709845986989496946e+09
1.709845988590143919e+09
1.709845990190308094e+09
1.709845991790648937e+09
1.709845993391549110e+09
1.709845994991203070e+09
1.709845996591670990e+09
1.709845998193033934e+09
1.709845999792973995e+09
1.709846001393918991e+09
1.709846002993462086e+09
1.709846004594373941e+09
1.709846006194427967e+09
1.709846007795372963e+09
1.709846009395467043e+09
1.709846010995343924e+09
1.709846012595345974e+09
1.709846014195712090e+09
1.709846015795917034e+09
1.709846017396718025e+09
1.709846018997001886e+09
1.709846020573075056e+09
1.709846022057166100e+09
1.709846023541503906e+09
1.709846025050044060e+09
1.709846026650547028e+09
1.709846028251405001e+09
1.709846029852427006e+09
1.709846031453331947e+09
1.709846033053797007e+09
1.709846034654023886e+09
1.709846036253799915e+09
1.709846037854701996e+09
1.709846039456171036e+09
1.709846041056180000e+09
1.709846042656537056e+09
1.709846044257091999e+09
1.709846045857021093e+09
1.709846047457494020e+09
1.709846049057887077e+09
1.709846050658225060e+09
1.709846052258913994e+09
1.709846053859544039e+09
1.709846055460541010e+09
1.709846057059931993e+09
1.709846058660742044e+09
1.709846060261172056e+09
1.709846061862118959e+09
1.709846063461738110e+09
1.709846065061791897e+09
1.709846066662257910e+09
1.709846068263051987e+09
1.709846069862957001e+09
1.709846071463217974e+09
1.709846073063155890e+09
1.709846074663405895e+09
1.709846076264635086e+09
1.709846077864769936e+09
1.709846079464265108e+09
1.709846081064513922e+09
1.709846082665039062e+09
1.709846084263859987e+09
1.709846085863631964e+09
1.709846087463239908e+09
1.709846089063196898e+09
1.709846090663883924e+09
1.709846092263127089e+09
1.709846093863229036e+09
1.709846095462622881e+09
1.709846097063576937e+09
1.709846098663085938e+09
1.709846100263299942e+09
1.709846101863241911e+09
1.709846103463794947e+09
1.709846105064075947e+09
1.709846106663348913e+09
1.709846108263686895e+09
1.709846109863523960e+09
1.709846111462959051e+09
1.709846113063987970e+09
1.709846114664201975e+09
1.709846116263912916e+09
1.709846117865262985e+09
1.709846119463433027e+09
1.709846121063558102e+09
1.709846122664024115e+09
1.709846124263799906e+09
1.709846125864041090e+09
1.709846127465210915e+09
1.709846129088927984e+09
1.709846130688288927e+09
1.709846132288085938e+09
1.709846133888289928e+09
1.709846135488820076e+09
1.709846137090087891e+09
1.709846138690118074e+09
1.709846140290184975e+09
1.709846141890005112e+09
1.709846143490248919e+09
1.709846145090594053e+09
1.709846146691147089e+09
1.709846148291280031e+09
1.709846149890984058e+09
1.709846151493815899e+09
1.709846153091720104e+09
1.709846154691968918e+09
1.709846156291155100e+09
1.709846157891443968e+09
1.709846159492249012e+09
1.709846161091620922e+09
1.709846162695110083e+09
1.709846164291992903e+09
1.709846165892065048e+09
1.709846167492048025e+09
1.709846169092454910e+09
1.709846170691874981e+09
1.709846172292229891e+09
1.709846173891849995e+09
1.709846175492306948e+09
1.709846177092308998e+09
1.709846178692570925e+09
1.709846180292521000e+09
1.709846181893079042e+09
1.709846183493082047e+09
1.709846185092925072e+09
1.709846186693418980e+09
1.709846188293885946e+09
1.709846189893667936e+09
1.709846191493294001e+09
1.709846193093342066e+09
1.709846194693144083e+09
1.709846196293483973e+09
1.709846197893548012e+09
1.709846199493879080e+09
1.709846201094172001e+09
1.709846202693747997e+09
1.709846204294007063e+09
1.709846205894536972e+09
1.709846207494152069e+09
1.709846209094554901e+09
1.709846210694127083e+09
1.709846212293797970e+09
1.709846213894108057e+09
1.709846215494647980e+09
1.709846217094369888e+09
1.709846218693702936e+09
1.709846220293334007e+09
1.709846221893619061e+09
1.709846223493863106e+09
1.709846225093727112e+09
1.709846226693538904e+09
1.709846228293679953e+09
1.709846229894089937e+09
1.709846231493551970e+09
1.709846233094273090e+09
1.709846234694462061e+09
1.709846236294977903e+09
1.709846237894977093e+09
1.709846239495240927e+09
1.709846241095221996e+09
1.709846242694415092e+09
1.709846244293786049e+09
1.709846245893745899e+09
1.709846247494121075e+09
1.709846249092925072e+09
1.709846250692994118e+09
1.709846252295314074e+09
1.709846253892260075e+09
1.709846255492007971e+09
1.709846257091356039e+09
1.709846258691590071e+09
1.709846260291894913e+09
1.709846261891180038e+09
1.709846263490506887e+09
1.709846265089958906e+09
1.709846266690265894e+09
1.709846268289696932e+09
1.709846269895725965e+09
1.709846271441459894e+09
1.709846272925156116e+09
1.709846274409102917e+09
1.709846275963850021e+09
1.709846277563344955e+09
1.709846279163369894e+09
1.709846280763442993e+09
1.709846282363853931e+09
1.709846283964016914e+09
1.709846285562972069e+09
1.709846287163415909e+09
1.709846288762738943e+09
1.709846290363158941e+09
1.709846291963442087e+09
1.709846293562434912e+09
1.709846295162179947e+09
1.709846296785737991e+09
1.709846298386077881e+09
1.709846299985491037e+09
1.709846301586055994e+09
1.709846303186162949e+09
1.709846304786248922e+09
1.709846306385848045e+09
1.709846307986267090e+09
1.709846309587024927e+09
1.709846311186455011e+09
1.709846312786756992e+09
1.709846314386483908e+09
1.709846315985523939e+09
1.709846317585513115e+09
1.709846319186551094e+09
1.709846320785614967e+09
1.709846322385253906e+09
1.709846323985016108e+09
1.709846325585172892e+09
1.709846327185074091e+09
1.709846328785514116e+09
1.709846330385261059e+09
1.709846331985379934e+09
1.709846333585000038e+09
1.709846335185312986e+09
1.709846336785757065e+09
1.709846338386157036e+09
1.709846339986506939e+09
1.709846341587011099e+09
1.709846343187159061e+09
1.709846344787106037e+09
1.709846346387413025e+09
1.709846347988466024e+09
1.709846349588371992e+09
1.709846351188257933e+09
1.709846352788199902e+09
1.709846354295217037e+09
1.709846355779253006e+09
1.709846357263613939e+09
1.709846358795356989e+09
1.709846360418756962e+09
1.709846362019077063e+09
1.709846363619417906e+09
1.709846365219819069e+09
1.709846366820322990e+09
1.709846368421061993e+09
1.709846370020356894e+09
1.709846371620419979e+09
1.709846373220765114e+09
1.709846374820620060e+09
1.709846376423603058e+09
1.709846378020946980e+09
1.709846379621664047e+09
1.709846381221940994e+09
1.709846382821700096e+09
1.709846384420864105e+09
1.709846386022058010e+09
1.709846387551146030e+09
1.709846389035299063e+09
1.709846390519448996e+09
1.709846392051831007e+09
1.709846393651887894e+09
1.709846395252043009e+09
1.709846396852129936e+09
1.709846398451741934e+09
1.709846400051718950e+09
1.709846401651081085e+09
1.709846403251317024e+09
1.709846404851180077e+09
1.709846406451199055e+09
1.709846408051038027e+09
1.709846409651161909e+09
1.709846411251087904e+09
1.709846412852386951e+09
1.709846414452133894e+09
1.709846416051815987e+09
1.709846417651945114e+09
1.709846419251727104e+09
1.709846420852066994e+09
1.709846422452692032e+09
1.709846424052545071e+09
1.709846425652293921e+09
1.709846427252614975e+09
1.709846428852174997e+09
1.709846430452330112e+09
1.709846432053664923e+09
1.709846433653388977e+09
1.709846435253164053e+09
1.709846436852454901e+09
1.709846438452101946e+09
1.709846440052459002e+09
1.709846441652244091e+09
1.709846443251467943e+09
1.709846444851500034e+09
1.709846446450540066e+09
1.709846448049768925e+09
1.709846449651062012e+09
1.709846451250314951e+09
1.709846452850022078e+09
1.709846454449408054e+09
1.709846456049185038e+09
1.709846457649060965e+09
1.709846459249252081e+09
1.709846460849463940e+09
1.709846462449506998e+09
1.709846464049741030e+09
1.709846465650979996e+09
1.709846467249862909e+09
1.709846468850624084e+09
1.709846470450653076e+09
1.709846472050585032e+09
1.709846473651685953e+09
1.709846475251543999e+09
1.709846476876878023e+09
1.709846478475506067e+09
1.709846480075913906e+09
1.709846481676718950e+09
1.709846483276762962e+09
1.709846484877441883e+09
1.709846486478164911e+09
1.709846488078615904e+09
1.709846489679274082e+09
1.709846491279181004e+09
1.709846492880335093e+09
1.709846494480391026e+09
1.709846496080883026e+09
1.709846497681004047e+09
1.709846499281497002e+09
1.709846500882613897e+09
1.709846502483377934e+09
1.709846504083724022e+09
1.709846505683001041e+09
1.709846507283704042e+09
1.709846508884004116e+09
1.709846510484301090e+09
1.709846512086234093e+09
1.709846513686609030e+09
1.709846515287076950e+09
1.709846516887583971e+09
1.709846518488461018e+09
1.709846520088870049e+09
1.709846521689743042e+09
1.709846523290716887e+09
1.709846524890741110e+09
1.709846526492005110e+09
1.709846528093415976e+09
1.709846529693061113e+09
1.709846531293553114e+09
1.709846532893913984e+09
1.709846534495163918e+09
1.709846536096273899e+09
1.709846537696371078e+09
1.709846539297267914e+09
1.709846540898936987e+09
1.709846542499664068e+09
1.709846544100996017e+09
1.709846545701956987e+09
1.709846547303203106e+09
1.709846548927740097e+09
1.709846550528434992e+09
1.709846552129471064e+09
1.709846553731493950e+09
1.709846555332684994e+09
1.709846556933424950e+09
1.709846558533945084e+09
1.709846560134910107e+09
1.709846561735743999e+09
1.709846563337785959e+09
1.709846564936871052e+09
1.709846566537126064e+09
1.709846568137367010e+09
1.709846569737333059e+09
1.709846571336800098e+09
1.709846572936855078e+09
1.709846574537370920e+09
1.709846576137487888e+09
1.709846577737827063e+09
1.709846579338148117e+09
1.709846580961642027e+09
1.709846582561995029e+09
1.709846584162689924e+09
1.709846585762912989e+09
1.709846587362662077e+09
1.709846588961955070e+09
1.709846590562736034e+09
1.709846592162580013e+09
1.709846593763139009e+09
1.709846595365170002e+09
1.709846596963953018e+09
1.709846598563744068e+09
1.709846600164076090e+09
1.709846601764677048e+09
1.709846603364651918e+09
1.709846604965899944e+09
1.709846606566708088e+09
1.709846608166312933e+09
1.709846609766674995e+09
1.709846611367449045e+09
1.709846612967469931e+09
1.709846614567358017e+09
1.709846616168205023e+09
1.709846617769032001e+09
1.709846619369596004e+09
1.709846620969616890e+09
1.709846622570030928e+09
1.709846624169770956e+09
1.709846625771146059e+09
1.709846627371057034e+09
1.709846628970639944e+09
1.709846630571289062e+09
1.709846632171441078e+09
1.709846633773809910e+09
1.709846635371913910e+09
1.709846636971808910e+09
1.709846638571630001e+09
1.709846640172858953e+09
1.709846641772696018e+09
1.709846643373276949e+09
1.709846644973244905e+09
1.709846646573683023e+09
1.709846648173715115e+09
1.709846649774018049e+09
1.709846651376190901e+09
1.709846652975949049e+09
1.709846654575174093e+09
1.709846656175625086e+09
1.709846657775333881e+09
1.709846659375896931e+09
1.709846660976028919e+09
1.709846662576447964e+09
1.709846664176425934e+09
1.709846665777018070e+09
1.709846667377027035e+09
1.709846668977375031e+09
1.709846670578157902e+09
1.709846672179217100e+09
1.709846673780000925e+09
1.709846675380609989e+09
1.709846676982378006e+09
1.709846678582451105e+09
1.709846680183418036e+09
1.709846681785412073e+09
1.709846683385452986e+09
1.709846684987083912e+09
1.709846686588685989e+09
1.709846688188590050e+09
1.709846689789747953e+09
1.709846691389338017e+09
1.709846692989986897e+09
1.709846694590289116e+09
1.709846696191309929e+09
1.709846697791532040e+09
1.709846699391735077e+09
1.709846700991955042e+09
1.709846702592062950e+09
1.709846704192481041e+09
1.709846705792627096e+09
1.709846707393527985e+09
1.709846708993637085e+09
1.709846710594511032e+09
1.709846712196075916e+09
1.709846713795057058e+09
1.709846715395045042e+09
1.709846716995506048e+09
1.709846718595973015e+09
1.709846720195816994e+09
1.709846721796412945e+09
1.709846723396614075e+09
1.709846724997504950e+09
1.709846726599025011e+09
1.709846728198417902e+09
1.709846729798645973e+09
1.709846731399209023e+09
1.709846733000050068e+09
1.709846734600490093e+09
1.709846736201076031e+09
1.709846737801709890e+09
1.709846739402559996e+09
1.709846741003222942e+09
1.709846742603760958e+09
1.709846744205590963e+09
1.709846745805988073e+09
1.709846747406634092e+09
1.709846749007812023e+09
1.709846750607697010e+09
1.709846752208215952e+09
1.709846753808295965e+09
1.709846755408674002e+09
1.709846757009008884e+09
1.709846758609540939e+09
1.709846760209521055e+09
1.709846761832845926e+09
1.709846763433052063e+09
1.709846765033149958e+09
1.709846766633601904e+09
1.709846768233676910e+09
1.709846769834321976e+09
1.709846771435739040e+09
1.709846773034940004e+09
1.709846774657636881e+09
1.709846776257888079e+09
1.709846777858345985e+09
1.709846779459338903e+09
1.709846781059205055e+09
1.709846782658366919e+09
1.709846784258996010e+09
1.709846785860482931e+09
1.709846787460370064e+09
1.709846789059464931e+09
1.709846790659455061e+09
1.709846792259735107e+09
1.709846793859915018e+09
1.709846795460458040e+09
1.709846797060336113e+09
1.709846798660415888e+09
1.709846800260276079e+09
1.709846801883783102e+09
1.709846803485135078e+09
1.709846805085114956e+09
1.709846806685561895e+09
1.709846808285986900e+09
1.709846809885678053e+09
1.709846811486063957e+09
1.709846813085549116e+09
1.709846814686073065e+09
1.709846816286539078e+09
1.709846817887271881e+09
1.709846819510314941e+09
1.709846821110538960e+09
1.709846822710922956e+09
1.709846824310179949e+09
1.709846825910583019e+09
1.709846827510993958e+09
1.709846829111136913e+09
1.709846830711571932e+09
1.709846832310700893e+09
1.709846833911777020e+09
1.709846835512617111e+09
1.709846837112461090e+09
1.709846838735697985e+09
1.709846840335541010e+09
1.709846841936058998e+09
1.709846843536334038e+09
1.709846845136446953e+09
1.709846846736205101e+09
1.709846848337021112e+09
1.709846849938086987e+09
1.709846851536938906e+09
1.709846853137340069e+09
1.709846854737507105e+09
1.709846856337316036e+09
1.709846857937093973e+09
1.709846859536700964e+09
1.709846861137059927e+09
1.709846862737437963e+09
1.709846864337382078e+09
1.709846865938512087e+09
1.709846867537914038e+09
1.709846869138115883e+09
1.709846870738126040e+09
1.709846872338362932e+09
1.709846873938983917e+09
1.709846875538125038e+09
1.709846877137882948e+09
1.709846878737711906e+09
1.709846880337997913e+09
1.709846881938205004e+09
1.709846883537841082e+09
1.709846885138197899e+09
1.709846886739233971e+09
1.709846888339282036e+09
1.709846889961886883e+09
1.709846891561703920e+09
1.709846893160901070e+09
1.709846894761571884e+09
1.709846896361481905e+09
1.709846897961539984e+09
1.709846899561598063e+09
1.709846901161645889e+09
1.709846902762470961e+09
1.709846904362402916e+09
1.709846905963602066e+09
1.709846907562244892e+09
1.709846909162201881e+09
1.709846910762332916e+09
1.709846912362867117e+09
1.709846913962403059e+09
1.709846915562220097e+09
1.709846917185610056e+09
1.709846918786575079e+09
1.709846920386497974e+09
1.709846921985901117e+09
1.709846923585823059e+09
1.709846925186136007e+09
1.709846926786031961e+09
1.709846928386527061e+09
1.709846929986593008e+09
1.709846931589533091e+09
1.709846933186883926e+09
1.709846934787130117e+09
1.709846936387403011e+09
1.709846937988460064e+09
1.709846939589503050e+09
1.709846941190282106e+09
1.709846942791724920e+09
1.709846944390532970e+09
1.709846945990972996e+09
1.709846947591075897e+09
1.709846949190479994e+09
1.709846950791115999e+09
1.709846952391220093e+09
1.709846953991427898e+09
1.709846955591608047e+09
1.709846957191683054e+09
1.709846958792100906e+09
1.709846960391812086e+09
1.709846962014661074e+09
1.709846963615031004e+09
1.709846965215234995e+09
1.709846966815515041e+09
1.709846968415678024e+09
1.709846970015671015e+09
1.709846971615967035e+09
1.709846973240067005e+09
1.709846974839494944e+09
1.709846976439362049e+09
1.709846978039077997e+09
1.709846979639313936e+09
1.709846981239698887e+09
1.709846982839632988e+09
1.709846984439157963e+09
1.709846986039402962e+09
1.709846987638736963e+09
1.709846989240036964e+09
1.709846990839638948e+09
1.709846992439646006e+09
1.709846994063083887e+09
1.709846995663244963e+09
1.709846997263323069e+09
1.709846998863621950e+09
1.709847000463421106e+09
1.709847002064114094e+09
1.709847003664366961e+09
1.709847005264230013e+09
1.709847006864459991e+09
1.709847008464122057e+09
1.709847010065073013e+09
1.709847011665090084e+09
1.709847013264868975e+09
1.709847014865076065e+09
1.709847016465486050e+09
1.709847018066201925e+09
1.709847019666071892e+09
1.709847021266434908e+09
1.709847022867072105e+09
1.709847024466510057e+09
1.709847026066056967e+09
1.709847027666163921e+09
1.709847029267146111e+09
1.709847030870084047e+09
1.709847032468343019e+09
1.709847034068701029e+09
1.709847035669095993e+09
1.709847037268969059e+09
1.709847038869599104e+09
1.709847040470168114e+09
1.709847042070465088e+09
1.709847043671757936e+09
1.709847045293616056e+09
1.709847046893309116e+09
1.709847048493797064e+09
1.709847050094615936e+09
1.709847051695736885e+09
1.709847053295212030e+09
1.709847054895813942e+09
1.709847056496046066e+09
1.709847058095839977e+09
1.709847059696316957e+09
1.709847061298351049e+09
1.709847062895366907e+09
1.709847064495260954e+09
1.709847066095968962e+09
1.709847067695564032e+09
1.709847069295913935e+09
1.709847070896188021e+09
1.709847072495779991e+09
1.709847074095525026e+09
1.709847075694993973e+09
1.709847077295217037e+09
1.709847078895566940e+09
1.709847080494467974e+09
1.709847082094405890e+09
1.709847083694385052e+09
1.709847085293971062e+09
1.709847086894599915e+09
1.709847088495251894e+09
1.709847090094778061e+09
1.709847091718489885e+09
1.709847093318288088e+09
1.709847094918504000e+09
1.709847096518466949e+09
1.709847098118249893e+09
1.709847099719191074e+09
1.709847101319129944e+09
1.709847102919683933e+09
1.709847104543184042e+09
1.709847106095546007e+09
1.709847107579891920e+09
1.709847109064250946e+09
1.709847110573092937e+09
1.709847112173513889e+09
1.709847113773722887e+09
1.709847115374119997e+09
1.709847116974564075e+09
1.709847118574611902e+09
1.709847120175102949e+09
1.709847121774666071e+09
1.709847123374888897e+09
1.709847124975122929e+09
1.709847126574724913e+09
1.709847128175998926e+09
1.709847129774985075e+09
1.709847131375473022e+09
1.709847132976283073e+09
1.709847134527338028e+09
1.709847136011442900e+09
1.709847137495721102e+09
1.709847139027159929e+09
1.709847140627855062e+09
1.709847142228501081e+09
1.709847143828434944e+09
1.709847145428905964e+09
1.709847147029126883e+09
1.709847148629478931e+09
1.709847150229115009e+09
1.709847151829718113e+09
1.709847153430174112e+09
1.709847155030678034e+09
1.709847156630943060e+09
1.709847158231934071e+09
1.709847159831952095e+09
1.709847161432261944e+09
1.709847163055505991e+09
1.709847164655684948e+09
1.709847166256022930e+09
1.709847167856745958e+09
1.709847169456902981e+09
1.709847171056847095e+09
1.709847172656958103e+09
1.709847174256629944e+09
1.709847175879563093e+09
1.709847177479988098e+09
1.709847179079636097e+09
1.709847180680826902e+09
1.709847182280597925e+09
1.709847183879854918e+09
1.709847185480361938e+09
1.709847187080461025e+09
1.709847188683598042e+09
1.709847190281588078e+09
1.709847191882024050e+09
1.709847193482430935e+09
1.709847195082545996e+09
1.709847196682435036e+09
1.709847198282129049e+09
1.709847199882519007e+09
1.709847201482256889e+09
1.709847203083004951e+09
1.709847204681299925e+09
1.709847206281464100e+09
1.709847207881289959e+09
1.709847209480873108e+09
1.709847211080545902e+09
1.709847212680180073e+09
1.709847214279970884e+09
1.709847215879874945e+09
1.709847217480473995e+09
1.709847219079092979e+09
1.709847220678633928e+09
1.709847222278044939e+09
1.709847223877466917e+09
1.709847225476361036e+09
1.709847227099237919e+09
1.709847228721853018e+09
1.709847230321424961e+09
1.709847231921616077e+09
1.709847233521055937e+09
1.709847235120129108e+09
1.709847236719204903e+09
1.709847238318579912e+09
1.709847239941359997e+09
1.709847241540844917e+09
1.709847243140090942e+09
1.709847244742546082e+09
1.709847246339936972e+09
1.709847247939637899e+09
1.709847249539196014e+09
1.709847251067892075e+09
1.709847252551342010e+09
1.709847254034648895e+09
1.709847255565696955e+09
1.709847257165193081e+09
1.709847258764395952e+09
1.709847260364285946e+09
1.709847261964167118e+09
1.709847263563664913e+09
1.709847265186444044e+09
1.709847266785840034e+09
1.709847268384900093e+09
1.709847269984677076e+09
1.709847271583547115e+09
1.709847273183528900e+09
1.709847274782727957e+09
1.709847276382175922e+09
1.709847277981288910e+09
1.709847279581861973e+09
1.709847281181554079e+09
1.709847282781071901e+09
1.709847284381187916e+09
1.709847285981228113e+09
1.709847287581557035e+09
1.709847289182255030e+09
1.709847290782291889e+09
1.709847292382545948e+09
1.709847293983418941e+09
1.709847295582952023e+09
1.709847297205929995e+09
1.709847298806354046e+09
1.709847300406092882e+09
1.709847302006046057e+09
1.709847303605737925e+09
1.709847305205730915e+09
1.709847306805732012e+09
1.709847308406116962e+09
1.709847310006146908e+09
1.709847311605690956e+09
1.709847313205200911e+09
1.709847314804440022e+09
1.709847316404375076e+09
1.709847318009166956e+09
1.709847319603749037e+09
1.709847321204799891e+09
1.709847322803539991e+09
1.709847324403285027e+09
1.709847326003232002e+09
1.709847327602437019e+09
1.709847329202444077e+09
1.709847330802954912e+09
1.709847332403026104e+09
1.709847334002059937e+09
1.709847335625094891e+09
1.709847337224828959e+09
1.709847338824825048e+09
1.709847340424859047e+09
1.709847342027455091e+09
1.709847343624470949e+09
1.709847345225269079e+09
1.709847346824250937e+09
1.709847348446942091e+09
1.709847350046261072e+09
1.709847351647156000e+09
1.709847353246964931e+09
1.709847354846581936e+09
1.709847356446748018e+09
1.709847358045557022e+09
1.709847359645976067e+09
1.709847361245420933e+09
1.709847362846107006e+09
1.709847364446506023e+09
1.709847366044822931e+09
1.709847367645692110e+09
1.709847369245383024e+09
1.709847370845365047e+09
1.709847372445200920e+09
1.709847374045324087e+09
1.709847375645148039e+09
1.709847377245475054e+09
1.709847378846226931e+09
1.709847380445760012e+09
1.709847382045875072e+09
1.709847383646384001e+09
1.709847385247613907e+09
1.709847386848157883e+09
1.709847388448504925e+09
1.709847390052556992e+09
1.709847391648967028e+09
1.709847393249907017e+09
1.709847394851357937e+09
1.709847396451754093e+09
1.709847398052280903e+09
1.709847399652789116e+09
1.709847401253166914e+09
1.709847402853107929e+09
1.709847404454183102e+09
1.709847406055270910e+09
1.709847407655469894e+09
1.709847409256541014e+09
1.709847410857078075e+09
1.709847412458184958e+09
1.709847414058152914e+09
1.709847415659821987e+09
1.709847417259547949e+09
1.709847418859810114e+09
1.709847420460351944e+09
1.709847422060714006e+09
1.709847423660387039e+09
1.709847425261826992e+09
1.709847426862554073e+09
1.709847428463263035e+09
1.709847430064382076e+09
1.709847431664660931e+09
1.709847433264519930e+09
1.709847434865875006e+09
1.709847436465476990e+09
1.709847438065778971e+09
1.709847439666318893e+09
1.709847441266428947e+09
1.709847442867480040e+09
1.709847444448477030e+09
1.709847446046230078e+09
1.709847447646857977e+09
1.709847449247721910e+09
1.709847450850269079e+09
1.709847452449645042e+09
1.709847454051423073e+09
1.709847455651590109e+09
1.709847457252429962e+09
1.709847458853116989e+09
1.709847460454660892e+09
1.709847462055583000e+09
1.709847463656160116e+09
1.709847465257158995e+09
1.709847466857884884e+09
1.709847468458475113e+09
1.709847470060178995e+09
1.709847471660164118e+09
1.709847473261647940e+09
1.709847474861880064e+09
1.709847476462235928e+09
1.709847478061424971e+09
1.709847479661412001e+09
1.709847481261306047e+09
1.709847482861454964e+09
1.709847484461632013e+09
1.709847486062346935e+09
1.709847487662148952e+09
1.709847489262331963e+09
1.709847490863256931e+09
1.709847492462327003e+09
1.709847494062509060e+09
1.709847495662771940e+09
1.709847497285995007e+09
1.709847498886152029e+09
1.709847500485465050e+09
1.709847502085407019e+09
1.709847503686193943e+09
1.709847505285515070e+09
1.709847506885319948e+09
1.709847508485573053e+09
1.709847510108619928e+09
1.709847511708688974e+09
1.709847513308330059e+09
1.709847514908370018e+09
1.709847516507745981e+09
1.709847518108197927e+09
1.709847519707742929e+09
1.709847521307687998e+09
1.709847522931677103e+09
1.709847524530930996e+09
1.709847526131685972e+09
1.709847527731100082e+09
1.709847529330707073e+09
1.709847530930201054e+09
1.709847532530306101e+09
1.709847534130211115e+09
1.709847535730113029e+09
1.709847537329777956e+09
1.709847538929805994e+09
1.709847540481797934e+09
1.709847541965790987e+09
1.709847543449845076e+09
1.709847544959336042e+09
1.709847546557883024e+09
1.709847548157481909e+09
1.709847549757097960e+09
1.709847551357573032e+09
1.709847552957652092e+09
1.709847554558315992e+09
1.709847556158185005e+09
1.709847557758426905e+09
1.709847559357811928e+09
1.709847560957294941e+09
1.709847562557975054e+09
1.709847564158001900e+09
1.709847565758101940e+09
1.709847567382540941e+09
1.709847568982108116e+09
1.709847570582231998e+09
1.709847572183743000e+09
1.709847573783546925e+09
1.709847575384181023e+09
1.709847576983840942e+09
1.709847578583803892e+09
1.709847580184026957e+09
1.709847581784600973e+09
1.709847583384079933e+09
1.709847584984646082e+09
1.709847586584702969e+09
1.709847588185260057e+09
1.709847589784719944e+09
1.709847591384398937e+09
1.709847592984683990e+09
1.709847594585894108e+09
1.709847596185587883e+09
1.709847597785926104e+09
1.709847599385869980e+09
1.709847600986216068e+09
1.709847602586132050e+09
1.709847604186548948e+09
1.709847605787311077e+09
1.709847607387684107e+09
1.709847608988140106e+09
1.709847610588499069e+09
1.709847612188560963e+09
1.709847613788985968e+09
1.709847615389513969e+09
1.709847616989824057e+09
1.709847618600495100e+09
1.709847620212711096e+09
1.709847621813122988e+09
1.709847623413254976e+09
1.709847624990601063e+09
1.709847626591156960e+09
1.709847628143826962e+09
1.709847629627999067e+09
1.709847631112198114e+09
1.709847632620778084e+09
1.709847634221358061e+09
1.709847635821293116e+09
1.709847637421247959e+09
1.709847639021744967e+09
1.709847640621926069e+09
1.709847642222196102e+09
1.709847643822213888e+09
1.709847645423863888e+09
1.709847647024106026e+09
1.709847648624125004e+09
1.709847650225013018e+09
1.709847651848232985e+09
1.709847653448371887e+09
1.709847655048064947e+09
1.709847656649008989e+09
1.709847658249522924e+09
1.709847659850966930e+09
1.709847661450767040e+09
1.709847663051454067e+09
1.709847664669888020e+09
1.709847666275312901e+09
1.709847667876904011e+09
1.709847669476027012e+09
1.709847671076390028e+09
1.709847672676198959e+09
1.709847674276370049e+09
1.709847675876615047e+09
1.709847677476758003e+09
1.709847679077441931e+09
1.709847680676989079e+09
1.709847682277196884e+09
1.709847683877341032e+09
1.709847685478364944e+09
1.709847687078249931e+09
1.709847688678675890e+09
1.709847690279668093e+09
1.709847691879251957e+09
1.709847693480200052e+09
1.709847695081953049e+09
1.709847696679850101e+09
1.709847698280323982e+09
1.709847699880453110e+09
1.709847701480901957e+09
1.709847703081105947e+09
1.709847704681143045e+09
1.709847706281661034e+09
1.709847707881768942e+09
1.709847709482342958e+09
1.709847711082745075e+09
1.709847712682296991e+09
1.709847714282713890e+09
1.709847715883430004e+09
1.709847717483622074e+09
1.709847719084662914e+09
1.709847720684112072e+09
1.709847722284436941e+09
1.709847723884428024e+09
1.709847725485718966e+09
1.709847727084779978e+09
1.709847728685451031e+09
1.709847730285609007e+09
1.709847731885895014e+09
1.709847733485929012e+09
1.709847735087061882e+09
1.709847736687537909e+09
1.709847738287098885e+09
1.709847739887330055e+09
1.709847741487437010e+09
1.709847743088116884e+09
1.709847744688142061e+09
1.709847746288500071e+09
1.709847747888573885e+09
1.709847749488177061e+09
1.709847751088212013e+09
1.709847752688383102e+09
1.709847754288268089e+09
1.709847755889240026e+09
1.709847757488782883e+09
1.709847759089057922e+09
1.709847760688852072e+09
1.709847762288573027e+09
1.709847763889684916e+09
1.709847765489306927e+09
1.709847767089241028e+09
1.709847768689603090e+09
1.709847770289539099e+09
1.709847771890418053e+09
1.709847773490158081e+09
1.709847775113193989e+09
1.709847776713258982e+09
1.709847778313361883e+09
1.709847779913407087e+09
1.709847781513235092e+09
1.709847783113977909e+09
1.709847784713663101e+09
1.709847786314160109e+09
1.709847787914210081e+09
1.709847789514163971e+09
1.709847791114451885e+09
1.709847792714595079e+09
1.709847794314627886e+09
1.709847795914480925e+09
1.709847797514230013e+09
1.709847799114662886e+09
1.709847800715300083e+09
1.709847802315740108e+09
1.709847803915832043e+09
1.709847805515398979e+09
1.709847807138514042e+09
1.709847808739749908e+09
1.709847810340444088e+09
1.709847811941207886e+09
1.709847813541363001e+09
1.709847815141995907e+09
1.709847816743419886e+09
1.709847818343785048e+09
1.709847819919820070e+09
1.709847821404766083e+09
1.709847822889343977e+09
1.709847824377708912e+09
1.709847825952543020e+09
1.709847827553179979e+09
1.709847829154094934e+09
1.709847830754395008e+09
1.709847832354764938e+09
1.709847833955796957e+09
1.709847835557182074e+09
1.709847837158627987e+09
1.709847838758186102e+09
1.709847840358737946e+09
1.709847841959358931e+09
1.709847843559994936e+09
1.709847845160890102e+09
1.709847846761109114e+09
1.709847848361836910e+09
1.709847849961061001e+09
1.709847851561336994e+09
1.709847853161608934e+09
1.709847854763482094e+09
1.709847856363935947e+09
1.709847857964411020e+09
1.709847859564466953e+09
1.709847861164491892e+09
1.709847862763945103e+09
1.709847864363975048e+09
1.709847865964301109e+09
1.709847867564815998e+09
1.709847869165141106e+09
1.709847870764442921e+09
1.709847872364151955e+09
1.709847873965128899e+09
1.709847875565263987e+09
1.709847877164192915e+09
1.709847878764344931e+09
1.709847880364659071e+09
1.709847881965219021e+09
1.709847883565042019e+09
1.709847885165640116e+09
1.709847886765333891e+09
1.709847888364283085e+09
1.709847889964555025e+09
1.709847891564580917e+09
1.709847893164813042e+09
1.709847894764641047e+09
1.709847896364901066e+09
1.709847897987821102e+09
1.709847899587418079e+09
1.709847901186769009e+09
1.709847902787089109e+09
1.709847904386970997e+09
1.709847905987225056e+09
1.709847907587156057e+09
1.709847909187203884e+09
1.709847910786637068e+09
1.709847912387032986e+09
1.709847913987272024e+09
1.709847915587198019e+09
1.709847917187217951e+09
1.709847918786685944e+09
1.709847920386303902e+09
1.709847921986685038e+09
1.709847923586580038e+09
1.709847925186218023e+09
1.709847926787343979e+09
1.709847928386476994e+09
1.709847929988858938e+09
1.709847931586321115e+09
1.709847933186654091e+09
1.709847934786925077e+09
1.709847936387664080e+09
1.709847937988468885e+09
1.709847939587555885e+09
1.709847941187464952e+09
1.709847942810746908e+09
1.709847944411690950e+09
1.709847946012228966e+09
1.709847947612364054e+09
1.709847949212696075e+09
1.709847950812932968e+09
1.709847952413516998e+09
1.709847954013252020e+09
1.709847955613318920e+09
1.709847957236417055e+09
1.709847958836713076e+09
1.709847960436858892e+09
1.709847962037451029e+09
1.709847963638108015e+09
1.709847965239674091e+09
1.709847966837793112e+09
1.709847968438064098e+09
1.709847970037992954e+09
1.709847971638504982e+09
1.709847973239953041e+09
1.709847974768748999e+09
1.709847976253485918e+09
1.709847977737781048e+09
1.709847979270004988e+09
1.709847980870728016e+09
1.709847982471811056e+09
1.709847984071733952e+09
1.709847985671943903e+09
1.709847987272181034e+09
1.709847988872791052e+09
1.709847990473661900e+09
1.709847992074042082e+09
1.709847993674277067e+09
1.709847995274591923e+09
1.709847996875237942e+09
1.709847998475856066e+09
1.709848000076086998e+09
1.709848001676453114e+09
1.709848003276842117e+09
1.709848004877437115e+09
1.709848006477952957e+09
1.709848008077584028e+09
1.709848009677926064e+09
1.709848011278747082e+09
1.709848012879137039e+09
1.709848014479753017e+09
1.709848016079049110e+09
1.709848017679095984e+09
1.709848019280040026e+09
1.709848020879796982e+09
1.709848022480037928e+09
1.709848024080213070e+09
1.709848025682068110e+09
1.709848027280431032e+09
1.709848028879956007e+09
1.709848030480053902e+09
1.709848032080384016e+09
1.709848033680330038e+09
1.709848035280850887e+09
1.709848036880841970e+09
1.709848038481376886e+09
1.709848040082072020e+09
1.709848041681471109e+09
1.709848043281935930e+09
1.709848044882618904e+09
1.709848046506594896e+09
1.709848048107045889e+09
1.709848049707950115e+09
1.709848051309205055e+09
1.709848052909344912e+09
1.709848054509717941e+09
1.709848056110167980e+09
1.709848057733634949e+09
1.709848059334183931e+09
1.709848060934366941e+09
1.709848062535166025e+09
1.709848064134918928e+09
1.709848065735284090e+09
1.709848067336189985e+09
1.709848068936218023e+09
1.709848070536565065e+09
1.709848072136749983e+09
1.709848073737940073e+09
1.709848075337744951e+09
1.709848076938172102e+09
1.709848078538518906e+09
1.709848080138632059e+09
1.709848081739200115e+09
1.709848083339231968e+09
1.709848084939846039e+09
1.709848086540326118e+09
1.709848088140681028e+09
1.709848089739506960e+09
1.709848091339756012e+09
1.709848092940026999e+09
1.709848094541306019e+09
1.709848096142117977e+09
1.709848097742728949e+09
1.709848099341865063e+09
1.709848100941756010e+09
1.709848102542304993e+09
1.709848104142745972e+09
1.709848105766077042e+09
1.709848107366344929e+09
1.709848108966675997e+09
1.709848110567799091e+09
1.709848112167848110e+09
1.709848113768224001e+09
1.709848115367562056e+09
1.709848116967773914e+09
1.709848118567749023e+09
1.709848120169771910e+09
1.709848121768409014e+09
1.709848123367856026e+09
1.709848124967865944e+09
1.709848126568341970e+09
1.709848128168662071e+09
1.709848129769258022e+09
1.709848131370161057e+09
1.709848132969422102e+09
1.709848134569859982e+09
1.709848136171549082e+09
1.709848137770596981e+09
1.709848139371170998e+09
1.709848140972621918e+09
1.709848142571609974e+09
1.709848144171621084e+09
1.709848145773089886e+09
1.709848147372061968e+09
1.709848148972773075e+09
1.709848150572659016e+09
1.709848152172844887e+09
1.709848153772804022e+09
1.709848155374059916e+09
1.709848156974518061e+09
1.709848158574511051e+09
1.709848160174628973e+09
1.709848161798233986e+09
1.709848163397814035e+09
1.709848164997591972e+09
1.709848166598432064e+09
1.709848168199039936e+09
1.709848169799061060e+09
1.709848171399327993e+09
1.709848173000004053e+09
1.709848174600552082e+09
1.709848176200841904e+09
1.709848177801400900e+09
1.709848179402120113e+09
1.709848181026200056e+09
1.709848182626055002e+09
1.709848184226902962e+09
1.709848185827531099e+09
1.709848187428045988e+09
1.709848189028320074e+09
1.709848190628189087e+09
1.709848192228275061e+09
1.709848193828725100e+09
1.709848195429794073e+09
1.709848197030649900e+09
1.709848198632025003e+09
1.709848200233165026e+09
1.709848201834294081e+09
1.709848203434508085e+09
1.709848205035306931e+09
1.709848206636360884e+09
1.709848208237050056e+09
1.709848209837356091e+09
1.709848211438302040e+09
1.709848213039361954e+09
1.709848214640103102e+09
1.709848216242132902e+09
1.709848217845433950e+09
1.709848219443597078e+09
1.709848221044291973e+09
1.709848222644830942e+09
1.709848224245728016e+09
1.709848225869484901e+09
1.709848227470092058e+09
1.709848229074421883e+09
1.709848230624691010e+09
1.709848232109390020e+09
1.709848233617460966e+09
1.709848235196408033e+09
1.709848236797261953e+09
1.709848238398175001e+09
1.709848239999694109e+09
1.709848241600462914e+09
1.709848243224870920e+09
1.709848244825783968e+09
1.709848246449331999e+09
1.709848248073263884e+09
1.709848249697547913e+09
1.709848251345714092e+09
1.709848252946599960e+09
1.709848254571079016e+09
1.709848256171646118e+09
1.709848257773392916e+09
1.709848259374619961e+09
1.709848260997358084e+09
1.709848262598612070e+09
1.709848264198450089e+09
1.709848265798891068e+09
1.709848267422033072e+09
1.709848269023303986e+09
1.709848270646444082e+09
1.709848272269752979e+09
1.709848273893888950e+09
1.709848275493777037e+09
1.709848277093974113e+09
1.709848278719527960e+09
1.709848280341059923e+09
1.709848281940921068e+09
1.709848283541477919e+09
1.709848285141921997e+09
1.709848286742029905e+09
1.709848288365359068e+09
1.709848289988729000e+09
1.709848291612586021e+09
1.709848293235902071e+09
1.709848294836384058e+09
1.709848296436852932e+09
1.709848298060620070e+09
1.709848299684758902e+09
1.709848301308701038e+09
1.709848302908423901e+09
1.709848304507981062e+09
1.709848306130995035e+09
1.709848307730470896e+09
1.709848309331681013e+09
1.709848310931356907e+09
1.709848312554573059e+09
1.709848314155597925e+09
1.709848315755264997e+09
1.709848317378436089e+09
1.709848319002260923e+09
1.709848320632255077e+09
1.709848322225480080e+09
1.709848323848927975e+09
1.709848325472235918e+09
1.709848327095778942e+09
1.709848328695632935e+09
1.709848330295413971e+09
1.709848331896317005e+09
1.709848333495841980e+09
1.709848335096184015e+09
1.709848336719651937e+09
1.709848338342761040e+09
1.709848339942598104e+09
1.709848341542622089e+09
1.709848343142290115e+09
1.709848344742074013e+09
1.709848346342608929e+09
1.709848347965763092e+09
1.709848349566438913e+09
1.709848351190623045e+09
1.709848352813129902e+09
1.709848354413943052e+09
1.709848356013319016e+09
1.709848357636590958e+09
1.709848359259231091e+09
1.709848360882178068e+09
1.709848362505477905e+09
1.709848364128514051e+09
1.709848365751481056e+09
1.709848367351944923e+09
1.709848368951864958e+09
1.709848370574678898e+09
1.709848372198482037e+09
1.709848373821687937e+09
1.709848375444508076e+09
1.709848377068013906e+09
1.709848378691301107e+09
1.709848380337053061e+09
1.709848381937254906e+09
1.709848383537220001e+09
1.709848385160440922e+09
1.709848386783727884e+09
1.709848388407700062e+09
1.709848390030733109e+09
1.709848391653671980e+09
1.709848393253571033e+09
1.709848394853265047e+09
1.709848396453859091e+09
1.709848398077117920e+09
1.709848399677632093e+09
1.709848401277496099e+09
1.709848402900496960e+09
1.709848404407588005e+09
1.709848405891580105e+09
1.709848407375286102e+09
1.709848408907196999e+09
1.709848410507049084e+09
1.709848412107019901e+09
1.709848413729079008e+09
1.709848415235799074e+09
1.709848416719842911e+09
1.709848418226989985e+09
1.709848419781594038e+09
1.709848421381905079e+09
1.709848422981385946e+09
1.709848424581016064e+09
1.709848426182081938e+09
1.709848427781924963e+09
1.709848429381750107e+09
1.709848431005075932e+09
1.709848432604763031e+09
1.709848434205236912e+09
1.709848435827944994e+09
1.709848437451550007e+09
1.709848439075063944e+09
1.709848440698005915e+09
1.709848442322149038e+09
1.709848443945035934e+09
1.709848445568804026e+09
1.709848447192966938e+09
1.709848448792433023e+09
1.709848450416889906e+09
1.709848452039196968e+09
1.709848453639230013e+09
1.709848455238991022e+09
1.709848456839590073e+09
1.709848458441042900e+09
1.709848458658435106e+09
