1.709914390806653976e+09
1.709914402936337948e+09
1.709914415039984941e+09
1.709914427005151987e+09
1.709914439110852957e+09
1.709914451150039911e+09
1.709914463533931017e+09
1.709914475822561026e+09
1.709914488232172012e+09
1.709914500704391003e+09
1.709914512834291935e+09
1.709914525472251892e+09
1.709914537758846998e+09
1.709914550123445988e+09
1.709914562784806013e+09
1.709914575124474049e+09
1.709914587785309076e+09
1.709914600398345947e+09
1.709914612762201071e+09
1.709914625376054049e+09
1.709914638015760899e+09
1.709914650353729010e+09
1.709914662411142111e+09
1.709914674728770018e+09
1.709914687365590096e+09
1.709914700027405024e+09
1.709914712386540890e+09
1.709914724981636047e+09
1.709914737342395067e+09
1.709914749982263088e+09
1.709914762640999079e+09
1.709914775277194023e+09
1.709914787747684002e+09
1.709914800201320887e+09
1.709914812861485958e+09
1.709914825194742918e+09
1.709914837854806900e+09
1.709914850514358997e+09
1.709914863151314020e+09
1.709914875810895920e+09
1.709914888466562033e+09
1.709914900889683008e+09
1.709914913436755896e+09
1.709914926095437050e+09
1.709914938453077078e+09
1.709914951091587067e+09
1.709914963630323887e+09
1.709914976016633034e+09
1.709914980536989927e+09
