1.709916179178967953e+09
1.709916191844147921e+09
1.709916204512677908e+09
1.709916217153322935e+09
1.709916229815239906e+09
1.709916242489345074e+09
1.709916254852123976e+09
1.709916267542288065e+09
1.709916280185246944e+09
1.709916292852219105e+09
1.709916305493513107e+09
1.709916318133512020e+09
1.709916330800544977e+09
1.709916343168205023e+09
1.709916355826843023e+09
1.709916368447155952e+09
1.709916381092909098e+09
1.709916393611912966e+09
1.709916405788804054e+09
1.709916418361082077e+09
1.709916431023282051e+09
1.709916443661535025e+09
1.709916456301696062e+09
1.709916468617430925e+09
1.709916481256481886e+09
1.709916493918354034e+09
1.709916506159936905e+09
1.709916518268130064e+09
1.709916530930115938e+09
1.709916543591543913e+09
1.709916556253958941e+09
1.709916568895570993e+09
1.709916581323728085e+09
1.709916593828567028e+09
1.709916606471096039e+09
1.709916619133570910e+09
1.709916631472481966e+09
1.709916644111341953e+09
1.709916656773459911e+09
1.709916669412275076e+09
1.709916682073036909e+09
1.709916694410715103e+09
1.709916707049137115e+09
1.709916719688817978e+09
1.709916732326092958e+09
1.709916744962769032e+09
1.709916757296411991e+09
1.709916768970698118e+09
