1.710182019746341944e+09
1.710182032459413052e+09
1.710182045125814915e+09
1.710182057841429949e+09
1.710182070576175928e+09
1.710182083310801983e+09
1.710182095768835068e+09
1.710182108526575089e+09
1.710182121260085106e+09
1.710182133971086025e+09
1.710182146845182896e+09
1.710182159556233883e+09
1.710182172335845947e+09
1.710182185049984932e+09
1.710182197761611938e+09
1.710182210470890045e+09
1.710182222876136065e+09
1.710182235588177919e+09
1.710182248322302103e+09
1.710182261058034897e+09
1.710182273863140106e+09
1.710182286292973042e+09
1.710182299118884087e+09
1.710182311901118040e+09
1.710182324748733044e+09
1.710182337527389050e+09
1.710182350239996910e+09
1.710182362650998116e+09
1.710182375383588076e+09
1.710182388092693090e+09
1.710182400851998091e+09
1.710182413628726006e+09
1.710182426087640047e+09
1.710182438869925976e+09
1.710182451630378008e+09
1.710182464040806055e+09
1.710182476794955969e+09
1.710182489343173027e+09
1.710182502076636076e+09
1.710182514905934095e+09
1.710182527644433022e+09
1.710182540013092041e+09
1.710182552773581028e+09
1.710182565491811037e+09
1.710182578322694063e+09
1.710182591226206064e+09
1.710182604061296940e+09
1.710182616940830946e+09
1.710182622777945042e+09
