1.710266320186801910e+09
1.710266367969125032e+09
1.710266415742753029e+09
1.710266463509385109e+09
1.710266511440700054e+09
1.710266559437736988e+09
1.710266607204266071e+09
1.710266654976878881e+09
1.710266702800160885e+09
1.710266750626674891e+09
1.710266798480537891e+09
1.710266846278951883e+09
1.710266894071798086e+09
1.710266941815145016e+09
1.710266989638737917e+09
1.710267037455193043e+09
1.710267085242126942e+09
1.710267133095601082e+09
1.710267180859730959e+09
1.710267228668898106e+09
1.710267276406374931e+09
1.710267324169094086e+09
1.710267372071171045e+09
1.710267420032335997e+09
1.710267467853249073e+09
1.710267515602078915e+09
1.710267563374600887e+09
1.710267611241990089e+09
1.710267659054024935e+09
1.710267706826168060e+09
1.710267754557058096e+09
1.710267802384433031e+09
1.710267850246474028e+09
1.710267898070952892e+09
1.710267945858414888e+09
1.710267993678800106e+09
1.710268041524682999e+09
1.710268089368314981e+09
1.710268137141092062e+09
1.710268185048365116e+09
1.710268232841228962e+09
1.710268280584809065e+09
1.710268328356034040e+09
1.710268376241617918e+09
1.710268424084208012e+09
1.710268471969793081e+09
1.710268519738442898e+09
1.710268567575337887e+09
1.710268615471716881e+09
1.710268663255044937e+09
1.710268711191529036e+09
1.710268758977089882e+09
1.710268806859791040e+09
1.710268854709134102e+09
1.710268902844331026e+09
1.710268950742902994e+09
1.710268998555954933e+09
1.710269046440968990e+09
1.710269094313932896e+09
1.710269142103791952e+09
1.710269189916229010e+09
1.710269237749260902e+09
1.710269285676791906e+09
1.710269333607151985e+09
1.710269381526247025e+09
1.710269429371546984e+09
1.710269477272593021e+09
1.710269525066817999e+09
1.710269572862670898e+09
1.710269620896811008e+09
1.710269668749232054e+09
1.710269716637003899e+09
1.710269764576473951e+09
1.710269812405519009e+09
1.710269860329598904e+09
1.710269876986164093e+09
