1.704814979494991064e+09
1.704814980903228998e+09
1.704814982238656998e+09
1.704814983602067947e+09
1.704814985138622046e+09
1.704814985746678114e+09
1.704815119105048895e+09
1.704815120447640896e+09
1.704815121849303961e+09
1.704815122736483097e+09
1.704816194340732098e+09
1.704816195678977013e+09
1.704816197015687943e+09
1.704816197859982967e+09
1.704816222353218079e+09
1.704816223693331003e+09
1.704816225027240992e+09
1.704816226445873022e+09
1.704816227901922941e+09
1.704816229363787889e+09
1.704816230822237968e+09
1.704816231755264997e+09
1.704816261833792925e+09
1.704816263305450916e+09
1.704816264736583948e+09
1.704816266131000996e+09
1.704816266643570900e+09
1.704816281933196068e+09
1.704816283267663002e+09
1.704816284620445967e+09
1.704816286074846029e+09
1.704816287357570887e+09
1.704825336845062017e+09
1.704825338566457987e+09
1.704825340417733908e+09
1.704825341142146111e+09
1.704825351179997921e+09
1.704825352902220011e+09
1.704825353505639076e+09
1.704825366600516081e+09
1.704825368322523117e+09
1.704825370044698000e+09
1.704825370700504065e+09
1.704825388272085905e+09
1.704825389994898081e+09
1.704825391529020071e+09
