1.709757698834311008e+09
1.709757711474201918e+09
1.709757724114881039e+09
1.709757736754515886e+09
1.709757749396265984e+09
1.709757762057568073e+09
1.709757774721440077e+09
1.709757787364308119e+09
1.709757800027968884e+09
1.709757812671662092e+09
1.709757825311979055e+09
1.709757837954665899e+09
1.709757850598213911e+09
1.709757863238528967e+09
1.709757875880747080e+09
1.709757888524065971e+09
1.709757901165375948e+09
1.709757913808075905e+09
1.709757926450828075e+09
1.709757939094063044e+09
1.709757951734348059e+09
1.709757964374867916e+09
1.709757977016091108e+09
1.709757989659598112e+09
1.709758002299592018e+09
1.709758014942502975e+09
1.709758027584659100e+09
1.709758040223757982e+09
1.709758052865703106e+09
1.709758065503029108e+09
1.709758078142960072e+09
1.709758090787237883e+09
1.709758103428277016e+09
1.709758116071156025e+09
1.709758128712040901e+09
1.709758141353121996e+09
1.709758153998123884e+09
1.709758166640686035e+09
1.709758179285999060e+09
1.709758191936058998e+09
1.709758204581847906e+09
1.709758217228809118e+09
1.709758229872725010e+09
1.709758242519342899e+09
1.709758255163630009e+09
1.709758267804004908e+09
1.709758280443407059e+09
1.709758290857183933e+09
