1.702571349600281000e+09
1.702571536121328115e+09
1.702571722749078035e+09
1.702571908557923079e+09
1.702572095527389050e+09
1.702572283232362032e+09
1.702572469763144970e+09
1.702572657075567007e+09
1.702572844658893108e+09
1.702573031622661114e+09
1.702573219769181013e+09
1.702573407484020948e+09
1.702573594816212893e+09
1.702573781774835110e+09
1.702573968720123053e+09
1.702574156426003933e+09
1.702574344538043976e+09
1.702574531767123938e+09
1.702574718472349882e+09
1.702574774415133953e+09
