1.709928393668730021e+09
1.709928406080213070e+09
1.709928418720457077e+09
1.709928431363945961e+09
1.709928444012733936e+09
1.709928456661151886e+09
1.709928469306325912e+09
1.709928481972862959e+09
1.709928494615839958e+09
1.709928507258085012e+09
1.709928519922673941e+09
1.709928532564306974e+09
1.709928545206366062e+09
1.709928557875354052e+09
1.709928570541615963e+09
1.709928583185185909e+09
1.709928595828150034e+09
1.709928608496203899e+09
1.709928621164010048e+09
1.709928633804699898e+09
1.709928646329082012e+09
1.709928658766720057e+09
1.709928671408462048e+09
1.709928684071964979e+09
1.709928696714456081e+09
1.709928709355385065e+09
1.709928722019323111e+09
1.709928734661191940e+09
1.709928747325264931e+09
1.709928759967705011e+09
1.709928772328824043e+09
1.709928784993664026e+09
1.709928797636776924e+09
1.709928810301640987e+09
1.709928822966054916e+09
1.709928835608392000e+09
1.709928848248832941e+09
1.709928860892079115e+09
1.709928873557145119e+09
1.709928886225123882e+09
1.709928898870358944e+09
1.709928911537101984e+09
1.709928924203978062e+09
1.709928936847321987e+09
1.709928949534107924e+09
1.709928962178406000e+09
1.709928974842325926e+09
1.709928982892199993e+09
