1.704736630015547991e+09
1.704736675836716890e+09
1.704736721609843016e+09
1.704736767385659933e+09
1.704736813170802116e+09
1.704736858909063101e+09
1.704736904688942909e+09
1.704736950457218885e+09
1.704736996226299047e+09
1.704737041991487980e+09
1.704737087763334036e+09
1.704737133538170099e+09
1.704737179298327923e+09
1.704737225087234974e+09
1.704737270877921104e+09
1.704737316281528950e+09
1.704737362044965982e+09
1.704737407839835882e+09
1.704737453250178099e+09
1.704737499054358959e+09
1.704737544873522997e+09
1.704737590665952921e+09
1.704737636423394918e+09
1.704737682177618027e+09
1.704737727937175035e+09
1.704737773724383116e+09
1.704737819495958090e+09
1.704737865312278032e+09
1.704737911084115982e+09
1.704737956902838945e+09
1.704738002682467937e+09
1.704738048455395937e+09
1.704738094256582975e+09
1.704738140049422026e+09
1.704738185859143019e+09
1.704738231644311905e+09
1.704738277411432028e+09
1.704738322826507092e+09
1.704738368621565104e+09
1.704738414461462021e+09
1.704738459850399017e+09
1.704738505629626989e+09
1.704738551418663979e+09
1.704738597236712933e+09
1.704738643021167994e+09
1.704738688429663897e+09
1.704738734246242046e+09
1.704738780018861055e+09
1.704738825885068893e+09
1.704738871686722994e+09
1.704738917484167099e+09
1.704738963301218987e+09
1.704739009111155987e+09
1.704739054887598991e+09
1.704739100700786114e+09
1.704739146510833025e+09
1.704739192308514118e+09
1.704739237771905899e+09
1.704739283637958050e+09
1.704739329503010035e+09
1.704739375393763065e+09
1.704739421300060034e+09
1.704739467239224911e+09
1.704739513118041992e+09
1.704739559007561922e+09
1.704739604960891962e+09
1.704739650812511921e+09
1.704739696664889097e+09
1.704739742544099092e+09
1.704739788421878099e+09
1.704739834309983015e+09
1.704739880180701017e+09
1.704739926078046083e+09
1.704739971957947016e+09
1.704740017867832899e+09
1.704740063367393017e+09
1.704740109296319962e+09
1.704740155188144922e+09
1.704740193429785013e+09
