1.704821115700233936e+09
1.704821117191683054e+09
1.704821118684113979e+09
1.704821119606501102e+09
1.704821146840250969e+09
1.704821148335762978e+09
1.704821149928957939e+09
1.704821150541138887e+09
1.704821182849194050e+09
1.704821184372226000e+09
1.704821185979830980e+09
1.704821187577897072e+09
1.704821189174576044e+09
1.704821190774920940e+09
1.704821191764173031e+09
1.704821203108441114e+09
1.704821204630239010e+09
1.704821206167285919e+09
1.704821207835616112e+09
1.704821209508991003e+09
1.704821210539232969e+09
1.704821260519530058e+09
1.704821262042922974e+09
1.704821263589813948e+09
1.704821265263542891e+09
1.704821265881469965e+09
1.704821275892343998e+09
1.704821277613656044e+09
1.704821279335941076e+09
1.704821281190406084e+09
1.704821283051175117e+09
1.704821284915824890e+09
1.704821285598392963e+09
