1.700068011788075924e+09
1.700068013546438932e+09
1.700068015311202049e+09
1.700068016859916925e+09
1.700068088094695091e+09
1.700068089766073942e+09
1.700068090862911940e+09
1.700068109167337894e+09
1.700068110904412985e+09
1.700068112667678118e+09
1.700068114424118042e+09
1.700068115075839996e+09
1.700068124932764053e+09
1.700068126696460962e+09
1.700068128456597090e+09
1.700068129106231928e+09
1.700068192460582018e+09
1.700068194132322073e+09
1.700068195856894970e+09
1.700068196482486010e+09
1.700068206702019930e+09
1.700068208375257015e+09
1.700068209381491899e+09
1.700068321359158039e+09
1.700068323115518093e+09
1.700068324878308058e+09
1.700068326621686935e+09
1.700068327204319000e+09
1.700068334156591892e+09
1.700068335827435970e+09
1.700068337546180964e+09
1.700068339304045916e+09
1.700068339949304104e+09
1.700068368463658094e+09
1.700068370217950106e+09
1.700068371982878923e+09
1.700068373742867947e+09
1.700068373932322979e+09
1.700068387006226063e+09
1.700068388676197052e+09
1.700068390378807068e+09
1.700068392134407997e+09
1.700068392762579918e+09
1.700068399283848047e+09
1.700068400978357077e+09
1.700068402663747072e+09
1.700068404345586061e+09
1.700068406094795942e+09
1.700068407796636105e+09
1.700068409468498945e+09
1.700068411139806986e+09
1.700068412880786896e+09
1.700068414554188967e+09
1.700068414722357035e+09
1.700068444122303009e+09
1.700068445812570095e+09
1.700068447483627081e+09
1.700068449157260895e+09
1.700068449796730995e+09
1.700068458488198042e+09
1.700068460158186913e+09
1.700068461862905979e+09
1.700068463625922918e+09
1.700068465391294003e+09
1.700068466015816927e+09
1.700068475708015919e+09
1.700068477406367064e+09
1.700068479163388968e+09
1.700068480219579935e+09
1.700068509930501938e+09
1.700068511698966026e+09
1.700068513458560944e+09
1.700068514094522953e+09
1.700068530512964964e+09
1.700068532184990883e+09
1.700068533884027958e+09
1.700068535624089956e+09
1.700068536208039999e+09
1.700068693635329962e+09
1.700068695311373949e+09
1.700068696981019020e+09
1.700068698676898956e+09
1.700068700439862967e+09
1.700068702196942091e+09
1.700068703958050013e+09
1.700068705713840961e+09
1.700068707406157017e+09
1.700068709076589108e+09
1.700068710749298096e+09
1.700068712496130943e+09
1.700068714258538961e+09
1.700068716030170918e+09
1.700068717792597055e+09
1.700068718851711035e+09
1.700069089801343918e+09
1.700069091482471943e+09
1.700069093178735971e+09
1.700069094855537891e+09
1.700069095855360985e+09
1.700069117485481024e+09
1.700069119157633066e+09
1.700069120907596111e+09
1.700069121970026016e+09
1.700069131553383112e+09
1.700069133224133968e+09
1.700069134928888083e+09
1.700069136363205910e+09
1.700069146489797115e+09
1.700069148252311945e+09
1.700069150015974998e+09
1.700069151781027079e+09
1.700069152401115894e+09
1.700069181328121901e+09
1.700069182999536037e+09
1.700069184726505995e+09
1.700069185426492929e+09
1.700069219780689001e+09
1.700069221476124048e+09
1.700069223234797001e+09
1.700069224993191004e+09
1.700069225652591944e+09
1.700069521394287109e+09
1.700069523065684080e+09
1.700069524767874956e+09
1.700069526517786026e+09
1.700069528281805038e+09
1.700069530047532082e+09
1.700069531805581093e+09
1.700069533563230991e+09
1.700069535322406054e+09
1.700069537082742929e+09
1.700069538850013018e+09
1.700069540612309933e+09
1.700069542364173889e+09
1.700069544133058071e+09
1.700069545884283066e+09
1.700069547576318979e+09
1.700069549251132965e+09
1.700069550927741051e+09
1.700069551984756947e+09
1.700069565032835007e+09
1.700069566798935890e+09
1.700069568571877003e+09
1.700069569631772041e+09
1.700069653064770937e+09
1.700069654769536018e+09
1.700069656438873053e+09
1.700069657437772036e+09
1.700069670601772070e+09
1.700069672273015022e+09
1.700069673976736069e+09
1.700069675746229887e+09
1.700069677516165018e+09
1.700069679223248959e+09
1.700069680892329931e+09
1.700069682564713955e+09
1.700069684311204910e+09
1.700069686066905022e+09
1.700069687827775955e+09
1.700069689582259893e+09
1.700069691271900892e+09
1.700069692944833040e+09
1.700069694615973949e+09
1.700069696361095905e+09
1.700069698115535021e+09
1.700069699871300936e+09
1.700069701634372950e+09
1.700069703393552065e+09
1.700069705158622980e+09
1.700069706899748087e+09
1.700069708571475029e+09
1.700069710245817900e+09
1.700069711961636066e+09
1.700069713717189074e+09
1.700069715476006031e+09
1.700069717232388020e+09
1.700069718997864008e+09
1.700069720764410973e+09
1.700069722522681952e+09
1.700069724282733917e+09
1.700069726039158106e+09
1.700069727794548035e+09
1.700069729490530014e+09
1.700069731163129091e+09
1.700069732835103035e+09
1.700069734598123074e+09
1.700069736359509945e+09
1.700069738118181944e+09
1.700069739882767916e+09
1.700069741648808956e+09
1.700069743405731916e+09
1.700069745164293051e+09
1.700069746928880930e+09
1.700069748685055017e+09
1.700069750376836061e+09
1.700069752050512075e+09
1.700069753723440886e+09
1.700069755473521948e+09
1.700069757240448952e+09
1.700069759005063057e+09
1.700069760766217947e+09
1.700069762533869982e+09
1.700069764307585001e+09
1.700069766002907991e+09
1.700069767673753023e+09
1.700069769342899084e+09
1.700069771091783047e+09
1.700069772853595972e+09
1.700069774565370083e+09
1.700069776247360945e+09
1.700069777918674946e+09
1.700069779646194935e+09
1.700069781408365011e+09
1.700069783171439886e+09
1.700069784937436104e+09
1.700069786695065022e+09
1.700069788456779003e+09
1.700069790214514971e+09
1.700069791978434086e+09
1.700069793740994930e+09
1.700069795507177114e+09
1.700069797268872023e+09
1.700069799033890963e+09
1.700069800793687105e+09
1.700069802561120033e+09
1.700069804326080084e+09
1.700069806090795994e+09
1.700069807864893913e+09
1.700069809629625082e+09
1.700069811394913912e+09
1.700069813158154964e+09
1.700069814920698881e+09
1.700069816681271076e+09
1.700069818446268082e+09
1.700069820207906961e+09
1.700069821969662905e+09
1.700069823732021093e+09
1.700069825488694906e+09
1.700069827252861023e+09
1.700069829028923035e+09
1.700069830789311886e+09
1.700069832548799992e+09
1.700069834243125916e+09
1.700069835914935112e+09
1.700069837586100101e+09
1.700069839337270021e+09
1.700069841098608971e+09
1.700069842871953011e+09
1.700069844611252069e+09
1.700069846282157898e+09
1.700069847953319073e+09
1.700069849652427912e+09
1.700069851412743092e+09
1.700069853181215048e+09
1.700069854945347071e+09
1.700069856709851980e+09
1.700069858468060970e+09
1.700069860232255936e+09
1.700069861996898890e+09
1.700069863753317118e+09
1.700069865446194887e+09
1.700069867116539001e+09
1.700069868786607981e+09
1.700069870536919117e+09
1.700069872295397997e+09
1.700069873977505922e+09
1.700069875698774099e+09
1.700069876316468954e+09
1.700069878017942905e+09
1.700069879689585924e+09
1.700069881362734079e+09
1.700069882928162098e+09
1.700069884587846994e+09
1.700069886249757051e+09
1.700069887805856943e+09
1.700069889460264921e+09
1.700069891117608070e+09
1.700069892080113888e+09
1.700069893735872984e+09
1.700069895408669949e+09
1.700069897082223892e+09
1.700069898836100101e+09
1.700069900540401936e+09
1.700069902213691950e+09
1.700069903888808012e+09
1.700069904795679092e+09
1.700069906502156973e+09
1.700069908256602049e+09
1.700069908271313906e+09
1.700069908279505014e+09
1.700070002336903095e+09
1.700070004009217978e+09
1.700070005730284929e+09
1.700070006378272057e+09
1.700070011434865952e+09
1.700070013182952881e+09
1.700070014964133024e+09
1.700070015587529898e+09
1.700070030119815111e+09
1.700070031791186094e+09
1.700070033540824890e+09
1.700070035230942011e+09
1.700070036901269913e+09
1.700070037129164934e+09
1.700070157555938959e+09
1.700070159324630976e+09
1.700070161015897989e+09
1.700070162686628103e+09
1.700070163270418882e+09
1.700070328329309940e+09
1.700070330064548016e+09
1.700070331832194090e+09
1.700070333602227926e+09
1.700070334659101009e+09
1.700070412712359905e+09
1.700070414470088005e+09
1.700070416228120089e+09
1.700070416515799999e+09
1.700070444999883890e+09
1.700070446674706936e+09
1.700070448440826893e+09
1.700070450213485956e+09
1.700070450411118984e+09
1.700070472374418974e+09
1.700070474079297066e+09
1.700070475140491009e+09
1.700070482863523960e+09
1.700070484633874893e+09
1.700070486399158001e+09
1.700070488162678957e+09
1.700070488843234062e+09
1.700070496353490114e+09
1.700070498118844986e+09
1.700070499876893044e+09
1.700070501630669117e+09
1.700070502237814903e+09
1.700070646258358955e+09
1.700070648020519018e+09
1.700070649790729046e+09
1.700070651556739092e+09
1.700070652616707087e+09
1.700070662350500107e+09
1.700070664025227070e+09
1.700070665792977095e+09
1.700070667294209957e+09
1.700070792677139044e+09
1.700070794350083113e+09
1.700070796075443029e+09
1.700070797153342962e+09
1.700070809990468025e+09
1.700070811677180052e+09
1.700070813442616940e+09
1.700070813655810118e+09
1.700070828314625978e+09
1.700070829985785961e+09
1.700070831706464052e+09
1.700070833474296093e+09
1.700070835239581108e+09
1.700070837000581026e+09
1.700070838767407894e+09
1.700070840525830030e+09
1.700070840718322992e+09
1.700070909319832087e+09
1.700070911085594893e+09
1.700070912843089104e+09
1.700070913865712881e+09
1.700071058111846924e+09
1.700071059788412094e+09
1.700071061510329008e+09
1.700071063267600060e+09
1.700071065034306049e+09
1.700071066796242952e+09
1.700071068572053909e+09
1.700071070328493118e+09
1.700071072094080925e+09
1.700071073863571882e+09
1.700071075624527931e+09
1.700071077382565022e+09
1.700071079139985085e+09
1.700071080900312901e+09
1.700071082650577068e+09
1.700071084321930885e+09
1.700071084489002943e+09
1.700071155054020882e+09
1.700071156811688900e+09
1.700071157524545908e+09
1.700071162219686985e+09
1.700071163960172892e+09
1.700071164616671085e+09
1.700071202987678051e+09
1.700071204660528898e+09
1.700071206422430992e+09
1.700071208180010080e+09
1.700071209910795927e+09
1.700071211583431005e+09
1.700071213260515928e+09
1.700071215023397923e+09
1.700071216785284042e+09
1.700071218553205013e+09
1.700071220318777084e+09
1.700071222084088087e+09
1.700071223838829041e+09
1.700071225602663040e+09
1.700071227296936035e+09
1.700071228971793890e+09
1.700071230641902924e+09
1.700071232393637896e+09
1.700071234088725090e+09
1.700071235760751963e+09
1.700071237432848930e+09
1.700071239177781105e+09
1.700071240934535027e+09
1.700071242624644995e+09
1.700071244296747923e+09
1.700071245968316078e+09
1.700071247718664885e+09
1.700071249481913090e+09
1.700071251173988104e+09
1.700071252845114946e+09
1.700071254517330885e+09
1.700071256268170118e+09
1.700071258033859015e+09
1.700071259726263046e+09
1.700071261397823095e+09
1.700071263067425013e+09
1.700071264816979885e+09
1.700071266578155041e+09
1.700071268338692904e+09
1.700071270111434937e+09
1.700071271867810965e+09
1.700071273631901026e+09
1.700071275322951078e+09
1.700071276993956089e+09
1.700071278664215088e+09
1.700071280416512966e+09
1.700071282186769962e+09
1.700071283942954063e+09
1.700071285635366917e+09
1.700071287308274031e+09
1.700071289013637066e+09
1.700071290884746075e+09
1.700071292594871998e+09
1.700071292761739969e+09
1.700071293100974083e+09
1.700071293275182962e+09
1.700071293444605112e+09
1.700071293621257067e+09
1.700071293797173977e+09
1.700071293973649025e+09
1.700071294140619040e+09
1.700071294292999983e+09
1.700071294457319021e+09
1.700071316576350927e+09
1.700071318346297026e+09
1.700071318536107063e+09
1.700071550580918074e+09
1.700071552251185894e+09
1.700071552888119936e+09
1.700071580079814911e+09
1.700071581767615080e+09
1.700071582834783077e+09
1.700071596649611950e+09
1.700071597709676027e+09
1.700071600710427046e+09
1.700071602381373882e+09
1.700071604150237083e+09
1.700071605826600075e+09
1.700071607499227047e+09
1.700071609214226007e+09
1.700071610910321951e+09
1.700071612584203005e+09
1.700071614256756067e+09
1.700071616009118080e+09
1.700071617769139051e+09
1.700071619461644888e+09
1.700071619629188061e+09
1.700071628833838940e+09
1.700071630505877972e+09
1.700071632203887939e+09
1.700071632825925112e+09
1.700071637431915998e+09
1.700071639150495052e+09
1.700071640914078951e+09
1.700071641937783003e+09
1.700071856825134039e+09
1.700071858500507116e+09
1.700071860248630047e+09
1.700071860963264942e+09
1.700075623313148975e+09
1.700075625040687084e+09
1.700075626051630020e+09
1.700075630005206108e+09
1.700075635241574049e+09
1.700075636974203110e+09
1.700075638028877974e+09
1.700075664972320080e+09
1.700075666290270090e+09
1.700075667152003050e+09
1.700079390481559038e+09
1.700079392176497936e+09
1.700079393848264933e+09
1.700079395300543070e+09
1.700079403903506994e+09
1.700079405575777054e+09
1.700079407271339893e+09
1.700079407536658049e+09
1.700079419412133932e+09
1.700079421181335926e+09
1.700079422941606998e+09
1.700079423998423100e+09
1.700079432096555948e+09
1.700079433766941071e+09
1.700079435466008902e+09
1.700079437228051901e+09
1.700079437923453093e+09
1.700079472243088961e+09
1.700079474004817963e+09
1.700079475762115955e+09
1.700079477263360023e+09
