1.710349780958304882e+09
1.710349782466069937e+09
1.710349784021838903e+09
1.710349785623187065e+09
1.710349787152700901e+09
1.710349788729733944e+09
1.710349790261013031e+09
1.710349791861052036e+09
1.710349793484957933e+09
1.710349795086510897e+09
1.710349796685197115e+09
1.710349798193056107e+09
1.710349799700861931e+09
1.710349801185522079e+09
1.710349802740556955e+09
1.710349804364439964e+09
1.710349805988141060e+09
1.710349807612220049e+09
1.710349809235899925e+09
1.710349810859992027e+09
1.710349812460566044e+09
1.710349814060885906e+09
1.710349815684525013e+09
1.710349817308314085e+09
1.710349818908973932e+09
1.710349820509246111e+09
1.710349822113097906e+09
1.710349823710421085e+09
1.710349825311485052e+09
1.710349826912153006e+09
1.710349828511637926e+09
1.710349830135265112e+09
1.710349831736140013e+09
1.710349833336610079e+09
1.710349834960294008e+09
1.710349836584125996e+09
1.710349838208024025e+09
1.710349839808254004e+09
1.710349841409041882e+09
1.710349843031956911e+09
1.710349844632312059e+09
1.710349846208198071e+09
1.710349847692701101e+09
1.710349849177304983e+09
1.710349850662091970e+09
1.710349852217896938e+09
1.710349853841965914e+09
1.710349855394140005e+09
1.710349856878598928e+09
1.710349858363185883e+09
1.710349859918196917e+09
1.710349861541537046e+09
1.710349863142498016e+09
1.710349864742873907e+09
1.710349866344126940e+09
1.710349867967307091e+09
1.710349869567900896e+09
1.710349871191951036e+09
1.710349872793194056e+09
1.710349874416064978e+09
1.710349876039828062e+09
1.710349877640438080e+09
1.710349879264003038e+09
1.710349880863190889e+09
1.710349882370805025e+09
1.710349883855412960e+09
1.710349885341121912e+09
1.710349886965287924e+09
1.710349888565342903e+09
1.710349890166131973e+09
1.710349891790051937e+09
1.710349893413597107e+09
1.710349894966964960e+09
1.710349896451911926e+09
1.710349897936872005e+09
1.710349899469104052e+09
1.710349901093462944e+09
1.710349902693631887e+09
1.710349904294512033e+09
1.710349905894452095e+09
1.710349907518374920e+09
1.710349909119471073e+09
1.710349910720240116e+09
1.710349912344686031e+09
1.710349913968383074e+09
1.710349915570496082e+09
1.710349917169459105e+09
1.710349918769965887e+09
1.710349920393263102e+09
1.710349922017242908e+09
1.710349923643048048e+09
1.710349925242688894e+09
1.710349926866767883e+09
1.710349928489923954e+09
1.710349930114207983e+09
1.710349931761224031e+09
1.710349933385153055e+09
1.710349934985619068e+09
1.710349936586630106e+09
1.710349938210608959e+09
1.710349939834752083e+09
1.710349941436342955e+09
1.710349943036851883e+09
1.710349944613368988e+09
1.710349946121499062e+09
1.710349947606072903e+09
1.710349949138223886e+09
1.710349950739208937e+09
1.710349952340111971e+09
1.710349953964112997e+09
1.710349955588037014e+09
1.710349957212019920e+09
1.710349958836276054e+09
1.710349960461236000e+09
1.710349962061079025e+09
1.710349963684695959e+09
1.710349965308521986e+09
1.710349966933187962e+09
1.710349968533554077e+09
1.710349970157330990e+09
1.710349971781869888e+09
1.710349973382061958e+09
1.710349974982283115e+09
1.710349976607516050e+09
1.710349978229080915e+09
1.710349979830012083e+09
1.710349981454154968e+09
1.710349983055145025e+09
1.710349984679377079e+09
1.710349986302823067e+09
1.710349987904084921e+09
1.710349989504390001e+09
1.710349991128938913e+09
1.710349992751805067e+09
1.710349994354238987e+09
1.710349995976213932e+09
1.710349997600167990e+09
1.710349999224740982e+09
1.710350000848417997e+09
1.710350002472788095e+09
1.710350004096616983e+09
1.710350005724078894e+09
1.710350007320938110e+09
1.710350008944967031e+09
1.710350010568860054e+09
1.710350012169821024e+09
1.710350013769993067e+09
1.710350015371563911e+09
1.710350017018182039e+09
1.710350018642317057e+09
1.710350020266483068e+09
1.710350021889971972e+09
1.710350023514044046e+09
1.710350025114064932e+09
1.710350026715044975e+09
1.710350028338407040e+09
1.710350029962105989e+09
1.710350031562643051e+09
1.710350033163940907e+09
1.710350034786737919e+09
1.710350036411552906e+09
1.710350038011481047e+09
1.710350039638519049e+09
1.710350041282484055e+09
1.710350042907032967e+09
1.710350044506743908e+09
1.710350046107526064e+09
1.710350047730448961e+09
1.710350049354048967e+09
1.710350050955176115e+09
1.710350052554483891e+09
1.710350054154822111e+09
1.710350055777858019e+09
1.710350057401729107e+09
1.710350059025464058e+09
1.710350060648605108e+09
1.710350062271559954e+09
1.710350063894963026e+09
1.710350065496083021e+09
1.710350067095483065e+09
1.710350068699851036e+09
1.710350070295893908e+09
1.710350071942426920e+09
1.710350073542541981e+09
1.710350075142448902e+09
1.710350076766062021e+09
1.710350078366744041e+09
1.710350079966944933e+09
1.710350081591181040e+09
1.710350083214160919e+09
1.710350084814816952e+09
1.710350086440771103e+09
1.710350088062001944e+09
1.710350089686008930e+09
1.710350091309227943e+09
1.710350092933068991e+09
1.710350094556392908e+09
1.710350096156722069e+09
1.710350097756973028e+09
1.710350099380537987e+09
1.710350101004709005e+09
1.710350102604763031e+09
1.710350104204778910e+09
1.710350105829077005e+09
1.710350107453288078e+09
1.710350109053838968e+09
1.710350110677679062e+09
1.710350112302037954e+09
1.710350113926290035e+09
1.710350115527493954e+09
1.710350117152029991e+09
1.710350118776267052e+09
1.710350120400657892e+09
1.710350122001955986e+09
1.710350123603256941e+09
1.710350125205581903e+09
1.710350126829258919e+09
1.710350128431287050e+09
1.710350130031716108e+09
1.710350131657182932e+09
1.710350133281738997e+09
1.710350134882379055e+09
1.710350136529450893e+09
1.710350138153620958e+09
1.710350139778497934e+09
1.710350141402869940e+09
1.710350143003494024e+09
1.710350144627429962e+09
1.710350146250696898e+09
1.710350147851490974e+09
1.710350149451828003e+09
1.710350151075023890e+09
1.710350152698909998e+09
1.710350154322499990e+09
1.710350155945238113e+09
1.710350157568569899e+09
1.710350159191996098e+09
1.710350160815670967e+09
1.710350162416637897e+09
1.710350164063872099e+09
1.710350165687791109e+09
1.710350167310847998e+09
1.710350168934385061e+09
1.710350170557805061e+09
1.710350172181377888e+09
1.710350173805294037e+09
1.710350175405785084e+09
1.710350177029509068e+09
1.710350178653198004e+09
1.710350180277194023e+09
1.710350181900358915e+09
1.710350183501251936e+09
1.710350185125222921e+09
1.710350186725487947e+09
1.710350188326169014e+09
1.710350189926309109e+09
1.710350191550259113e+09
1.710350193174524069e+09
1.710350194775652885e+09
1.710350196376190901e+09
1.710350197976402044e+09
1.710350199600861073e+09
1.710350201201222897e+09
1.710350202825484037e+09
1.710350204448935032e+09
1.710350206048952103e+09
1.710350207649090052e+09
1.710350209273473978e+09
1.710350210897047043e+09
1.710350212497535944e+09
1.710350214098665953e+09
1.710350215723567009e+09
1.710350217346951008e+09
1.710350218946923018e+09
1.710350220547924042e+09
1.710350222147979975e+09
1.710350223771522045e+09
1.710350225394861937e+09
1.710350227018395901e+09
1.710350228644856930e+09
1.710350230265753984e+09
1.710350231865852118e+09
1.710350233466645002e+09
1.710350235090224028e+09
1.710350236714272022e+09
1.710350238314544916e+09
1.710350239915836096e+09
1.710350241539637089e+09
1.710350243162681103e+09
1.710350244786662102e+09
1.710350246388711929e+09
1.710350247989806890e+09
1.710350249612526894e+09
1.710350251212471008e+09
1.710350252836332083e+09
1.710350254460403919e+09
1.710350256084017038e+09
1.710350257684639931e+09
1.710350259260777950e+09
1.710350260745459080e+09
1.710350262230494976e+09
1.710350263714804888e+09
1.710350265222449064e+09
1.710350266730308056e+09
1.710350268214688063e+09
1.710350269722471952e+09
1.710350271206821918e+09
1.710350272691222906e+09
1.710350274175714016e+09
1.710350275730665922e+09
1.710350277330885887e+09
1.710350278955786943e+09
1.710350280555680037e+09
1.710350282157031059e+09
1.710350283780522108e+09
1.710350285381063938e+09
1.710350286982006073e+09
1.710350288605878115e+09
1.710350290205809116e+09
1.710350291806324959e+09
1.710350293429483891e+09
1.710350295054054976e+09
1.710350296653593063e+09
1.710350298277102947e+09
1.710350299900702000e+09
1.710350301500890017e+09
1.710350303101955891e+09
1.710350304702188969e+09
1.710350306325992107e+09
1.710350307926371098e+09
1.710350309526377916e+09
1.710350311127046108e+09
1.710350312750607967e+09
1.710350314373811007e+09
1.710350315975236893e+09
1.710350317575758934e+09
1.710350319198638916e+09
1.710350320799437046e+09
1.710350322398313046e+09
1.710350324022044897e+09
1.710350325645807028e+09
1.710350327245374918e+09
1.710350328846218109e+09
1.710350330446702003e+09
1.710350332046817064e+09
1.710350333670131922e+09
1.710350335270652056e+09
1.710350336894448996e+09
1.710350338518179893e+09
1.710350340141469955e+09
1.710350341765227079e+09
1.710350343365464926e+09
1.710350344918661118e+09
1.710350346403223991e+09
1.710350347887897968e+09
1.710350349443737984e+09
1.710350351066967964e+09
1.710350352643549919e+09
1.710350354128134012e+09
1.710350355636111975e+09
1.710350357145236969e+09
1.710350358746617079e+09
1.710350360369926929e+09
1.710350361970782995e+09
1.710350363571861982e+09
1.710350365194511890e+09
1.710350366747581959e+09
1.710350368255193949e+09
1.710350369739500999e+09
1.710350371271028996e+09
1.710350372894181967e+09
1.710350374494839907e+09
1.710350376119446993e+09
1.710350377742446899e+09
1.710350379366167068e+09
1.710350380371499062e+09
