1.709838438755644083e+09
1.709838440309608936e+09
1.709838441793967009e+09
1.709838443303349018e+09
1.709838444903331041e+09
1.709838446504291058e+09
1.709838448105735064e+09
1.709838449682202101e+09
1.709838451260088921e+09
1.709838452860238075e+09
1.709838454462290049e+09
1.709838456061928034e+09
1.709838457686352015e+09
1.709838459309782028e+09
1.709838460911009073e+09
1.709838462511332035e+09
1.709838464112561941e+09
1.709838465689147949e+09
1.709838467266098022e+09
1.709838468866250992e+09
1.709838470466501951e+09
1.709838472091695070e+09
1.709838473713705063e+09
1.709838475313937902e+09
1.709838476913937092e+09
1.709838478467645884e+09
1.709838479951900005e+09
1.709838481436269045e+09
1.709838482969562054e+09
1.709838484568315029e+09
1.709838486191837072e+09
1.709838487792572021e+09
1.709838489392390966e+09
1.709838490992237091e+09
1.709838492593050003e+09
1.709838494196202040e+09
1.709838495793529034e+09
1.709838497368736982e+09
1.709838498852591991e+09
1.709838500336561918e+09
1.709838501822978020e+09
1.709838503327732086e+09
1.709838504835009098e+09
1.709838506319156885e+09
1.709838507851958990e+09
1.709838509450766087e+09
1.709838511052475929e+09
1.709838512651194096e+09
1.709838514251041889e+09
1.709838515875243902e+09
1.709838517475117922e+09
1.709838519075526953e+09
1.709838520675754070e+09
1.709838522298455000e+09
1.709838523898277044e+09
1.709838525498784065e+09
1.709838527098004103e+09
1.709838528697777033e+09
1.709838530275140047e+09
1.709838531874625921e+09
1.709838533473989964e+09
1.709838535074671984e+09
1.709838536698513031e+09
1.709838538299104929e+09
1.709838539899578094e+09
1.709838541498939037e+09
1.709838543122509003e+09
1.709838544746074915e+09
1.709838546369738102e+09
1.709838547947109938e+09
1.709838549523977041e+09
1.709838551171175003e+09
1.709838552794903040e+09
1.709838554419187069e+09
1.709838556042541981e+09
1.709838557619709015e+09
1.709838559243518114e+09
1.709838560867275000e+09
1.709838562467479944e+09
1.709838564020457983e+09
1.709838565504987001e+09
1.709838566989604950e+09
1.709838568498763084e+09
1.709838570098963976e+09
1.709838571722383022e+09
1.709838573346682072e+09
1.709838574970519066e+09
1.709838576573666096e+09
1.709838578194410086e+09
1.709838579819333076e+09
1.709838581418992996e+09
1.709838583043416977e+09
1.709838584666376114e+09
1.709838586290169954e+09
1.709838587915116072e+09
1.709838589514471054e+09
1.709838591115010023e+09
1.709838592738538027e+09
1.709838594362205029e+09
1.709838595962276936e+09
1.709838597585623980e+09
1.709838599209734917e+09
1.709838600811878920e+09
1.709838602411349058e+09
1.709838604034564018e+09
1.709838605658672094e+09
1.709838607259289026e+09
1.709838608860074997e+09
1.709838610483234882e+09
1.709838612106961012e+09
1.709838613706669092e+09
1.709838615283838987e+09
1.709838616907896996e+09
1.709838618507991076e+09
1.709838620107817888e+09
1.709838621708340883e+09
1.709838623331708908e+09
1.709838624931488037e+09
1.709838626531526089e+09
1.709838628155225039e+09
1.709838629731616020e+09
1.709838631332256079e+09
1.709838632956043005e+09
1.709838634555759907e+09
1.709838636156320095e+09
1.709838637780072927e+09
1.709838639403042078e+09
1.709838641003151894e+09
1.709838642626893997e+09
1.709838644226294041e+09
1.709838645849529982e+09
1.709838647449681997e+09
1.709838649072864056e+09
1.709838650649846077e+09
1.709838652201942921e+09
1.709838653686104059e+09
1.709838655170177937e+09
1.709838656701879978e+09
1.709838658303627968e+09
1.709838659926410913e+09
1.709838661548774958e+09
1.709838663148993015e+09
1.709838664748850107e+09
1.709838666372294903e+09
1.709838667995989084e+09
1.709838669619774103e+09
1.709838671243592024e+09
1.709838672866777897e+09
1.709838674491204023e+09
1.709838676090691090e+09
1.709838677690661907e+09
1.709838679267954111e+09
1.709838680868031025e+09
1.709838682470104933e+09
1.709838684091733932e+09
1.709838685692974091e+09
1.709838687293536901e+09
1.709838688916770935e+09
1.709838690541145086e+09
1.709838692140877008e+09
1.709838693717544079e+09
1.709838695317527056e+09
1.709838696918493032e+09
1.709838698541434050e+09
1.709838700165474892e+09
1.709838701765505075e+09
1.709838703365715027e+09
1.709838704989058971e+09
1.709838706612314939e+09
1.709838708212575912e+09
1.709838709836236954e+09
1.709838711436801910e+09
1.709838713060086012e+09
1.709838714660335064e+09
1.709838716237559080e+09
1.709838717837975025e+09
1.709838719438235998e+09
1.709838721039813995e+09
1.709838722661802053e+09
1.709838724308520079e+09
1.709838725932208061e+09
1.709838727532630920e+09
1.709838729155286074e+09
1.709838730755805969e+09
1.709838732332216978e+09
1.709838733956626892e+09
1.709838735557178020e+09
1.709838737157468081e+09
1.709838738780811071e+09
1.709838740404031038e+09
1.709838741981710911e+09
1.709838743604720116e+09
1.709838745228122950e+09
1.709838746851151943e+09
1.709838748474946976e+09
1.709838750097738981e+09
1.709838751698333025e+09
1.709838753276395082e+09
1.709838754876310110e+09
1.709838756477250099e+09
1.709838758100811958e+09
1.709838759724383116e+09
1.709838761324959040e+09
1.709838762948278904e+09
1.709838764549220085e+09
1.709838766173985004e+09
1.709838767772978067e+09
1.709838769373155117e+09
1.709838770950400114e+09
1.709838772550628901e+09
1.709838774151330948e+09
1.709838775775024891e+09
1.709838777375919104e+09
1.709838778975388050e+09
1.709838780599165916e+09
1.709838782223388910e+09
1.709838783845993996e+09
1.709838785469312906e+09
1.709838787093091011e+09
1.709838788693331003e+09
1.709838790293045998e+09
1.709838791892863035e+09
1.709838793493159056e+09
1.709838795116410971e+09
1.709838796717602968e+09
1.709838798293781996e+09
1.709838799894387960e+09
1.709838801493828058e+09
1.709838803095045090e+09
1.709838804718255043e+09
1.709838806270914078e+09
1.709838807755129099e+09
1.709838809239430904e+09
1.709838810771496058e+09
1.709838812371412039e+09
1.709838813994659901e+09
1.709838815547411919e+09
1.709838817031728029e+09
1.709838818515928984e+09
1.709838820048671007e+09
1.709838821672158957e+09
1.709838823294960022e+09
1.709838824918160915e+09
1.709838826518045902e+09
1.709838828141848087e+09
1.709838829742053032e+09
1.709838831342729092e+09
1.709838832919595003e+09
1.709838834519634962e+09
1.709838836120580912e+09
1.709838837720510006e+09
1.709838839321439028e+09
1.709838840898324966e+09
1.709838842522140026e+09
1.709838844122209072e+09
1.709838845723107100e+09
1.709838847324027061e+09
1.709838848946942091e+09
1.709838850548805952e+09
1.709838852148025990e+09
1.709838853771511078e+09
1.709838855394922972e+09
1.709838856995398045e+09
1.709838858595778942e+09
1.709838860195620060e+09
1.709838861819052935e+09
1.709838863419722080e+09
1.709838865020042896e+09
1.709838866643562078e+09
1.709838868266472101e+09
1.709838869889933109e+09
1.709838871489821911e+09
1.709838873113046885e+09
1.709838874736181021e+09
1.709838876312988997e+09
1.709838877936654091e+09
1.709838879537528038e+09
1.709838881161220074e+09
1.709838882784188986e+09
1.709838884408312082e+09
1.709838886008346081e+09
1.709838887609618902e+09
1.709838889232094049e+09
1.709838890809499979e+09
1.709838892433726072e+09
1.709838894033392906e+09
1.709838895657460928e+09
1.709838897280838966e+09
1.709838898881340981e+09
1.709838900504865885e+09
1.709838902104849100e+09
1.709838903682105064e+09
1.709838905282991886e+09
1.709838906883136988e+09
1.709838908483946085e+09
1.709838910107302904e+09
1.709838911730190039e+09
1.709838913330543041e+09
1.709838914931529999e+09
1.709838916508246899e+09
1.709838918132199049e+09
1.709838919757113934e+09
1.709838921379075050e+09
1.709838923002341032e+09
1.709838924555197001e+09
1.709838926039505005e+09
1.709838927523737907e+09
1.709838929055311918e+09
1.709838930657711983e+09
1.709838932279306889e+09
1.709838933879306078e+09
1.709838935480266094e+09
1.709838937079988003e+09
1.709838938726442099e+09
1.709838940349647045e+09
1.709838941926548958e+09
1.709838943549640894e+09
1.709838945149668932e+09
1.709838946749571085e+09
1.709838948373609066e+09
1.709838949996085882e+09
1.709838951619153023e+09
1.709838953243062973e+09
1.709838954865967989e+09
1.709838956466273069e+09
1.709838958043448925e+09
1.709838959644432068e+09
1.709838961267359018e+09
1.709838962890527964e+09
1.709838964513751984e+09
1.709838966114161015e+09
1.709838967714190960e+09
1.709838969337327957e+09
1.709838970961007118e+09
1.709838972562061071e+09
1.709838974161736012e+09
1.709838975762404919e+09
1.709838977385760069e+09
1.709838979009645939e+09
1.709838980610166073e+09
1.709838982233921051e+09
1.709838983856627941e+09
1.709838985457101107e+09
1.709838987080698967e+09
1.709838988704447031e+09
1.709838990281757116e+09
1.709838991904900074e+09
1.709838993528413057e+09
1.709838995128753901e+09
1.709838996752181053e+09
1.709838998352670908e+09
1.709838999952778101e+09
1.709839001553762913e+09
1.709839003154885054e+09
1.709839004777827978e+09
1.709839006378142118e+09
1.709839007979068041e+09
1.709839009578614950e+09
1.709839011189568043e+09
1.709839012802700996e+09
1.709839014403558016e+09
1.709839015980834961e+09
1.709839017581614971e+09
1.709839019181648016e+09
1.709839020805937052e+09
1.709839022383604050e+09
1.709839024007647991e+09
1.709839025630918980e+09
1.709839027233459949e+09
1.709839028854955912e+09
1.709839030384397984e+09
1.709839031891881943e+09
1.709839033376152039e+09
1.709839034884979010e+09
1.709839036485349894e+09
1.709839038087379932e+09
1.709839039663507938e+09
1.709839041263293982e+09
1.709839042887866020e+09
1.709839044511509895e+09
1.709839046088160992e+09
1.709839047711689949e+09
1.709839049289004087e+09
1.709839050911896944e+09
1.709839052512276888e+09
1.709839054136054039e+09
1.709839055759443045e+09
1.709839057382469893e+09
1.709839059030997992e+09
1.709839060630341053e+09
1.709839062253592014e+09
1.709839063877037048e+09
1.709839065476632118e+09
1.709839067077548981e+09
1.709839068654266119e+09
1.709839070277604103e+09
1.709839071877573013e+09
1.709839073501071930e+09
1.709839075101377010e+09
1.709839076701913118e+09
1.709839078301891088e+09
1.709839079902625084e+09
1.709839081503561974e+09
1.709839083102704048e+09
1.709839084679845095e+09
1.709839086280342102e+09
1.709839087880546093e+09
1.709839089480629921e+09
1.709839091081267118e+09
1.709839092704747915e+09
1.709839094328500032e+09
1.709839095881274939e+09
1.709839097365699053e+09
1.709839098873269081e+09
1.709839100428900003e+09
1.709839102028373957e+09
1.709839103651998043e+09
1.709839105230184078e+09
1.709839106829703093e+09
1.709839108452897072e+09
1.709839110099258900e+09
1.709839111722914934e+09
1.709839113345866919e+09
1.709839114969203949e+09
1.709839116593452930e+09
1.709839118169519901e+09
1.709839119793502092e+09
1.709839121371963978e+09
1.709839122995032072e+09
1.709839124596662998e+09
1.709839126196263075e+09
1.709839127820080996e+09
1.709839129443898916e+09
1.709839131067373037e+09
1.709839132668925047e+09
1.709839134268825054e+09
1.709839135892901897e+09
1.709839137493009090e+09
1.709839139070245981e+09
1.709839140670669079e+09
1.709839142271446943e+09
1.709839143871629953e+09
1.709839145495064020e+09
1.709839147118984938e+09
1.709839148719249964e+09
1.709839150318562984e+09
1.709839151919568062e+09
1.709839153543572903e+09
1.709839155146977901e+09
1.709839156745088100e+09
1.709839158368891001e+09
1.709839159992410898e+09
1.709839161616705894e+09
1.709839163240556955e+09
1.709839164863470078e+09
1.709839166487679958e+09
1.709839168087958097e+09
1.709839169688810110e+09
1.709839171312458038e+09
1.709839172936634064e+09
1.709839174560004950e+09
1.709839176136725903e+09
1.709839177739309072e+09
1.709839179337305069e+09
1.709839180961482048e+09
1.709839182584254026e+09
1.709839184208461046e+09
1.709839185785144091e+09
1.709839187409035921e+09
1.709839189009602070e+09
1.709839190633266926e+09
1.709839192233412981e+09
1.709839193857330084e+09
1.709839195434530973e+09
1.709839197058423996e+09
1.709839198659250021e+09
1.709839200261475086e+09
1.709839201884109974e+09
1.709839203507466078e+09
1.709839205130202055e+09
1.709839206731251955e+09
1.709839208331717014e+09
1.709839209955044985e+09
1.709839211578224897e+09
1.709839213179100037e+09
1.709839214803076029e+09
1.709839216404057026e+09
1.709839218004024982e+09
1.709839219604232073e+09
1.709839221204713106e+09
1.709839222804908991e+09
1.709839224381954908e+09
1.709839225983150005e+09
1.709839227605858088e+09
1.709839229183268070e+09
1.709839230809371948e+09
1.709839232430406094e+09
1.709839234007674932e+09
1.709839235630932093e+09
1.709839237230906010e+09
1.709839238854233980e+09
1.709839240477175951e+09
1.709839242100608110e+09
1.709839243724564075e+09
1.709839245347614050e+09
1.709839246970484972e+09
1.709839248594057083e+09
1.709839250217762947e+09
1.709839251841058969e+09
1.709839253464977026e+09
1.709839255065537930e+09
1.709839256664944887e+09
1.709839258217540979e+09
1.709839259701617956e+09
1.709839261209007025e+09
1.709839262741074085e+09
1.709839264340878010e+09
1.709839265964776039e+09
1.709839267565177917e+09
1.709839269165633917e+09
1.709839270789210081e+09
1.709839272412870884e+09
1.709839274013259888e+09
1.709839275636930943e+09
1.709839277260066986e+09
1.709839278813002110e+09
1.709839280320611954e+09
1.709839281828073978e+09
1.709839283360114098e+09
1.709839284984033108e+09
1.709839286584568977e+09
1.709839288184041023e+09
1.709839289807508945e+09
1.709839291431521893e+09
1.709839293054558039e+09
1.709839294607045889e+09
1.709839296091294050e+09
1.709839297575437069e+09
1.709839299130877018e+09
1.709839300707977057e+09
1.709839302285159111e+09
1.709839303908894062e+09
1.709839305508666039e+09
1.709839307108606100e+09
1.709839308708956957e+09
1.709839310332540989e+09
1.709839311956377983e+09
1.709839313580665112e+09
1.709839315204758883e+09
1.709839316781630039e+09
1.709839318406953096e+09
1.709839320029694080e+09
1.709839321653852940e+09
1.709839323254513979e+09
1.709839324855546951e+09
1.709839326479571104e+09
1.709839328057589054e+09
1.709839329682534933e+09
1.709839331306516886e+09
1.709839332930021048e+09
1.709839334531155109e+09
1.709839336155003071e+09
1.709839337779016972e+09
1.709839339402863979e+09
1.709839341027147055e+09
1.709839342651040077e+09
1.709839344251727104e+09
1.709839345853384018e+09
1.709839347476643085e+09
1.709839349099376917e+09
1.709839350584059954e+09
1.709839352068851948e+09
1.709839353553685904e+09
1.709839355133528948e+09
1.709839356734116077e+09
1.709839358358302116e+09
1.709839359982872009e+09
1.709839361606709003e+09
1.709839363208662033e+09
1.709839364832616091e+09
1.709839366457150936e+09
1.709839368057930946e+09
1.709839369635529041e+09
1.709839371283862114e+09
1.709839372909080029e+09
1.709839374509789944e+09
1.709839376134032965e+09
1.709839377712388992e+09
1.709839379290311098e+09
1.709839380868418932e+09
1.709839382469702959e+09
1.709839384095051050e+09
1.709839385718483925e+09
1.709839387296411037e+09
1.709839388920943975e+09
1.709839390498495102e+09
1.709839392122972965e+09
1.709839393724261045e+09
1.709839395325347900e+09
1.709839396950053930e+09
1.709839398574557066e+09
1.709839400199243069e+09
1.709839401776556969e+09
1.709839403400816917e+09
1.709839404977729082e+09
1.709839406486195087e+09
1.709839407971437931e+09
1.709839409527288914e+09
1.709839411103924990e+09
1.709839412589061975e+09
1.709839414097249985e+09
1.709839415606157064e+09
1.709839417207132101e+09
1.709839418831126928e+09
1.709839420455410957e+09
1.709839422079848051e+09
1.709839423680685997e+09
1.709839425282259941e+09
1.709839426882988930e+09
1.709839428508229971e+09
1.709839430108485937e+09
1.709839431709486008e+09
1.709839433311136961e+09
1.709839434936167002e+09
1.709839436536820889e+09
1.709839438138237953e+09
1.709839439739541054e+09
1.709839441364139080e+09
1.709839442988570929e+09
1.709839444612790108e+09
1.709839446238431931e+09
1.709839447861413002e+09
1.709839449462604046e+09
1.709839451064193964e+09
1.709839452642148972e+09
1.709839454289921045e+09
1.709839455914525032e+09
1.709839457516011000e+09
1.709839459095478058e+09
1.709839460718498945e+09
1.709839462366468906e+09
1.709839463968471050e+09
1.709839465569323063e+09
1.709839467194279909e+09
1.709839468747108936e+09
1.709839470232134104e+09
1.709839471717256069e+09
1.709839473250612020e+09
1.709839474851186991e+09
1.709839476475475073e+09
1.709839478099620104e+09
1.709839479700225115e+09
1.709839481324326038e+09
1.709839482924815893e+09
1.709839484525834084e+09
1.709839486150028944e+09
1.709839487774574041e+09
1.709839489374990940e+09
1.709839490952438116e+09
1.709839492553301096e+09
1.709839494130275011e+09
1.709839495707633972e+09
1.709839497331590891e+09
1.709839498932452917e+09
1.709839500532186031e+09
1.709839502156197071e+09
1.709839503780607939e+09
1.709839505380060911e+09
1.709839507004059076e+09
1.709839508627607107e+09
1.709839510203896999e+09
1.709839511805202007e+09
1.709839513428096056e+09
1.709839515028865099e+09
1.709839516652057886e+09
1.709839518252649069e+09
1.709839519854082108e+09
1.709839521476366997e+09
1.709839523052829027e+09
1.709839524653337002e+09
1.709839526254255056e+09
1.709839527877317905e+09
1.709839529478323936e+09
1.709839531101742029e+09
1.709839532701837063e+09
1.709839534327147961e+09
1.709839535949299097e+09
1.709839537549850941e+09
1.709839539152684927e+09
1.709839540774683952e+09
1.709839542351243973e+09
1.709839543951940060e+09
1.709839545552413940e+09
1.709839547176316977e+09
1.709839548776928902e+09
1.709839550354706049e+09
1.709839551954746008e+09
1.709839553555284977e+09
1.709839555132467031e+09
1.709839556732867002e+09
1.709839558357033968e+09
1.709839559934421062e+09
1.709839561534077883e+09
1.709839563157990932e+09
1.709839564758752108e+09
1.709839566359258890e+09
1.709839567959521055e+09
1.709839569582540989e+09
1.709839571183191061e+09
1.709839572806988001e+09
1.709839574429912090e+09
1.709839576030917883e+09
1.709839577630573034e+09
1.709839579231318951e+09
1.709839580854537010e+09
1.709839582455722094e+09
1.709839584056101084e+09
1.709839585680217981e+09
1.709839587303803921e+09
1.709839588926651001e+09
1.709839590527719021e+09
1.709839592127536058e+09
1.709839593751120090e+09
1.709839595352005005e+09
1.709839596975334883e+09
1.709839598597882986e+09
1.709839600198736906e+09
1.709839601798471928e+09
1.709839603422033072e+09
1.709839605045842886e+09
1.709839606669256926e+09
1.709839608270181894e+09
1.709839609847512007e+09
1.709839611446654081e+09
1.709839613048089027e+09
1.709839614648140907e+09
1.709839616271723986e+09
1.709839617894665956e+09
1.709839619495134115e+09
1.709839621118376017e+09
1.709839622742201090e+09
1.709839624365880013e+09
1.709839625988563061e+09
1.709839627589555025e+09
1.709839629213351965e+09
1.709839630860289097e+09
1.709839632484169006e+09
1.709839634108299017e+09
1.709839635732182026e+09
1.709839637355496883e+09
1.709839638956947088e+09
1.709839640534782887e+09
1.709839642134538889e+09
1.709839643758388996e+09
1.709839645334769964e+09
1.709839646842571974e+09
1.709839648327250957e+09
1.709839649882427931e+09
1.709839651483514071e+09
1.709839653084217072e+09
1.709839654708364010e+09
1.709839656331777096e+09
1.709839657933367014e+09
1.709839659533775091e+09
1.709839661133763075e+09
1.709839662735090017e+09
1.709839664312717915e+09
1.709839665913783073e+09
1.709839667514415026e+09
1.709839669114703894e+09
1.709839670738451004e+09
1.709839672362279892e+09
1.709839673985896111e+09
1.709839675610111952e+09
1.709839677235171080e+09
1.709839678858320951e+09
1.709839680458607912e+09
1.709839682082678080e+09
1.709839683706454992e+09
1.709839685307539940e+09
1.709839686908250093e+09
1.709839688508126974e+09
1.709839690085705996e+09
1.709839691685803890e+09
1.709839693309514046e+09
1.709839694910305023e+09
1.709839696511297941e+09
1.709839698088777065e+09
1.709839699666651964e+09
1.709839701266758919e+09
1.709839702891050100e+09
1.709839704491875887e+09
1.709839706116082907e+09
1.709839707716808081e+09
1.709839709318450928e+09
1.709839710918668032e+09
1.709839712542634964e+09
1.709839714167366982e+09
1.709839715768459082e+09
1.709839717415774107e+09
1.709839719039279938e+09
1.709839720616295099e+09
1.709839722193522930e+09
1.709839723817245007e+09
1.709839725463824034e+09
1.709839727087685108e+09
1.709839728710366964e+09
1.709839730335323095e+09
1.709839731935307980e+09
1.709839733557601929e+09
1.709839735180085897e+09
1.709839736687611103e+09
1.709839738171616077e+09
1.709839739655951977e+09
1.709839741211196899e+09
1.709839742829150915e+09
1.709839744434638023e+09
1.709839746057867050e+09
1.709839747658504009e+09
1.709839749235790968e+09
1.709839750860223055e+09
1.709839752483165979e+09
1.709839754083635092e+09
1.709839755707101107e+09
1.709839757307086945e+09
1.709839758908015966e+09
1.709839760509334087e+09
1.709839762131933928e+09
1.709839763755398035e+09
1.709839765355765104e+09
1.709839766956379890e+09
1.709839768579914093e+09
1.709839770180258036e+09
1.709839771779853106e+09
1.709839773380548000e+09
1.709839775004007101e+09
1.709839776604360104e+09
1.709839778204572916e+09
1.709839779804204941e+09
1.709839781427763939e+09
1.709839783004216909e+09
1.709839784627542019e+09
1.709839786250483990e+09
1.709839787827568054e+09
1.709839789450717926e+09
1.709839791074076891e+09
1.709839792697462082e+09
1.709839794273679018e+09
1.709839795897094965e+09
1.709839797520522118e+09
1.709839799144043922e+09
1.709839800743813992e+09
1.709839802343307972e+09
1.709839803966598988e+09
1.709839805589998960e+09
1.709839807189718962e+09
1.709839808789800882e+09
1.709839810367031097e+09
1.709839811944062948e+09
1.709839813544003010e+09
1.709839815143771887e+09
1.709839816770216942e+09
1.709839818390147924e+09
1.709839819989605904e+09
1.709839821589435101e+09
1.709839823189450026e+09
1.709839824812489986e+09
1.709839826412590981e+09
1.709839827989581108e+09
1.709839829588943005e+09
1.709839831189393997e+09
1.709839832812624931e+09
1.709839834459148884e+09
1.709839836034714937e+09
1.709839837518723011e+09
1.709839839026104927e+09
1.709839840580945969e+09
1.709839842204169035e+09
1.709839843827426910e+09
1.709839845428992987e+09
1.709839847028474092e+09
1.709839848628741980e+09
1.709839850252629042e+09
1.709839851875925064e+09
1.709839853500165939e+09
1.709839855099766016e+09
1.709839856723038912e+09
1.709839858347609997e+09
1.709839859946527004e+09
1.709839861570019007e+09
1.709839863193521976e+09
1.709839864817095041e+09
1.709839866440732002e+09
1.709839868064131975e+09
1.709839869687731028e+09
1.709839871287992001e+09
1.709839872888211012e+09
1.709839874511889935e+09
1.709839876135415077e+09
1.709839877735831976e+09
1.709839879359916925e+09
1.709839881006354094e+09
1.709839882629764080e+09
1.709839884230534077e+09
1.709839885831135035e+09
1.709839887455200911e+09
1.709839889055408001e+09
1.709839890655354977e+09
1.709839892279213905e+09
1.709839893879512072e+09
1.709839895526034117e+09
1.709839897149523020e+09
1.709839898749618053e+09
1.709839900374280930e+09
1.709839901996668100e+09
1.709839903596924067e+09
1.709839905220058918e+09
1.709839906843379021e+09
1.709839908466557980e+09
1.709839910089926958e+09
1.709839911713859081e+09
1.709839913337181091e+09
1.709839914961081982e+09
1.709839916584450006e+09
1.709839918184958935e+09
1.709839919831996918e+09
1.709839921432672024e+09
1.709839923010051966e+09
1.709839924587110996e+09
1.709839926164249897e+09
1.709839927788331985e+09
1.709839929434031010e+09
1.709839931057169914e+09
1.709839932681385040e+09
1.709839934281097889e+09
1.709839935904433966e+09
1.709839937527842045e+09
1.709839939151329041e+09
1.709839940750648975e+09
1.709839942374315977e+09
1.709839943951236963e+09
1.709839945551081896e+09
1.709839947151571035e+09
1.709839948751673937e+09
1.709839950351449966e+09
1.709839951927813053e+09
1.709839953574228048e+09
1.709839955174283981e+09
1.709839956773648024e+09
1.709839958396846056e+09
1.709839959997575998e+09
1.709839961597332001e+09
1.709839963220511913e+09
1.709839964844173908e+09
1.709839966443169117e+09
1.709839968019668102e+09
1.709839969643640995e+09
1.709839971266292095e+09
1.709839972889945030e+09
1.709839974512785912e+09
1.709839976112880945e+09
1.709839977736464977e+09
1.709839979335994005e+09
1.709839980959707975e+09
1.709839982583095074e+09
1.709839984183801889e+09
1.709839985783153057e+09
1.709839987406059027e+09
1.709839989006603956e+09
1.709839990607053041e+09
1.709839992229748964e+09
1.709839993853705883e+09
1.709839995476917982e+09
1.709839997100465059e+09
1.709839998724778891e+09
1.709840000346446037e+09
1.709840001947628021e+09
1.709840003547327995e+09
1.709840005147902966e+09
1.709840006771050930e+09
1.709840008394902945e+09
1.709840009994929075e+09
1.709840011618422985e+09
1.709840013242122889e+09
1.709840014842195034e+09
1.709840016442931890e+09
1.709840018066446066e+09
1.709840019690040112e+09
1.709840021290611029e+09
1.709840022914921999e+09
1.709840024537636042e+09
1.709840026113461018e+09
1.709840027736721992e+09
1.709840029314301968e+09
1.709840030939232111e+09
1.709840032537750006e+09
1.709840034184528112e+09
1.709840035786756992e+09
1.709840037385318995e+09
1.709840039008244038e+09
1.709840040608185053e+09
1.709840042208920002e+09
1.709840043809426069e+09
1.709840045409682989e+09
1.709840047009785891e+09
1.709840048632980108e+09
1.709840050233372927e+09
1.709840051833125114e+09
1.709840053457257032e+09
1.709840055082372904e+09
1.709840056679754019e+09
1.709840058303101063e+09
1.709840059903000116e+09
1.709840061526503086e+09
1.709840063126503944e+09
1.709840064726479053e+09
1.709840066326425076e+09
1.709840067950063944e+09
1.709840069573594093e+09
1.709840071173204899e+09
1.709840072797435045e+09
1.709840074397917032e+09
1.709840076021573067e+09
1.709840077623423100e+09
1.709840079224026918e+09
1.709840080824796915e+09
1.709840082448859930e+09
1.709840084073999882e+09
1.709840085674673080e+09
1.709840087299017906e+09
1.709840088899308920e+09
1.709840090499946117e+09
1.709840092125336885e+09
1.709840093724610090e+09
1.709840095348510981e+09
1.709840096972738028e+09
1.709840098596077919e+09
1.709840100220329046e+09
1.709840101842410088e+09
1.709840103466033936e+09
1.709840105089598894e+09
1.709840106666398048e+09
1.709840108290972948e+09
1.709840109890618086e+09
1.709840111491076946e+09
1.709840113091181993e+09
1.709840114714929104e+09
1.709840116314776897e+09
1.709840117939290047e+09
1.709840119560864925e+09
1.709840121184438944e+09
1.709840122784259081e+09
1.709840124384073019e+09
1.709840125984488964e+09
1.709840127584882975e+09
1.709840129208837986e+09
1.709840130831548929e+09
1.709840132454684973e+09
1.709840134054555893e+09
1.709840135677670956e+09
1.709840137301289082e+09
1.709840138877547979e+09
1.709840140477700949e+09
1.709840142055422068e+09
1.709840143678595066e+09
1.709840145302068949e+09
1.709840146902146101e+09
1.709840148525120974e+09
1.709840150148406029e+09
1.709840151726110935e+09
1.709840153326895952e+09
1.709840154949199915e+09
1.709840156549595118e+09
1.709840158149951935e+09
1.709840159727786064e+09
1.709840161351838112e+09
1.709840162975372076e+09
1.709840164575845003e+09
1.709840166199189901e+09
1.709840167799921036e+09
1.709840169400866985e+09
1.709840171023626089e+09
1.709840172646652937e+09
1.709840174270509005e+09
1.709840175893718004e+09
1.709840177517646074e+09
1.709840179141295910e+09
1.709840180764693975e+09
1.709840182388577938e+09
1.709840184011699915e+09
1.709840185634146929e+09
1.709840187257522106e+09
1.709840188881340981e+09
1.709840190484106064e+09
1.709840192081212997e+09
1.709840193657877922e+09
1.709840195257785082e+09
1.709840196835119963e+09
1.709840198458229065e+09
1.709840200035145998e+09
1.709840201658416033e+09
1.709840203281574011e+09
1.709840204881424904e+09
1.709840206505125046e+09
1.709840208104969025e+09
1.709840209728564978e+09
1.709840211352175951e+09
1.709840212952402115e+09
1.709840214575906992e+09
1.709840216199678898e+09
1.709840217776839972e+09
1.709840219400892019e+09
1.709840221000085115e+09
1.709840222600039005e+09
1.709840224199536085e+09
1.709840225823427916e+09
1.709840227423728943e+09
1.709840229046646118e+09
1.709840230623892069e+09
1.709840232223844051e+09
1.709840233847397089e+09
1.709840235470369101e+09
1.709840237070595980e+09
1.709840238693937063e+09
1.709840240317038059e+09
1.709840241941045046e+09
1.709840243565463066e+09
1.709840245188858032e+09
1.709840246811793089e+09
1.709840248435184002e+09
1.709840250058423996e+09
1.709840251658905983e+09
1.709840253281702995e+09
1.709840254859301090e+09
1.709840256483254910e+09
1.709840258107527971e+09
1.709840259706903934e+09
1.709840261283514977e+09
1.709840262884186983e+09
1.709840264484173059e+09
1.709840266108602047e+09
1.709840267730689049e+09
1.709840269331240892e+09
1.709840270931787014e+09
1.709840272531604052e+09
1.709840274155563116e+09
1.709840275778755903e+09
1.709840277401781082e+09
1.709840279001621008e+09
1.709840280578573942e+09
1.709840282178611040e+09
1.709840283802056074e+09
1.709840285402539968e+09
1.709840287025599957e+09
1.709840288648947001e+09
1.709840290272176027e+09
1.709840291895294905e+09
1.709840293495021105e+09
1.709840295095153093e+09
1.709840296695566893e+09
1.709840298295516968e+09
1.709840299896531105e+09
1.709840301495774984e+09
1.709840303095766068e+09
1.709840304695497036e+09
1.709840306295912981e+09
1.709840307919203997e+09
1.709840309542254925e+09
1.709840311166996002e+09
1.709840312765542984e+09
1.709840314365443945e+09
1.709840315989207983e+09
1.709840317612767935e+09
1.709840319212658882e+09
1.709840320813446045e+09
1.709840322437007904e+09
1.709840324037055016e+09
1.709840325660351038e+09
1.709840327260240078e+09
1.709840328860310078e+09
1.709840330460880041e+09
1.709840332060545921e+09
1.709840333684247017e+09
1.709840335308162928e+09
1.709840336908776045e+09
1.709840338533103943e+09
1.709840340156013966e+09
1.709840341778120995e+09
1.709840343262445927e+09
1.709840344746649027e+09
1.709840346230859995e+09
1.709840347785710096e+09
1.709840349410176992e+09
1.709840351032838106e+09
1.709840352655342102e+09
1.709840354278573990e+09
1.709840355902441025e+09
1.709840357503206015e+09
1.709840359126743078e+09
1.709840360749984026e+09
1.709840362373749971e+09
1.709840363997170925e+09
1.709840365620961905e+09
1.709840367244247913e+09
1.709840368845133066e+09
1.709840370445178032e+09
1.709840372046283007e+09
1.709840373670602083e+09
1.709840375292973995e+09
1.709840376892718077e+09
1.709840378515866995e+09
1.709840380139631033e+09
1.709840381740081072e+09
1.709840383317666054e+09
1.709840384917665958e+09
1.709840386542207956e+09
1.709840388187354088e+09
1.709840389810540915e+09
1.709840391434098005e+09
1.709840393057827950e+09
1.709840394681277037e+09
1.709840396304863930e+09
1.709840397903863907e+09
1.709840399388356924e+09
1.709840400895940065e+09
1.709840402380037069e+09
1.709840403958995104e+09
1.709840405558726072e+09
1.709840407158256054e+09
1.709840408758244038e+09
1.709840410359095097e+09
1.709840411959536076e+09
1.709840413582304001e+09
1.709840415205705881e+09
1.709840416832247019e+09
1.709840418452059984e+09
1.709840420052010059e+09
1.709840421675975084e+09
1.709840423299019098e+09
1.709840424921838999e+09
1.709840426545207024e+09
1.709840428168859959e+09
1.709840429769078016e+09
1.709840431392852068e+09
1.709840433016474009e+09
1.709840434616316080e+09
1.709840436216170073e+09
1.709840437840061903e+09
1.709840439440088034e+09
1.709840441040976048e+09
1.709840442641468048e+09
1.709840444217866898e+09
1.709840445817931890e+09
1.709840447441097975e+09
1.709840449042742968e+09
1.709840450665553093e+09
1.709840452265839100e+09
1.709840453889245033e+09
1.709840455513067961e+09
1.709840457137018919e+09
1.709840458759483099e+09
1.709840460382484913e+09
1.709840462005914927e+09
1.709840463630780935e+09
1.709840465252643108e+09
1.709840466875572920e+09
1.709840468476458073e+09
1.709840470076601028e+09
1.709840471677362919e+09
1.709840473300477028e+09
1.709840474900677919e+09
1.709840476500946045e+09
1.709840478124413013e+09
1.709840479748116970e+09
1.709840481372056007e+09
1.709840482996169090e+09
1.709840484595907927e+09
1.709840486219240904e+09
1.709840487796174049e+09
1.709840489419905901e+09
1.709840490972246885e+09
1.709840492456346035e+09
1.709840493963953972e+09
1.709840495495702028e+09
1.709840497119623899e+09
1.709840498719939947e+09
1.709840500319843054e+09
1.709840501920350075e+09
1.709840503543531895e+09
1.709840505143394947e+09
1.709840506744379997e+09
1.709840508390686989e+09
1.709840510014197111e+09
1.709840511613776922e+09
1.709840513214495897e+09
1.709840514838267088e+09
1.709840516438216925e+09
1.709840518038481951e+09
1.709840519638509035e+09
1.709840521214565039e+09
1.709840522837853909e+09
1.709840524437887907e+09
1.709840526060851097e+09
1.709840527661345005e+09
1.709840529261163950e+09
1.709840530884366035e+09
1.709840532507719040e+09
1.709840534130589962e+09
1.709840535731630087e+09
1.709840537355242968e+09
1.709840538955118895e+09
1.709840540579382896e+09
1.709840542202147007e+09
1.709840543825292110e+09
1.709840545448393106e+09
1.709840547071696997e+09
1.709840548694621086e+09
1.709840550297141075e+09
1.709840551917958975e+09
1.709840553541520119e+09
1.709840555141253948e+09
1.709840556741309881e+09
1.709840558364643097e+09
1.709840559988416910e+09
1.709840561611888885e+09
1.709840563211735010e+09
1.709840564835843086e+09
1.709840566458524942e+09
1.709840568081804037e+09
1.709840569681952000e+09
1.709840571234652042e+09
1.709840572718935966e+09
1.709840574203145027e+09
1.709840575689254999e+09
1.709840577288888931e+09
1.709840578911511898e+09
1.709840580534574986e+09
1.709840582157649994e+09
1.709840583780504942e+09
1.709840585403840065e+09
1.709840587003627062e+09
1.709840588580495119e+09
1.709840590202004910e+09
1.709840591685875893e+09
1.709840593169755936e+09
1.709840594676731110e+09
1.709840596231558084e+09
1.709840597854052067e+09
1.709840599500273943e+09
1.709840601146207094e+09
1.709840602769721031e+09
1.709840604392101049e+09
1.709840606015676975e+09
1.709840607615598917e+09
1.709840609239609003e+09
1.709840610838607073e+09
1.709840612461767912e+09
1.709840614061364889e+09
1.709840615684209108e+09
1.709840617307086945e+09
1.709840618930735111e+09
1.709840620529895067e+09
1.709840622129873991e+09
1.709840623753261089e+09
1.709840625377748966e+09
1.709840626999939919e+09
1.709840628622618914e+09
1.709840630199798107e+09
1.709840631798914909e+09
1.709840633399383068e+09
1.709840635021853924e+09
1.709840636599061012e+09
1.709840638221688986e+09
1.709840639845101118e+09
1.709840641468184948e+09
1.709840643093110085e+09
1.709840644714468956e+09
1.709840646314344883e+09
1.709840647891040087e+09
1.709840649491257906e+09
1.709840651092389107e+09
1.709840652715905905e+09
1.709840654315862894e+09
1.709840655917047977e+09
1.709840657515701056e+09
1.709840659139415026e+09
1.709840660738694906e+09
1.709840662339426994e+09
1.709840663940275908e+09
1.709840665562783957e+09
1.709840667163009882e+09
1.709840668763452053e+09
1.709840670363348007e+09
1.709840671986963034e+09
1.709840673586421013e+09
1.709840675186923981e+09
1.709840676787718058e+09
1.709840678410708904e+09
1.709840680033067942e+09
1.709840681657875061e+09
1.709840683279865980e+09
1.709840684879846096e+09
1.709840686503408909e+09
1.709840688126414061e+09
1.709840689749608994e+09
1.709840691350764990e+09
1.709840692950651884e+09
1.709840694573446035e+09
1.709840696196418047e+09
1.709840697842921019e+09
1.709840699466288090e+09
1.709840701066412926e+09
1.709840702689318895e+09
1.709840704289258957e+09
1.709840705913307905e+09
1.709840707536246061e+09
1.709840709159003019e+09
1.709840710759202003e+09
1.709840712358925104e+09
1.709840713959618092e+09
1.709840715582617044e+09
1.709840717184645891e+09
1.709840718783725023e+09
1.709840720406910896e+09
1.709840722029799938e+09
1.709840723629750967e+09
1.709840725253674984e+09
1.709840726877147913e+09
1.709840728454262018e+09
1.709840730101284027e+09
1.709840731724503994e+09
1.709840733324554920e+09
1.709840734925303936e+09
1.709840736548130989e+09
1.709840738170934916e+09
1.709840739771862030e+09
1.709840741371972084e+09
1.709840742995018959e+09
1.709840744572005987e+09
1.709840746194955111e+09
1.709840747818569899e+09
1.709840749417759895e+09
1.709840751040658951e+09
1.709840752640368938e+09
1.709840754263273954e+09
1.709840755886220932e+09
1.709840757486290932e+09
1.709840759109282970e+09
1.709840760732610941e+09
1.709840762332707882e+09
1.709840763955877066e+09
1.709840765579334021e+09
1.709840767180228949e+09
1.709840768779903889e+09
1.709840770403532028e+09
1.709840772002557039e+09
1.709840773626288891e+09
1.709840775249430895e+09
1.709840776872550011e+09
1.709840778451455116e+09
1.709840780072258949e+09
1.709840781648909092e+09
1.709840783272093058e+09
1.709840784895155907e+09
1.709840786494910002e+09
1.709840788071863890e+09
1.709840789648540974e+09
1.709840791248496056e+09
1.709840792871705055e+09
1.709840794472038031e+09
1.709840796094724894e+09
1.709840797694464922e+09
1.709840799270319939e+09
1.709840800869817972e+09
1.709840802492574930e+09
1.709840804093444109e+09
1.709840805716906071e+09
1.709840807316680908e+09
1.709840808918365002e+09
1.709840810515782118e+09
1.709840812138533115e+09
1.709840813761310101e+09
1.709840815384288073e+09
1.709840817006995916e+09
1.709840818630769968e+09
1.709840820253515959e+09
1.709840821876527071e+09
1.709840823475604057e+09
1.709840825098671913e+09
1.709840826698553085e+09
1.709840828298248053e+09
1.709840829898647070e+09
1.709840831521141052e+09
1.709840833121094942e+09
1.709840834721863031e+09
1.709840836344048023e+09
1.709840837967379093e+09
1.709840839591428995e+09
1.709840841189630985e+09
1.709840842812819958e+09
1.709840844413347006e+09
1.709840846036607981e+09
1.709840847659257889e+09
1.709840849235788107e+09
1.709840850861234903e+09
1.709840852482062101e+09
1.709840854082274914e+09
1.709840855681200027e+09
1.709840857258845091e+09
1.709840858881486893e+09
1.709840860505249977e+09
1.709840862104522943e+09
1.709840863704688072e+09
1.709840865327635050e+09
1.709840866950499058e+09
1.709840868550674915e+09
1.709840870173966885e+09
1.709840871773977041e+09
1.709840873373924971e+09
1.709840874974555969e+09
1.709840876551868916e+09
1.709840878152050018e+09
1.709840879774576902e+09
1.709840881397465944e+09
1.709840882998600960e+09
1.709840884573314905e+09
1.709840886057373047e+09
1.709840887541270971e+09
1.709840889049770117e+09
1.709840890649789095e+09
1.709840892273226023e+09
1.709840893896277905e+09
1.709840895497148991e+09
1.709840897095956087e+09
1.709840898719439030e+09
1.709840900342334986e+09
1.709840901943115950e+09
1.709840903566190958e+09
1.709840905165812969e+09
1.709840906789571047e+09
1.709840908412749052e+09
1.709840910035840034e+09
1.709840911681533098e+09
1.709840913281583071e+09
1.709840914881618977e+09
1.709840916483484983e+09
1.709840918104804039e+09
1.709840919728178024e+09
1.709840921328104973e+09
1.709840922951179981e+09
1.709840924574366093e+09
1.709840926174485922e+09
1.709840927776417971e+09
1.709840929398663998e+09
1.709840930999735117e+09
1.709840932623255014e+09
1.709840934245646954e+09
1.709840935869071960e+09
1.709840937469778061e+09
1.709840939092200994e+09
1.709840940693978071e+09
1.709840942293028116e+09
1.709840943799140930e+09
1.709840945283349037e+09
1.709840946767623901e+09
1.709840948299458027e+09
1.709840949899270058e+09
1.709840951476342916e+09
1.709840953076533079e+09
1.709840954676552057e+09
1.709840956301609993e+09
1.709840957900387049e+09
1.709840959452570915e+09
1.709840960936734915e+09
1.709840962420862913e+09
1.709840963953018904e+09
1.709840965575973034e+09
1.709840967198718071e+09
1.709840968822278023e+09
1.709840970422434092e+09
1.709840972022615910e+09
1.709840973645628929e+09
1.709840975268556118e+09
1.709840976868395090e+09
1.709840978514270067e+09
1.709840980113508940e+09
1.709840981736726046e+09
1.709840983337057114e+09
1.709840984960709095e+09
1.709840986584024906e+09
1.709840988207082033e+09
1.709840989808001995e+09
1.709840991407818079e+09
1.709840993008245945e+09
1.709840994631474972e+09
1.709840996255023003e+09
1.709840997877820969e+09
1.709840999500940084e+09
1.709841001123430014e+09
1.709841002746512890e+09
1.709841004347953081e+09
1.709841005947421074e+09
1.709841007570725918e+09
1.709841009193793058e+09
1.709841010793931007e+09
1.709841012417160034e+09
1.709841014040098906e+09
1.709841015615894079e+09
1.709841017099917889e+09
1.709841018583988905e+09
1.709841020115746021e+09
1.709841021692485094e+09
1.709841023270642996e+09
1.709841024893816948e+09
1.709841026493654966e+09
1.709841028116988897e+09
1.709841029740382910e+09
1.709841031363907099e+09
1.709841032964118958e+09
1.709841034565026045e+09
1.709841036165123940e+09
1.709841037811888933e+09
1.709841039435606003e+09
1.709841041058079004e+09
1.709841042681636095e+09
1.709841044281944990e+09
1.709841045882215023e+09
1.709841047505280018e+09
1.709841049128648996e+09
1.709841050728564978e+09
1.709841052328620911e+09
1.709841053930255890e+09
1.709841055552545071e+09
1.709841057153021097e+09
1.709841058753201008e+09
1.709841060353637934e+09
1.709841061977294922e+09
1.709841063577358961e+09
1.709841065178181887e+09
1.709841066801340103e+09
1.709841068424942017e+09
1.709841070048247099e+09
1.709841071649522066e+09
1.709841073249521017e+09
1.709841074873565912e+09
1.709841076473380089e+09
1.709841078073163033e+09
1.709841079673948050e+09
1.709841081296920061e+09
1.709841082920356989e+09
1.709841084497051954e+09
1.709841086097969055e+09
1.709841087721566916e+09
1.709841089298451900e+09
1.709841090898952961e+09
1.709841092499099970e+09
1.709841094122289896e+09
1.709841095769140959e+09
1.709841097393341064e+09
1.709841099015986919e+09
1.709841100639414072e+09
1.709841102262377977e+09
1.709841103885467052e+09
1.709841105486444950e+09
1.709841107109513044e+09
1.709841108709486961e+09
1.709841110309231997e+09
1.709841111909461975e+09
1.709841113509376049e+09
1.709841115133152962e+09
1.709841116756118059e+09
1.709841118380201101e+09
1.709841120003176928e+09
1.709841121625683069e+09
1.709841123249316931e+09
1.709841124849196911e+09
1.709841126449409962e+09
1.709841128049582005e+09
1.709841129672846079e+09
1.709841131295928955e+09
1.709841132896254063e+09
1.709841134495678902e+09
1.709841136095588923e+09
1.709841137695796967e+09
1.709841139295769930e+09
1.709841140919562101e+09
1.709841142518764973e+09
1.709841144118072987e+09
1.709841145695095062e+09
1.709841147294615030e+09
1.709841148917867899e+09
1.709841150541058064e+09
1.709841152141000032e+09
1.709841153765070915e+09
1.709841155387690067e+09
1.709841156964632034e+09
1.709841158564882994e+09
1.709841160141990900e+09
1.709841161742027998e+09
1.709841163365492105e+09
1.709841164988380909e+09
1.709841166564992905e+09
1.709841168165246010e+09
1.709841169765786886e+09
1.709841171367062092e+09
1.709841172988615036e+09
1.709841174611860991e+09
1.709841176235327005e+09
1.709841177835270882e+09
1.709841179459197044e+09
1.709841181058521032e+09
1.709841182660010099e+09
1.709841184258730888e+09
1.709841185835732937e+09
1.709841187436137915e+09
1.709841189059499025e+09
1.709841190635251045e+09
1.709841192119811058e+09
1.709841193603648901e+09
1.709841195087882042e+09
1.709841196642570019e+09
1.709841198265889883e+09
1.709841199866660118e+09
1.709841201489367008e+09
1.709841203113322020e+09
1.709841204736020088e+09
1.709841206336359024e+09
1.709841207936513901e+09
1.709841209536372900e+09
1.709841211136034966e+09
1.709841212759016037e+09
1.709841214382957935e+09
1.709841216005426884e+09
1.709841217628895998e+09
1.709841219251544952e+09
1.709841220851710081e+09
1.709841222474456072e+09
1.709841224027443886e+09
1.709841225511429071e+09
1.709841226995404005e+09
1.709841228528003931e+09
1.709841230126965046e+09
1.709841231726293087e+09
1.709841233326991081e+09
1.709841234927133083e+09
1.709841236524827003e+09
1.709841238008327961e+09
1.709841239491919041e+09
1.709841240975564957e+09
1.709841242553248882e+09
1.709841244176404953e+09
1.709841245799354076e+09
1.709841247421804905e+09
1.709841249021337032e+09
1.709841250644229889e+09
1.709841252266936064e+09
1.709841253866118908e+09
1.709841255488739014e+09
1.709841257111592054e+09
1.709841258734704018e+09
1.709841260335069895e+09
1.709841261935242891e+09
1.709841263557878971e+09
1.709841265180784941e+09
1.709841266780755997e+09
1.709841268403812885e+09
1.709841270026175976e+09
1.709841271649657011e+09
1.709841273248794079e+09
1.709841274872205973e+09
1.709841276472331047e+09
1.709841278095721960e+09
1.709841279695584059e+09
1.709841281294629097e+09
1.709841282893954039e+09
1.709841284516747952e+09
1.709841286116718054e+09
1.709841287716280937e+09
1.709841289339776039e+09
1.709841290963947058e+09
1.709841292564171076e+09
1.709841294211710930e+09
1.709841295834546089e+09
1.709841297458652020e+09
1.709841299082072020e+09
1.709841300682707071e+09
1.709841302283107042e+09
1.709841303907238007e+09
1.709841305484747887e+09
1.709841307108941078e+09
1.709841308732106924e+09
1.709841310355609894e+09
1.709841311955698967e+09
1.709841313579476118e+09
1.709841315203634977e+09
1.709841316781038046e+09
1.709841318381350994e+09
1.709841319982682943e+09
1.709841321605072975e+09
1.709841323205406904e+09
1.709841324828953028e+09
1.709841326428575993e+09
1.709841328028162956e+09
1.709841329627665043e+09
1.709841331250219107e+09
1.709841332849739075e+09
1.709841334449755907e+09
1.709841336049550056e+09
1.709841337650073051e+09
1.709841339249191999e+09
1.709841340848592997e+09
1.709841342427129030e+09
1.709841344026398897e+09
1.709841345649796009e+09
1.709841347272816896e+09
1.709841348894680023e+09
1.709841350494482994e+09
1.709841352093916893e+09
1.709841353693675041e+09
1.709841355293320894e+09
1.709841356893384933e+09
1.709841358493206024e+09
1.709841360115562916e+09
1.709841361738074064e+09
1.709841363337901115e+09
1.709841364937325954e+09
1.709841366560148001e+09
1.709841368159594059e+09
1.709841369806920052e+09
1.709841371429147005e+09
1.709841373052275896e+09
1.709841374652044058e+09
1.709841376228894949e+09
1.709841377828134060e+09
1.709841379428529978e+09
1.709841381049926996e+09
1.709841382672791004e+09
1.709841384272398949e+09
1.709841385918934107e+09
1.709841387541083097e+09
1.709841389164335966e+09
1.709841390788001060e+09
1.709841392387401104e+09
1.709841394010236025e+09
1.709841395633131027e+09
1.709841397232918978e+09
1.709841398855839968e+09
1.709841400432670116e+09
1.709841402055429935e+09
1.709841403678615093e+09
1.709841405301357985e+09
1.709841406924397945e+09
1.709841408547485113e+09
1.709841410146967888e+09
1.709841411770303965e+09
1.709841413392843962e+09
1.709841414992500067e+09
1.709841416615531921e+09
1.709841418238873959e+09
1.709841419861094952e+09
1.709841421461132050e+09
1.709841423083934069e+09
1.709841424707185984e+09
1.709841426308337927e+09
1.709841427907155991e+09
1.709841429530235052e+09
1.709841431130142927e+09
1.709841432753429890e+09
1.709841434376996994e+09
1.709841435953584909e+09
1.709841437576668024e+09
1.709841439176600933e+09
1.709841440799716949e+09
1.709841442399580956e+09
1.709841444000121117e+09
1.709841445599802017e+09
1.709841447199459076e+09
1.709841448799607992e+09
1.709841450399761915e+09
1.709841452022749901e+09
1.709841453644957066e+09
1.709841455267987013e+09
1.709841456890490055e+09
1.709841458514588118e+09
1.709841460136701107e+09
1.709841461759586096e+09
1.709841463359057903e+09
1.709841464982110977e+09
1.709841466582428932e+09
1.709841468181842089e+09
1.709841469782490015e+09
1.709841471381445885e+09
1.709841473005073071e+09
1.709841474603792906e+09
1.709841476226876974e+09
1.709841477826121092e+09
1.709841479426290035e+09
1.709841481049277067e+09
1.709841482672208071e+09
1.709841484295197964e+09
1.709841485918241978e+09
1.709841487541580915e+09
1.709841489164602041e+09
1.709841490787765980e+09
1.709841492410895109e+09
1.709841494011245966e+09
1.709841495612112045e+09
1.709841497213443995e+09
1.709841498835583925e+09
1.709841500457743883e+09
1.709841502080950022e+09
1.709841503681142092e+09
1.709841505304025888e+09
1.709841506903742075e+09
1.709841508503607988e+09
1.709841510103498936e+09
1.709841511704040051e+09
1.709841513303971052e+09
1.709841514904967070e+09
1.709841516528780937e+09
1.709841518129370928e+09
1.709841519729857922e+09
1.709841521330127954e+09
1.709841522930324078e+09
1.709841524554286957e+09
1.709841526178067923e+09
1.709841527779294014e+09
1.709841529380152941e+09
1.709841531004178047e+09
1.709841532628292084e+09
1.709841534229665995e+09
1.709841535853415966e+09
1.709841537476711035e+09
1.709841539100996971e+09
1.709841540725025892e+09
1.709841542326090097e+09
1.709841543950036049e+09
1.709841545573991060e+09
1.709841547175576925e+09
1.709841548776143074e+09
1.709841550400244951e+09
1.709841551978044033e+09
1.709841553555985928e+09
1.709841555157639027e+09
1.709841556781894922e+09
1.709841558405302048e+09
1.709841560029526949e+09
1.709841561630250931e+09
1.709841563254369020e+09
1.709841564902544975e+09
1.709841566502290010e+09
1.709841568127810955e+09
1.709841569750361919e+09
1.709841571351670027e+09
1.709841572976026058e+09
1.709841574576092958e+09
1.709841576176939964e+09
1.709841577776940107e+09
1.709841579377425909e+09
1.709841581001535892e+09
1.709841582602586985e+09
1.709841584202367067e+09
1.709841585826122999e+09
1.709841587426718950e+09
1.709841589050463915e+09
1.709841590674745083e+09
1.709841592298393011e+09
1.709841593898929119e+09
1.709841595500287056e+09
1.709841597100193977e+09
1.709841598724128962e+09
1.709841600324661970e+09
1.709841601902277946e+09
1.709841603549231052e+09
1.709841605173335075e+09
1.709841606796704054e+09
1.709841608395908117e+09
1.709841610019798994e+09
1.709841611619003057e+09
1.709841613242480993e+09
1.709841614867198944e+09
1.709841616443741083e+09
1.709841618068831921e+09
1.709841619691802979e+09
1.709841621293140888e+09
1.709841622893557072e+09
1.709841624516952991e+09
1.709841626140248060e+09
1.709841627764075994e+09
1.709841629365060091e+09
1.709841630988951921e+09
1.709841632612363100e+09
1.709841634213255882e+09
1.709841635813736916e+09
1.709841637414098978e+09
1.709841639014775038e+09
1.709841640638978004e+09
1.709841642215300083e+09
1.709841643699919939e+09
1.709841645184520006e+09
1.709841646716484070e+09
1.709841648317455053e+09
1.709841649917923927e+09
1.709841651519412041e+09
1.709841653142679930e+09
1.709841654765897989e+09
1.709841656390253067e+09
1.709841658013472080e+09
1.709841659589404106e+09
1.709841661074103117e+09
1.709841662558398008e+09
1.709841664067619085e+09
1.709841665691726923e+09
1.709841667292212009e+09
1.709841668893013954e+09
1.709841670517155886e+09
1.709841672023710012e+09
1.709841673508205891e+09
1.709841674992718935e+09
1.709841676524693012e+09
1.709841678148360968e+09
1.709841679772537947e+09
1.709841681396941900e+09
1.709841683019639015e+09
1.709841684619446039e+09
1.709841686219907045e+09
1.709841687842732906e+09
1.709841689466433048e+09
1.709841691089555979e+09
1.709841692689851046e+09
1.709841694289520025e+09
1.709841695865988970e+09
1.709841697465972900e+09
1.709841699089967966e+09
1.709841700712116957e+09
1.709841702358057022e+09
1.709841703957715988e+09
1.709841705580626011e+09
1.709841707158293009e+09
1.709841708781193972e+09
1.709841710404011011e+09
1.709841712003803015e+09
1.709841713603821039e+09
1.709841715203722954e+09
1.709841716827054977e+09
1.709841718450663090e+09
1.709841720049866915e+09
1.709841721695874929e+09
1.709841723296510935e+09
1.709841724895653963e+09
1.709841726519254923e+09
1.709841728165040016e+09
1.709841729765379906e+09
1.709841731341607094e+09
1.709841732988228083e+09
1.709841734587943077e+09
1.709841736211236954e+09
1.709841737810620070e+09
1.709841739411122084e+09
1.709841741012044907e+09
1.709841742633637905e+09
1.709841744234703064e+09
1.709841745856931925e+09
1.709841747457400084e+09
1.709841749080324888e+09
1.709841750679589987e+09
1.709841752325726032e+09
1.709841753948788881e+09
1.709841755571680069e+09
1.709841757172094107e+09
1.709841758794296026e+09
1.709841760418108940e+09
1.709841762040652990e+09
1.709841763617402077e+09
1.709841765217294931e+09
1.709841766840284109e+09
1.709841768463644028e+09
1.709841770087460995e+09
1.709841771689512014e+09
1.709841773309916019e+09
1.709841774933548927e+09
1.709841776533423901e+09
1.709841778157185078e+09
1.709841779756664038e+09
1.709841781379574060e+09
1.709841782980700970e+09
1.709841784603281021e+09
1.709841786203290939e+09
1.709841787826236963e+09
1.709841789426374912e+09
1.709841791026571035e+09
1.709841792627125978e+09
1.709841794250225067e+09
1.709841795850272894e+09
1.709841797450588942e+09
1.709841799050730944e+09
1.709841800674221992e+09
1.709841802273812056e+09
1.709841803897114038e+09
1.709841805497234106e+09
1.709841807120788097e+09
1.709841808720947981e+09
1.709841810298468113e+09
1.709841811898089886e+09
1.709841813475266933e+09
1.709841815075041056e+09
1.709841816650943041e+09
1.709841818135159016e+09
1.709841819619417906e+09
1.709841821151362896e+09
1.709841822774589062e+09
1.709841824375191927e+09
1.709841825998426914e+09
1.709841827621329069e+09
1.709841829244883060e+09
1.709841830844739914e+09
1.709841832467891932e+09
1.709841834067711115e+09
1.709841835691524982e+09
1.709841837315184116e+09
1.709841838892961025e+09
1.709841840515590906e+09
1.709841842115786076e+09
1.709841843739010096e+09
1.709841845339539051e+09
1.709841846939553976e+09
1.709841848562326908e+09
1.709841850185518026e+09
1.709841851785439968e+09
1.709841853408788919e+09
1.709841855032098055e+09
1.709841856632215977e+09
1.709841858209059000e+09
1.709841859809021950e+09
1.709841861385776997e+09
1.709841863009232044e+09
1.709841864608576059e+09
1.709841866208811045e+09
1.709841867808671951e+09
1.709841869408875942e+09
1.709841871008620977e+09
1.709841872608314037e+09
1.709841874231681108e+09
1.709841875807945967e+09
1.709841877408585072e+09
1.709841879031466007e+09
1.709841880653565884e+09
1.709841882253889084e+09
1.709841883854590893e+09
1.709841885454319000e+09
1.709841887053019047e+09
1.709841888676219940e+09
1.709841890299268007e+09
1.709841891898718119e+09
1.709841893475910902e+09
1.709841895052305937e+09
1.709841896675704956e+09
1.709841898298966885e+09
1.709841899898066998e+09
1.709841901522013903e+09
1.709841903145991087e+09
1.709841904744458914e+09
1.709841906367839098e+09
1.709841907990300894e+09
1.709841909590024948e+09
1.709841911189762115e+09
1.709841912789272070e+09
1.709841914389038086e+09
1.709841916012248993e+09
1.709841917612814903e+09
1.709841919212882042e+09
1.709841920836128950e+09
1.709841922459640026e+09
1.709841924059577942e+09
1.709841925660232067e+09
1.709841927261127949e+09
1.709841928884706974e+09
1.709841930509641886e+09
1.709841932110943079e+09
1.709841933711134911e+09
1.709841935335259914e+09
1.709841936935738087e+09
1.709841938535866976e+09
1.709841940160212040e+09
1.709841941783988953e+09
1.709841943384218931e+09
1.709841944984525919e+09
1.709841946608211994e+09
1.709841948254225016e+09
1.709841949878150940e+09
1.709841951477756977e+09
1.709841953101313114e+09
1.709841954701498032e+09
1.709841956302110910e+09
1.709841957926173925e+09
1.709841959572846889e+09
1.709841961172916889e+09
1.709841962749087095e+09
1.709841964372104883e+09
1.709841965995543003e+09
1.709841967618597984e+09
1.709841969241887093e+09
1.709841970865703106e+09
1.709841972465171099e+09
1.709841974065610886e+09
1.709841975666177034e+09
1.709841977288968086e+09
1.709841978889678001e+09
1.709841980489597082e+09
1.709841982089406967e+09
1.709841983712845087e+09
1.709841985312901974e+09
1.709841986936299086e+09
1.709841988559376955e+09
1.709841990181746960e+09
1.709841991781594992e+09
1.709841993381877899e+09
1.709841994981697083e+09
1.709841996604048014e+09
1.709841998204351902e+09
1.709841999804177999e+09
1.709842001356533051e+09
1.709842002840584040e+09
1.709842004324671030e+09
1.709842005856189013e+09
1.709842007456332922e+09
1.709842009080091953e+09
1.709842010680066109e+09
1.709842012302648067e+09
1.709842013879266977e+09
1.709842015502228975e+09
1.709842017125669003e+09
1.709842018725639105e+09
1.709842020325706959e+09
1.709842021925915003e+09
1.709842023548921108e+09
1.709842025173247099e+09
1.709842026795711994e+09
1.709842028419383049e+09
1.709842030043339968e+09
1.709842031689325094e+09
1.709842033289268017e+09
1.709842034912370920e+09
1.709842036534708023e+09
1.709842036725328922e+09
