1.705079809372689962e+09
1.705079811090565920e+09
1.705079812787462950e+09
1.705079814571897984e+09
1.705079815186111927e+09
1.705079848653667927e+09
1.705079850438540936e+09
1.705079851531722069e+09
1.705079911551891088e+09
1.705079913244613886e+09
1.705079914939925909e+09
1.705079916689960957e+09
1.705079918389585018e+09
1.705079920086250067e+09
1.705079921824589014e+09
1.705079923569183111e+09
1.705079925261921883e+09
1.705079926953386068e+09
1.705079928710686922e+09
1.705079930510759115e+09
1.705079932322118044e+09
1.705079934126810074e+09
1.705079935939651966e+09
1.705079937744934082e+09
1.705079939548882008e+09
1.705079941352823973e+09
1.705079943159240007e+09
1.705079944968878031e+09
1.705079946777162075e+09
1.705079948598373890e+09
1.705079950416057110e+09
1.705079952284529924e+09
1.705079954016206980e+09
1.705079954674339056e+09
1.705080020224432945e+09
1.705080021921583891e+09
1.705080023639640093e+09
1.705080024231292963e+09
1.705080056569844961e+09
1.705080058377038956e+09
1.705080059046411037e+09
1.705080119429439068e+09
1.705080121123161077e+09
1.705080122818931103e+09
1.705080124607471943e+09
1.705080126412322044e+09
1.705080128218396902e+09
1.705080130030503988e+09
1.705080131847364902e+09
1.705080132940424919e+09
1.705080170708909988e+09
1.705080172403704882e+09
1.705080174097840071e+09
1.705080175796921968e+09
1.705080177493336916e+09
1.705080177663449049e+09
1.705080211927563906e+09
1.705080213626530886e+09
1.705080215433003902e+09
1.705080216969408989e+09
1.705080273323432922e+09
1.705080275127330065e+09
1.705080276936887026e+09
1.705080277577209949e+09
1.705080346003273010e+09
1.705080347711097956e+09
1.705080349414999962e+09
1.705080351009936094e+09
1.705080352608937979e+09
1.705080354202286959e+09
1.705080355692478895e+09
1.705080355702459097e+09
1.705080357473385096e+09
1.705080359240520954e+09
1.705080360936537981e+09
1.705080445668911934e+09
1.705080446999732018e+09
1.705080448344396114e+09
1.705080449681725979e+09
1.705080451107677937e+09
1.705080452477937937e+09
1.705080453822530985e+09
1.705080455152448893e+09
1.705080456577707052e+09
1.705080458038049936e+09
1.705080459495074034e+09
1.705080460973761082e+09
1.705080462426490068e+09
1.705080463869246960e+09
1.705080465340126991e+09
1.705080466782092094e+09
1.705080468159147978e+09
1.705080469505162001e+09
1.705080470834703922e+09
1.705080472186049938e+09
1.705080473650480032e+09
1.705080475096769094e+09
1.705080476549869061e+09
1.705080478034323931e+09
1.705080479513300896e+09
1.705080480960108995e+09
1.705080482297238111e+09
1.705080483636233091e+09
1.705080484974653959e+09
1.705080486408807039e+09
1.705080487699110985e+09
1.705080659072437048e+09
1.705080660538862944e+09
1.705080661821204901e+09
1.705080682511543036e+09
1.705080683971641064e+09
1.705080685437081099e+09
1.705080686891577959e+09
1.705080688371316910e+09
1.705080688581646919e+09
