1.709660305231287003e+09
1.709660306738857985e+09
1.709660308223490000e+09
1.709660309731256962e+09
1.709660311216010094e+09
1.709660312723747969e+09
1.709660314231374979e+09
1.709660315740547895e+09
1.709660317246560097e+09
1.709660318731152058e+09
1.709660320238754988e+09
1.709660321723488092e+09
1.709660323207932949e+09
1.709660324715558052e+09
1.709660326200001955e+09
1.709660327684568882e+09
1.709660329169167042e+09
1.709660330676915884e+09
1.709660332161511898e+09
1.709660333646008968e+09
1.709660335132129908e+09
1.709660336684370041e+09
1.709660338192244053e+09
1.709660339676976919e+09
1.709660341232505083e+09
1.709660342785136938e+09
1.709660344293121099e+09
1.709660345801363945e+09
1.709660347357285023e+09
1.709660348863990068e+09
1.709660350348843098e+09
1.709660351833877087e+09
1.709660353366230965e+09
1.709660354872993946e+09
1.709660356357953072e+09
1.709660357842597008e+09
1.709660359350471973e+09
1.709660360835129023e+09
1.709660362319823027e+09
1.709660363827763081e+09
1.709660365358504057e+09
1.709660366843120098e+09
1.709660368327730894e+09
1.709660369836900949e+09
1.709660371366492033e+09
1.709660372851294041e+09
1.709660374335807085e+09
1.709660375866946936e+09
1.709660377351708889e+09
1.709660378836368084e+09
1.709660380320959091e+09
1.709660381852144957e+09
1.709660383336939096e+09
1.709660384821631908e+09
1.709660386354047060e+09
1.709660387907521963e+09
1.709660389392081022e+09
1.709660390876667976e+09
1.709660392407973051e+09
1.709660393892498970e+09
1.709660395377172947e+09
1.709660396861843109e+09
1.709660398369978905e+09
1.709660399854397058e+09
1.709660401362421036e+09
1.709660402895610094e+09
1.709660404447676897e+09
1.709660405955514908e+09
1.709660407439858913e+09
1.709660408947560072e+09
1.709660410432173967e+09
1.709660411916498899e+09
1.709660413400803089e+09
1.709660414908693075e+09
1.709660416416512012e+09
1.709660417900785923e+09
1.709660419386750937e+09
1.709660420939220905e+09
1.709660422446700096e+09
1.709660423954108953e+09
1.709660425484781027e+09
1.709660426992392063e+09
1.709660428476598024e+09
1.709660429961805105e+09
1.709660431491559029e+09
1.709660432976011992e+09
1.709660434483834982e+09
1.709660436014832973e+09
1.709660437522521973e+09
1.709660439007531881e+09
1.709660440514858961e+09
1.709660442046118975e+09
1.709660443531445980e+09
1.709660445018279076e+09
1.709660446573458910e+09
1.709660448102190971e+09
1.709660449587017059e+09
1.709660451094652891e+09
1.709660452602374077e+09
1.709660454087335110e+09
1.709660455572510958e+09
1.709660457056974888e+09
1.709660458588181019e+09
1.709660460096170902e+09
1.709660461581054926e+09
1.709660463090569973e+09
1.709660464596637964e+09
1.709660466081053972e+09
1.709660467565901995e+09
1.709660469074048996e+09
1.709660470558728933e+09
1.709660472043574095e+09
1.709660473528435946e+09
1.709660475059783936e+09
1.709660476567356110e+09
1.709660478052177906e+09
1.709660479562000036e+09
1.709660481091562033e+09
1.709660482576163054e+09
1.709660484061388016e+09
1.709660485591866016e+09
1.709660487077107906e+09
1.709660488561316967e+09
1.709660490045382023e+09
1.709660491576452017e+09
1.709660493061057091e+09
1.709660494591845989e+09
1.709660496122657061e+09
1.709660497607398987e+09
1.709660499091831923e+09
1.709660500576508999e+09
1.709660502084120035e+09
1.709660503568662882e+09
1.709660505053124905e+09
1.709660506585150957e+09
1.709660508092154980e+09
1.709660509576631069e+09
1.709660511107724905e+09
1.709660512615627050e+09
1.709660514123595953e+09
1.709660515608027935e+09
1.709660517116436958e+09
1.709660518669380903e+09
1.709660520153562069e+09
1.709660521638442993e+09
1.709660523170413017e+09
1.709660524676438093e+09
1.709660526161509037e+09
1.709660527645159006e+09
1.709660529152796984e+09
1.709660530637386084e+09
1.709660532122639894e+09
1.709660533606865883e+09
1.709660535137176991e+09
1.709660536621809006e+09
1.709660538129329920e+09
1.709660539638078928e+09
1.709660541168117046e+09
1.709660542676028967e+09
1.709660544161520958e+09
1.709660545691602945e+09
1.709660547176510096e+09
1.709660548684223890e+09
1.709660550168751955e+09
1.709660551699491024e+09
1.709660553183854103e+09
1.709660554668296099e+09
1.709660556177202940e+09
1.709660557729681015e+09
1.709660559213993073e+09
1.709660560699301958e+09
1.709660562182718039e+09
1.709660563667212963e+09
1.709660565174921036e+09
1.709660566659152985e+09
1.709660568191548109e+09
1.709660569743741035e+09
1.709660571227890968e+09
1.709660572712135077e+09
1.709660574221213102e+09
1.709660575727302074e+09
1.709660577211812019e+09
1.709660578696115017e+09
1.709660580203799009e+09
1.709660581688574076e+09
1.709660583196036100e+09
1.709660584707725048e+09
1.709660586211503983e+09
1.709660587695985079e+09
1.709660589203717947e+09
1.709660590688127995e+09
1.709660592195902109e+09
1.709660593703341961e+09
1.709660595212567091e+09
1.709660596764554024e+09
1.709660598248521090e+09
1.709660599732872009e+09
1.709660601240495920e+09
1.709660602724862099e+09
1.709660604209352970e+09
1.709660605717119932e+09
1.709660607247678041e+09
1.709660608731951952e+09
1.709660610239463091e+09
1.709660611796806097e+09
1.709660613324287891e+09
1.709660614808566093e+09
1.709660616316564083e+09
1.709660617823832035e+09
1.709660619308247089e+09
1.709660620792491913e+09
1.709660622276909113e+09
1.709660623831222057e+09
1.709660625315901995e+09
1.709660626800875902e+09
1.709660628309743881e+09
1.709660629862585068e+09
1.709660631347361088e+09
1.709660632831676960e+09
1.709660634362737894e+09
1.709660635847626925e+09
1.709660637332199097e+09
1.709660638817042112e+09
1.709660640371653080e+09
1.709660641855906963e+09
1.709660643340199947e+09
1.709660644870985031e+09
1.709660646355417013e+09
1.709660647841211081e+09
1.709660649349457026e+09
1.709660650831964970e+09
1.709660652319099903e+09
1.709660653848905087e+09
1.709660655383806944e+09
1.709660656909070015e+09
1.709660658393408060e+09
1.709660659877924919e+09
1.709660661409177065e+09
1.709660662916954041e+09
1.709660664401599884e+09
1.709660665913753986e+09
1.709660667417406082e+09
1.709660668925367117e+09
1.709660670409888983e+09
1.709660671940716982e+09
1.709660673448652983e+09
1.709660674956763029e+09
1.709660676464967966e+09
1.709660678018095016e+09
1.709660679525876999e+09
1.709660681011142015e+09
1.709660682495632887e+09
1.709660683980329990e+09
1.709660685465102911e+09
1.709660686997725964e+09
1.709660688551157951e+09
1.709660690058028936e+09
1.709660691542910099e+09
1.709660693052540064e+09
1.709660694604609013e+09
1.709660696112360954e+09
1.709660697620115995e+09
1.709660699150438070e+09
1.709660700636276960e+09
1.709660702142313004e+09
1.709660703626506090e+09
1.709660705157283068e+09
1.709660706664866924e+09
1.709660708171976089e+09
1.709660709680701017e+09
1.709660711233233929e+09
1.709660712717597961e+09
1.709660714201813936e+09
1.709660715709688902e+09
1.709660717194128036e+09
1.709660718679466009e+09
1.709660720164699078e+09
1.709660721694570065e+09
1.709660723179426908e+09
1.709660724664079905e+09
1.709660726196046114e+09
1.709660727702510118e+09
1.709660729187170029e+09
1.709660730695077896e+09
1.709660732202953100e+09
1.709660733687813997e+09
1.709660735172688007e+09
1.709660736657248020e+09
1.709660738188175917e+09
1.709660739696222067e+09
1.709660741180957079e+09
1.709660742690146923e+09
1.709660744243242025e+09
1.709660745727648973e+09
1.709660747235428095e+09
1.709660748744452000e+09
1.709660750274442911e+09
1.709660751759777069e+09
1.709660753244662046e+09
1.709660754729850054e+09
1.709660756214939117e+09
1.709660757723365068e+09
1.709660759232584953e+09
1.709660760739973068e+09
1.709660762225002050e+09
1.709660763710222006e+09
1.709660765241578102e+09
1.709660766726492882e+09
1.709660768211836100e+09
1.709660769696710110e+09
1.709660771204849958e+09
1.709660772689971924e+09
1.709660774197936058e+09
1.709660775728852987e+09
1.709660777236669064e+09
1.709660778767756939e+09
1.709660780252407074e+09
1.709660781760751963e+09
1.709660783244338036e+09
1.709660784729075909e+09
1.709660786238070011e+09
1.709660787768028021e+09
1.709660789252615929e+09
1.709660790737216949e+09
1.709660792268387079e+09
1.709660793752964973e+09
1.709660795261251926e+09
1.709660796745644093e+09
1.709660798253355980e+09
1.709660799761609077e+09
1.709660801269429922e+09
1.709660802777966976e+09
1.709660804284859896e+09
1.709660805769362926e+09
1.709660807253844976e+09
1.709660808784462929e+09
1.709660810269110918e+09
1.709660811776659966e+09
1.709660813261782885e+09
1.709660814792799950e+09
1.709660816277157068e+09
1.709660817761734009e+09
1.709660819246475935e+09
1.709660820754491091e+09
1.709660822239110947e+09
1.709660823723550081e+09
1.709660825231178045e+09
1.709660826715836048e+09
1.709660828200630903e+09
1.709660829685292959e+09
1.709660831241008043e+09
1.709660832771873951e+09
1.709660834325438976e+09
1.709660835832953930e+09
1.709660837409301043e+09
1.709660838893539906e+09
1.709660840380062103e+09
1.709660841866272926e+09
1.709660843417047024e+09
1.709660844901590109e+09
1.709660846386130095e+09
1.709660847917102098e+09
1.709660849425014019e+09
1.709660850932627916e+09
1.709660852417223930e+09
1.709660853948326111e+09
1.709660855432920933e+09
1.709660856940496922e+09
1.709660858448229074e+09
1.709660859933032036e+09
1.709660861441039085e+09
1.709660862925649881e+09
1.709660864479907990e+09
1.709660865964356899e+09
1.709660867448668003e+09
1.709660868956347942e+09
1.709660870440630913e+09
1.709660871925103903e+09
1.709660873410538912e+09
1.709660874940269947e+09
1.709660876448040009e+09
1.709660877955820084e+09
1.709660879440104008e+09
1.709660880947669983e+09
1.709660882432123899e+09
1.709660883917804003e+09
1.709660885449573040e+09
1.709660886954847097e+09
1.709660888439146996e+09
1.709660889946552038e+09
1.709660891523593903e+09
1.709660893031001091e+09
1.709660894515710115e+09
1.709660895999917030e+09
1.709660897530818939e+09
1.709660899015348911e+09
1.709660900501653910e+09
1.709660902009114981e+09
1.709660903538387060e+09
1.709660905023148060e+09
1.709660906507642984e+09
1.709660908038351059e+09
1.709660909522989988e+09
1.709660911007589102e+09
1.709660912516948938e+09
1.709660914046294928e+09
1.709660915530822039e+09
1.709660917015568018e+09
1.709660918501399994e+09
1.709660920030808926e+09
1.709660921515575886e+09
1.709660923000207901e+09
1.709660924532180071e+09
1.709660926039887905e+09
1.709660927547970057e+09
1.709660929032907963e+09
1.709660930565088987e+09
1.709660932095807076e+09
1.709660933581065893e+09
1.709660935066457033e+09
1.709660936598824024e+09
1.709660938106570005e+09
1.709660939591887951e+09
1.709660941077250004e+09
1.709660942608764887e+09
1.709660944117115021e+09
1.709660945602193117e+09
1.709660947110815048e+09
1.709660948618839025e+09
1.709660950103897095e+09
1.709660951589143991e+09
1.709660953098552942e+09
1.709660954652388096e+09
1.709660956137475014e+09
1.709660957645935059e+09
1.709660959177587032e+09
1.709660960663131952e+09
1.709660962148071051e+09
1.709660963632407904e+09
1.709660965163513899e+09
1.709660966671647072e+09
1.709660968155739069e+09
1.709660969640134096e+09
1.709660971147948027e+09
1.709660972656016111e+09
1.709660974140322924e+09
1.709660975626343966e+09
1.709660977155644894e+09
1.709660978640219927e+09
1.709660980124794960e+09
1.709660981655985117e+09
1.709660983163245916e+09
1.709660984694243908e+09
1.709660986201663971e+09
1.709660987732536077e+09
1.709660989263457060e+09
1.709660990747885942e+09
1.709660992232103109e+09
1.709660993740026951e+09
1.709660995247636080e+09
1.709660996732048988e+09
1.709660998264420986e+09
1.709660999816260099e+09
1.709661001300630093e+09
1.709661002808312893e+09
1.709661004315741062e+09
1.709661005822767973e+09
1.709661007331182003e+09
1.709661008837676048e+09
1.709661010368254900e+09
1.709661011852583885e+09
1.709661013336808920e+09
1.709661014845855951e+09
1.709661016352186918e+09
1.709661017837284088e+09
1.709661019345737934e+09
1.709661020875828028e+09
1.709661022406627893e+09
1.709661023914155006e+09
1.709661025399432898e+09
1.709661026998589993e+09
1.709661028483127117e+09
1.709661029991004944e+09
1.709661031475290060e+09
1.709661032959975958e+09
1.709661034444133997e+09
1.709661035928323030e+09
1.709661037459521055e+09
1.709661038943943024e+09
1.709661040451893091e+09
1.709661041936722994e+09
1.709661043467735052e+09
1.709661044975429058e+09
1.709661046506517887e+09
1.709661047993042946e+09
1.709661049544555902e+09
1.709661051028834105e+09
1.709661052513078928e+09
1.709661054067090988e+09
1.709661055551465988e+09
1.709661057036047935e+09
1.709661058520327091e+09
1.709661060050996065e+09
1.709661061535434961e+09
1.709661063043134928e+09
1.709661064528999090e+09
1.709661066081527948e+09
1.709661067565944910e+09
1.709661069050422907e+09
1.709661070559521914e+09
1.709661072112195969e+09
1.709661073666037083e+09
1.709661075150676012e+09
1.709661076664150953e+09
1.709661078188801050e+09
1.709661079673124075e+09
1.709661081180773973e+09
1.709661082757922888e+09
1.709661084311522007e+09
1.709661085819067001e+09
1.709661087326630116e+09
1.709661088880285978e+09
1.709661090364655018e+09
1.709661091849004030e+09
1.709661093333785057e+09
1.709661094841559887e+09
1.709661096349186897e+09
1.709661097833724976e+09
1.709661099320360899e+09
1.709661100872100115e+09
1.709661102379545927e+09
1.709661103887381077e+09
1.709661105418329000e+09
1.709661106926105022e+09
1.709661108433630943e+09
1.709661109918067932e+09
1.709661111425560951e+09
1.709661112910649061e+09
1.709661114394592047e+09
1.709661115880314112e+09
1.709661117433115959e+09
1.709661118917552948e+09
1.709661120401971102e+09
1.709661121932923079e+09
1.709661123417418957e+09
1.709661124902039051e+09
1.709661126409729004e+09
1.709661127963599920e+09
1.709661129447743893e+09
1.709661130932090044e+09
1.709661132417300940e+09
1.709661133993556976e+09
1.709661135501146078e+09
1.709661137008922100e+09
1.709661138541662931e+09
1.709661140093779087e+09
1.709661141578290939e+09
1.709661143062680006e+09
1.709661144571543932e+09
1.709661146124309063e+09
1.709661147608756065e+09
1.709661149116451025e+09
1.709661150647197962e+09
1.709661152131648064e+09
1.709661153616027117e+09
1.709661155123636007e+09
1.709661156677469015e+09
1.709661158161847115e+09
1.709661159669202089e+09
1.709661161201045036e+09
1.709661162731837034e+09
1.709661164238040924e+09
1.709661165745809078e+09
1.709661167253628016e+09
1.709661168761260033e+09
1.709661170268825054e+09
1.709661171778331041e+09
1.709661173307404041e+09
1.709661174791769028e+09
1.709661176275938034e+09
1.709661177806961060e+09
1.709661179291229010e+09
1.709661180775228977e+09
1.709661182259730101e+09
1.709661183790123940e+09
1.709661185297708988e+09
1.709661186782125950e+09
1.709661188266356945e+09
1.709661189750570059e+09
1.709661191258034945e+09
1.709661192742413044e+09
1.709661194296214104e+09
1.709661195780827045e+09
1.709661197265360117e+09
1.709661198749598980e+09
1.709661200280440092e+09
1.709661201788171053e+09
1.709661203295630932e+09
1.709661204827857971e+09
1.709661206333861113e+09
1.709661207841414928e+09
1.709661209348961115e+09
1.709661210879729986e+09
1.709661212364259958e+09
1.709661213872071028e+09
1.709661215356537104e+09
1.709661216887078047e+09
1.709661218371776104e+09
1.709661219856637955e+09
1.709661221365272999e+09
1.709661222871911049e+09
1.709661224356514931e+09
1.709661225864141941e+09
1.709661227396528959e+09
1.709661228927265882e+09
1.709661230434787035e+09
1.709661231943211079e+09
1.709661233451637983e+09
1.709661234936739922e+09
1.709661236445030928e+09
1.709661237953304052e+09
1.709661239484473944e+09
1.709661240970943928e+09
1.709661242500993013e+09
1.709661244033672094e+09
1.709661245586590052e+09
1.709661247071537018e+09
1.709661248558119059e+09
1.709661250111407042e+09
1.709661251595833063e+09
1.709661253080936909e+09
1.709661254590053082e+09
1.709661256143959999e+09
1.709661257629134893e+09
1.709661259137383938e+09
1.709661260645554066e+09
1.709661262130644083e+09
1.709661263615674019e+09
1.709661265100172997e+09
1.709661266631433964e+09
1.709661268139352083e+09
1.709661269624109030e+09
1.709661271133492947e+09
1.709661272662908077e+09
1.709661274147615910e+09
1.709661275655736923e+09
1.709661277140278101e+09
1.709661278694570065e+09
1.709661280179266930e+09
1.709661281712692022e+09
1.709661283287766933e+09
1.709661284772383928e+09
1.709661286256899118e+09
1.709661287812361002e+09
1.709661289295192957e+09
1.709661290779860973e+09
1.709661292264328003e+09
1.709661293772438049e+09
1.709661295256849051e+09
1.709661296764769077e+09
1.709661298272818089e+09
1.709661299757662058e+09
1.709661301242321014e+09
1.709661302750402927e+09
1.709661304258471966e+09
1.709661305766340017e+09
1.709661307250825882e+09
1.709661308782700062e+09
1.709661310289556026e+09
1.709661311774147987e+09
1.709661313258661032e+09
1.709661314766345024e+09
1.709661316250868082e+09
1.709661317735790014e+09
1.709661319244776964e+09
1.709661320798017025e+09
1.709661322282754898e+09
1.709661323790608883e+09
1.709661325321628094e+09
1.709661326806674004e+09
1.709661328291367054e+09
1.709661329822659016e+09
1.709661331353332996e+09
1.709661332838012934e+09
1.709661334322772980e+09
1.709661335832228899e+09
1.709661337361759901e+09
1.709661338846703053e+09
1.709661340331320047e+09
1.709661341839114904e+09
1.709661343323904991e+09
1.709661344808929920e+09
1.709661346317306995e+09
1.709661347825242043e+09
1.709661349309933901e+09
1.709661350818612099e+09
1.709661352302213907e+09
1.709661353810720921e+09
1.709661355317917109e+09
1.709661356802313089e+09
1.709661358333323956e+09
1.709661359841110945e+09
1.709661361348983049e+09
1.709661362856910944e+09
1.709661364411433935e+09
1.709661365943922997e+09
1.709661367426889896e+09
1.709661368911879063e+09
1.709661370466873884e+09
1.709661371998811007e+09
1.709661373507150888e+09
1.709661375013904095e+09
1.709661376498927116e+09
1.709661378029361963e+09
1.709661379514391899e+09
1.709661381068646908e+09
1.709661382553642035e+09
1.709661384061671019e+09
1.709661385546449900e+09
1.709661387077549934e+09
1.709661388562377930e+09
1.709661390070163012e+09
1.709661391556200027e+09
1.709661393132170916e+09
1.709661394640252113e+09
1.709661396125121117e+09
1.709661397634198904e+09
1.709661399164078951e+09
1.709661400648612976e+09
1.709661402133347988e+09
1.709661403688256979e+09
1.709661405242248058e+09
1.709661406727428913e+09
1.709661408235691071e+09
1.709661409720577955e+09
1.709661411228549004e+09
1.709661412713252068e+09
1.709661414244518042e+09
1.709661415753762960e+09
1.709661417307301998e+09
1.709661418791990995e+09
1.709661420300195932e+09
1.709661421808480978e+09
1.709661423293284893e+09
1.709661424778460979e+09
1.709661426263514042e+09
1.709661427794554949e+09
1.709661429302536011e+09
1.709661430787631989e+09
1.709661432319992065e+09
1.709661433873217106e+09
1.709661435358058929e+09
1.709661436868962049e+09
1.709661438374701023e+09
1.709661439859695911e+09
1.709661441368081093e+09
1.709661442876728058e+09
1.709661444361510038e+09
1.709661445869628906e+09
1.709661447379487038e+09
1.709661448909354925e+09
1.709661450394330025e+09
1.709661451902477026e+09
1.709661453411533117e+09
1.709661454965179920e+09
1.709661456449840069e+09
1.709661457934483051e+09
1.709661459467272997e+09
1.709661460997128010e+09
1.709661462505543947e+09
1.709661463990654945e+09
1.709661465499941111e+09
1.709661466983851910e+09
1.709661468468588114e+09
1.709661469953459978e+09
1.709661471507663012e+09
1.709661472992393017e+09
1.709661474500406981e+09
1.709661476010442019e+09
1.709661477517734051e+09
1.709661479001336098e+09
1.709661480510284901e+09
1.709661482063740969e+09
1.709661483548135996e+09
1.709661485032622099e+09
1.709661486540219069e+09
1.709661488094408989e+09
1.709661489579298019e+09
1.709661491087507010e+09
1.709661492596270084e+09
1.709661494196443081e+09
1.709661495704121113e+09
1.709661497212024927e+09
1.709661498697415113e+09
1.709661500250837088e+09
1.709661501735512972e+09
1.709661503219886065e+09
1.709661504706518888e+09
1.709661506258892059e+09
1.709661507743572950e+09
1.709661509228071928e+09
1.709661510760624886e+09
1.709661512314013958e+09
1.709661513798064947e+09
1.709661515282542944e+09
1.709661516767019987e+09
1.709661518251771927e+09
1.709661519736403942e+09
1.709661521220985889e+09
1.709661522775223017e+09
1.709661524259743929e+09
1.709661525744189978e+09
1.709661527230036020e+09
1.709661528759851933e+09
1.709661530267811060e+09
1.709661531752274036e+09
1.709661533260907888e+09
1.709661534837812901e+09
1.709661536322287083e+09
1.709661537806761980e+09
1.709661539291649103e+09
1.709661540801879883e+09
1.709661542307559013e+09
1.709661543815409899e+09
1.709661545301775932e+09
1.709661546878194094e+09
1.709661548363183022e+09
1.709661549847824097e+09
1.709661551334707022e+09
1.709661552887243032e+09
1.709661554395287037e+09
1.709661555903283119e+09
1.709661557435570002e+09
1.709661558988884926e+09
1.709661560473546028e+09
1.709661561958116055e+09
1.709661563465925932e+09
1.709661564950783968e+09
1.709661566435594082e+09
1.709661567943442106e+09
1.709661569451560020e+09
1.709661570936532974e+09
1.709661572444169998e+09
1.709661573929379940e+09
1.709661575505880117e+09
1.709661576990609884e+09
1.709661578475466967e+09
1.709661579960793018e+09
1.709661581490550995e+09
1.709661582975522995e+09
1.709661584505255938e+09
1.709661586012758017e+09
1.709661587497013092e+09
1.709661588981697083e+09
1.709661590489247084e+09
1.709661591996810913e+09
1.709661593481369972e+09
1.709661594965697050e+09
1.709661596451936007e+09
1.709661598027466059e+09
1.709661599534841061e+09
1.709661601019593954e+09
1.709661602503969908e+09
1.709661604035408974e+09
1.709661605543556929e+09
1.709661607028347969e+09
1.709661608513171911e+09
1.709661610044410944e+09
1.709661611552464962e+09
1.709661613060548067e+09
1.709661614569303036e+09
1.709661616076059103e+09
1.709661617630754948e+09
1.709661619184623957e+09
1.709661620716013908e+09
1.709661622201014996e+09
1.709661623708825111e+09
1.709661625218028069e+09
1.709661626817608118e+09
1.709661628348711967e+09
1.709661629857229948e+09
1.709661631342212915e+09
1.709661632874835968e+09
1.709661634381544113e+09
1.709661635866436005e+09
1.709661637352497101e+09
1.709661638882733107e+09
1.709661640367477894e+09
1.709661641852264881e+09
1.709661643384886026e+09
1.709661644914700031e+09
1.709661646422775030e+09
1.709661647907689095e+09
1.709661649441181898e+09
1.709661650970000029e+09
1.709661652477858067e+09
1.709661653962207079e+09
1.709661655493170023e+09
1.709661657005883932e+09
1.709661658486186981e+09
1.709661659971086979e+09
1.709661661525355101e+09
1.709661663009912014e+09
1.709661664517988920e+09
1.709661666096807003e+09
1.709661667626765966e+09
1.709661669111555099e+09
1.709661670619498968e+09
1.709661672151957035e+09
1.709661673658662081e+09
1.709661675143462896e+09
1.709661676651308060e+09
1.709661678209142923e+09
1.709661679852885008e+09
1.709661681406339884e+09
1.709661682914258003e+09
1.709661684398906946e+09
1.709661685929980040e+09
1.709661687414916039e+09
1.709661688899709940e+09
1.709661690384349108e+09
1.709661691892422915e+09
1.709661693377252102e+09
1.709661694885092974e+09
1.709661696393127918e+09
1.709661697878165960e+09
1.709661699362945080e+09
1.709661700870887995e+09
1.709661702378892899e+09
1.709661703864068985e+09
1.709661705348763943e+09
1.709661706834887981e+09
1.709661708434317112e+09
1.709661710011193991e+09
1.709661711518971920e+09
1.709661713027266026e+09
1.709661714534943104e+09
1.709661716090631008e+09
1.709661717575135946e+09
1.709661719081952095e+09
1.709661720612958908e+09
1.709661722120557070e+09
1.709661723608023882e+09
1.709661725089792013e+09
1.709661726597542048e+09
1.709661728128422022e+09
1.709661729636244059e+09
1.709661731121503115e+09
1.709661732697863102e+09
1.709661734205741882e+09
1.709661735690676928e+09
1.709661737221458912e+09
1.709661738706300974e+09
1.709661740214406013e+09
1.709661741722439051e+09
1.709661743230449915e+09
1.709661744715411901e+09
1.709661746246450901e+09
1.709661747777348995e+09
1.709661749261842966e+09
1.709661750746463060e+09
1.709661752254441023e+09
1.709661753785516024e+09
1.709661755292941093e+09
1.709661756777322054e+09
1.709661758308240891e+09
1.709661759816221952e+09
1.709661761324178934e+09
1.709661762808212996e+09
1.709661764339416027e+09
1.709661765847202063e+09
1.709661767355077028e+09
1.709661768864706039e+09
1.709661770371088982e+09
1.709661771855858088e+09
1.709661773363823891e+09
1.709661774848701000e+09
1.709661776333339930e+09
1.709661777817976952e+09
1.709661779350132942e+09
1.709661780903495073e+09
1.709661782411319971e+09
1.709661783896126032e+09
1.709661785427333117e+09
1.709661786935431957e+09
1.709661788419862032e+09
1.709661789927644968e+09
1.709661791458755970e+09
1.709661792943475962e+09
1.709661794468092918e+09
1.709661796006100893e+09
1.709661797513093948e+09
1.709661798998003006e+09
1.709661800482924938e+09
1.709661802013778925e+09
1.709661803498260975e+09
1.709661804983269930e+09
1.709661806502069950e+09
1.709661807998984098e+09
1.709661809483625889e+09
1.709661810969151020e+09
1.709661812547319889e+09
1.709661814124860048e+09
1.709661815632302999e+09
1.709661817139146090e+09
1.709661818624095917e+09
1.709661820154714108e+09
1.709661821663563967e+09
1.709661823193416119e+09
1.709661824701227903e+09
1.709661826208698034e+09
1.709661827739520073e+09
1.709661829248752117e+09
1.709661830800808907e+09
1.709661832285389900e+09
1.709661833792479992e+09
1.709661835324714899e+09
1.709661836853976011e+09
1.709661838338294029e+09
1.709661839822704077e+09
1.709661841353343010e+09
1.709661842837827921e+09
1.709661844322225094e+09
1.709661845806757927e+09
1.709661847314471960e+09
1.709661848822494030e+09
1.709661850307082891e+09
1.709661851816082954e+09
1.709661853345733881e+09
1.709661854830703974e+09
1.709661856315366030e+09
1.709661857846208096e+09
1.709661859330835104e+09
1.709661860815671921e+09
1.709661862300122023e+09
1.709661863854249001e+09
1.709661865362010956e+09
1.709661866846821070e+09
1.709661868331578970e+09
1.709661869886528015e+09
1.709661871416341066e+09
1.709661872923698902e+09
1.709661874432845116e+09
1.709661875985246897e+09
1.709661877507836103e+09
1.709661879001008034e+09
1.709661880487792969e+09
1.709661882017788887e+09
1.709661883504925966e+09
1.709661884986557961e+09
1.709661886518158913e+09
1.709661888048214912e+09
1.709661889555521965e+09
1.709661891063328028e+09
1.709661892571012974e+09
1.709661894078681946e+09
1.709661895563519955e+09
1.709661897095351934e+09
1.709661898579452991e+09
1.709661900064366102e+09
1.709661901571933031e+09
1.709661903126046896e+09
1.709661904610632896e+09
1.709661906118351936e+09
1.709661907603235960e+09
1.709661909157771111e+09
1.709661910688827991e+09
1.709661912196336031e+09
1.709661913680671930e+09
1.709661915211787939e+09
1.709661916719825983e+09
1.709661918250628948e+09
1.709661919735327959e+09
1.709661921268980026e+09
1.709661922774892092e+09
1.709661924258534908e+09
1.709661925813966990e+09
1.709661927343561888e+09
1.709661928828120947e+09
1.709661930312464952e+09
1.709661931820417881e+09
1.709661933305043936e+09
1.709661934789164066e+09
1.709661936321299076e+09
1.709661937850625992e+09
1.709661939335310936e+09
1.709661940819566011e+09
1.709661942327522039e+09
1.709661943836869955e+09
1.709661945342895985e+09
1.709661946850804090e+09
1.709661948381567955e+09
1.709661949889293909e+09
1.709661951397058964e+09
1.709661952906327009e+09
1.709661954412489891e+09
1.709661955897180080e+09
1.709661957382023096e+09
1.709661958889514923e+09
1.709661960398454905e+09
1.709661961881210089e+09
1.709661963411848068e+09
1.709661964965677977e+09
1.709661966449857950e+09
1.709661967933989048e+09
1.709661969467757940e+09
1.709661970995371103e+09
1.709661972525993109e+09
1.709661974032423973e+09
1.709661975516671896e+09
1.709661977001739025e+09
1.709661978532433033e+09
1.709661980086613894e+09
1.709661981570159912e+09
1.709661983077729940e+09
1.709661984585361004e+09
1.709661986162461996e+09
1.709661987646548033e+09
1.709661989130779028e+09
1.709661990616874933e+09
1.709661992122781992e+09
1.709661993630378962e+09
1.709661995138093948e+09
1.709661996623653889e+09
1.709661998199765921e+09
1.709661999684185028e+09
1.709662001168651104e+09
1.709662002676428080e+09
1.709662004160639048e+09
1.709662005645123005e+09
1.709662007129525900e+09
1.709662008683598042e+09
1.709662010167988062e+09
1.709662011675822973e+09
1.709662013184452057e+09
1.709662014760337114e+09
1.709662016244931936e+09
1.709662017729195118e+09
1.709662019260260105e+09
1.709662020767772913e+09
1.709662022252154112e+09
1.709662023736324072e+09
1.709662025243643045e+09
1.709662026727885962e+09
1.709662028235547066e+09
1.709662029721283913e+09
1.709662031273562908e+09
1.709662032757581949e+09
1.709662034265036106e+09
1.709662035797122002e+09
1.709662037326045990e+09
1.709662038833271980e+09
1.709662040363929033e+09
1.709662041871268988e+09
1.709662043378876925e+09
1.709662044886392117e+09
1.709662046393807888e+09
1.709662047924972057e+09
1.709662049432163000e+09
1.709662050916516066e+09
1.709662052424766064e+09
1.709662053932195902e+09
1.709662055439714909e+09
1.709662056947340965e+09
1.709662058455248117e+09
1.709662059939728975e+09
1.709662061424505949e+09
1.709662062979024887e+09
1.709662064485904932e+09
1.709662065970138073e+09
1.709662067477744102e+09
1.709662068961962938e+09
1.709662070446268082e+09
1.709662071930552959e+09
1.709662073462264061e+09
1.709662074991808891e+09
1.709662076476270914e+09
1.709662077984023094e+09
1.709662079491727114e+09
1.709662080976344109e+09
1.709662082461044073e+09
1.709662083968348980e+09
1.709662085499319077e+09
1.709662087007270098e+09
1.709662088491877079e+09
1.709662089999881029e+09
1.709662091507493019e+09
1.709662092992022991e+09
1.709662094476288080e+09
1.709662095983870029e+09
1.709662097468414068e+09
1.709662098976108074e+09
1.709662100529850960e+09
1.709662102014190912e+09
1.709662103498509884e+09
1.709662105006035089e+09
1.709662106513659000e+09
1.709662107997879982e+09
1.709662109505207062e+09
1.709662111013839006e+09
1.709662112520143032e+09
1.709662114027811050e+09
1.709662115512041092e+09
1.709662117019624949e+09
1.709662118527441025e+09
1.709662120034800053e+09
1.709662121543876886e+09
1.709662123096813917e+09
1.709662124581298113e+09
1.709662126065917969e+09
1.709662127576447010e+09
1.709662129104789019e+09
1.709662130612768888e+09
1.709662132097222090e+09
1.709662133628015995e+09
1.709662135135669947e+09
1.709662136643336058e+09
1.709662138150700092e+09
1.709662139658292055e+09
1.709662141142604113e+09
1.709662142650306940e+09
1.709662144180857897e+09
1.709662145665190935e+09
1.709662147149609089e+09
1.709662148657212019e+09
1.709662150211513042e+09
1.709662151695909023e+09
1.709662153180063009e+09
1.709662154687484980e+09
1.709662156265803099e+09
1.709662157795711040e+09
1.709662159326641083e+09
1.709662160834985971e+09
1.709662162411627054e+09
1.709662163897558928e+09
1.709662165403276920e+09
1.709662166888175964e+09
1.709662168418071032e+09
1.709662169925914049e+09
1.709662171433357954e+09
1.709662172964154005e+09
1.709662174448878050e+09
1.709662175956715107e+09
1.709662177441216946e+09
1.709662178948990107e+09
1.709662180436394930e+09
1.709662181941808939e+09
1.709662183429121017e+09
1.709662184934412956e+09
1.709662186420448065e+09
1.709662187903410912e+09
1.709662189411303043e+09
1.709662190896435022e+09
1.709662192405752897e+09
1.709662193939539909e+09
1.709662195465101957e+09
1.709662196972616911e+09
1.709662198481653929e+09
1.709662200034100056e+09
1.709662201542186975e+09
1.709662203026874065e+09
1.709662204535660982e+09
1.709662206088833094e+09
1.709662207619554996e+09
1.709662209104036093e+09
1.709662210636131048e+09
1.709662212212053061e+09
1.709662213719614983e+09
1.709662215227848053e+09
1.709662216760186911e+09
1.709662218289412022e+09
1.709662219773905993e+09
1.709662221281894922e+09
1.709662222789618969e+09
1.709662224274902105e+09
1.709662225782366037e+09
1.709662227289330006e+09
1.709662228820281029e+09
1.709662230328018904e+09
1.709662231837512970e+09
1.709662233343597889e+09
1.709662234828217983e+09
1.709662236335850954e+09
1.709662237843542099e+09
1.709662239328028917e+09
1.709662240835884094e+09
1.709662242320276022e+09
1.709662243852004051e+09
1.709662245359009027e+09
1.709662246843729973e+09
1.709662248327995062e+09
1.709662249836204052e+09
1.709662251389770031e+09
1.709662252897073030e+09
1.709662254427700043e+09
1.709662255911745071e+09
1.709662257442528963e+09
1.709662258950335979e+09
1.709662260434700966e+09
1.709662261942188978e+09
1.709662263472698927e+09
1.709662264980102062e+09
1.709662266487651110e+09
1.709662267972168922e+09
1.709662269502861023e+09
1.709662270987607002e+09
1.709662272474472046e+09
1.709662273980412960e+09
1.709662275509653091e+09
1.709662276994018078e+09
1.709662278478503942e+09
1.709662280009376049e+09
1.709662281493819952e+09
1.709662282978224993e+09
1.709662284487862110e+09
1.709662286016587973e+09
1.709662287501384974e+09
1.709662289009119987e+09
1.709662290493819952e+09
1.709662291978399038e+09
1.709662293486047983e+09
1.709662294993622065e+09
1.709662296549926996e+09
1.709662298055574894e+09
1.709662299540460110e+09
1.709662301025567055e+09
1.709662302532789946e+09
1.709662304016973019e+09
1.709662305525202036e+09
1.709662307056634903e+09
1.709662308586368084e+09
1.709662310070934057e+09
1.709662311555553913e+09
1.709662313064961910e+09
1.709662314547760010e+09
1.709662316078826904e+09
1.709662317586265087e+09
1.709662319140680075e+09
1.709662320625075102e+09
1.709662322132040977e+09
1.709662323664438009e+09
1.709662325170548916e+09
1.709662326654656887e+09
1.709662328162401915e+09
1.709662329694233894e+09
1.709662331225709915e+09
1.709662332732475042e+09
1.709662334241323948e+09
1.709662335793067932e+09
1.709662337277637959e+09
1.709662338763215065e+09
1.709662340316497087e+09
1.709662341847306967e+09
1.709662343354811907e+09
1.709662344839493990e+09
1.709662346393256903e+09
1.709662347915401936e+09
1.709662349408828020e+09
1.709662350893522024e+09
1.709662352425354004e+09
1.709662353933082104e+09
1.709662355417576075e+09
1.709662356949680090e+09
1.709662358502998114e+09
1.709662360010976076e+09
1.709662361518788099e+09
1.709662363026495934e+09
1.709662364557341099e+09
1.709662366065258026e+09
1.709662367596323967e+09
1.709662369081029892e+09
1.709662370611815929e+09
1.709662372096545935e+09
1.709662373627706051e+09
1.709662375113687992e+09
1.709662376620528936e+09
1.709662378129781961e+09
1.709662379682951927e+09
1.709662381191088915e+09
1.709662382676012039e+09
1.709662384230710983e+09
1.709662385738991022e+09
1.709662387224150896e+09
1.709662388709002972e+09
1.709662390240385056e+09
1.709662391725048065e+09
1.709662393209810019e+09
1.709662394694708109e+09
1.709662396202846050e+09
1.709662397711314917e+09
1.709662399218987942e+09
1.709662400775877953e+09
1.709662402280967951e+09
1.709662403765608072e+09
1.709662405250407934e+09
1.709662406758518934e+09
1.709662408243141890e+09
1.709662409728018045e+09
1.709662411212440014e+09
1.709662412743762970e+09
1.709662414228907108e+09
1.709662415736851931e+09
1.709662417245330095e+09
1.709662418775888920e+09
1.709662420260304928e+09
1.709662421744729042e+09
1.709662423252403021e+09
1.709662424760298014e+09
1.709662426244820118e+09
1.709662427752499104e+09
1.709662429283555031e+09
1.709662430767988920e+09
1.709662432252662897e+09
1.709662433784929991e+09
1.709662435291764021e+09
1.709662436776638031e+09
1.709662438284327984e+09
1.709662439792341948e+09
1.709662441276843071e+09
1.709662442784584045e+09
1.709662444292083025e+09
1.709662445823206902e+09
1.709662447307764053e+09
1.709662448792427063e+09
1.709662450301201105e+09
1.709662451808130980e+09
1.709662453292625904e+09
1.709662454824778080e+09
1.709662456354707003e+09
1.709662457839477062e+09
1.709662459324645042e+09
1.709662460808509111e+09
1.709662462362685919e+09
1.709662463847450018e+09
1.709662465331790924e+09
1.709662466816453934e+09
1.709662468394169092e+09
1.709662469901648998e+09
1.709662471409017086e+09
1.709662472916769028e+09
1.709662474471616030e+09
1.709662476048146963e+09
1.709662477532758951e+09
1.709662479017179966e+09
1.709662480525105953e+09
1.709662482055830002e+09
1.709662483540621996e+09
1.709662485025326967e+09
1.709662486532350063e+09
1.709662488063425064e+09
1.709662489547861099e+09
1.709662491079271078e+09
1.709662492586643934e+09
1.709662494117647886e+09
1.709662495602077961e+09
1.709662497110042095e+09
1.709662498594465017e+09
1.709662500148201942e+09
1.709662501655950069e+09
1.709662503142086983e+09
1.709662504648292065e+09
1.709662506133122921e+09
1.709662507617820978e+09
1.709662509125946999e+09
1.709662510633496046e+09
1.709662512117854118e+09
1.709662513602602005e+09
1.709662515087280989e+09
1.709662516617944956e+09
1.709662518125875950e+09
1.709662519610271931e+09
1.709662521119405031e+09
1.709662522625968933e+09
1.709662524110445976e+09
1.709662525595344067e+09
1.709662527079933882e+09
1.709662528564563036e+09
1.709662530095520973e+09
1.709662531582211971e+09
1.709662533134706020e+09
1.709662534642595053e+09
1.709662536150414944e+09
1.709662537682952881e+09
1.709662539189032078e+09
1.709662540673443079e+09
1.709662542204272985e+09
1.709662543711894035e+09
1.709662545196300030e+09
1.709662546680845022e+09
1.709662548215369940e+09
1.709662549766024113e+09
1.709662551250637054e+09
1.709662552735374928e+09
1.709662554267443895e+09
1.709662555774676085e+09
1.709662557281641960e+09
1.709662558766145945e+09
1.709662560321372032e+09
1.709662561850843906e+09
1.709662563358405113e+09
1.709662564867643118e+09
1.709662566373676062e+09
1.709662567881808043e+09
1.709662569389827967e+09
1.709662570898072958e+09
1.709662572497977972e+09
1.709662573982913017e+09
1.709662575490803003e+09
1.709662576999735117e+09
1.709662578553421974e+09
1.709662580038363934e+09
1.709662581523389101e+09
1.709662583032243013e+09
1.709662584655205011e+09
1.709662586232527971e+09
1.709662587741127014e+09
1.709662589248183012e+09
1.709662590755899906e+09
1.709662592333105087e+09
1.709662593864044905e+09
1.709662595394983053e+09
1.709662596903219938e+09
1.709662598434941053e+09
1.709662599966633081e+09
1.709662601520468950e+09
1.709662603075591087e+09
1.709662604559710026e+09
1.709662606044142962e+09
1.709662607552249908e+09
1.709662609083604097e+09
1.709662610568497896e+09
1.709662612076363087e+09
1.709662613585519075e+09
1.709662615138756037e+09
1.709662616623218060e+09
1.709662618107852936e+09
1.709662619640022039e+09
1.709662621170001030e+09
1.709662622677480936e+09
1.709662624185365915e+09
1.709662625717102051e+09
1.709662627247891903e+09
1.709662628801222086e+09
1.709662630285922050e+09
1.709662631817559958e+09
1.709662633370105982e+09
1.709662634877677917e+09
1.709662636362144947e+09
1.709662637895648003e+09
1.709662639446892023e+09
1.709662640954689980e+09
1.709662642486123085e+09
1.709662644039674044e+09
1.709662645547637939e+09
1.709662647055350065e+09
1.709662648562751055e+09
1.709662650117044926e+09
1.709662651603163958e+09
1.709662653109075069e+09
1.709662654593596935e+09
1.709662656101269960e+09
1.709662657586298943e+09
1.709662659093610048e+09
1.709662660603415012e+09
1.709662662155639887e+09
1.709662663640274048e+09
1.709662665148104906e+09
1.709662666678808928e+09
1.709662668163608074e+09
1.709662669648056984e+09
1.709662671155724049e+09
1.709662672686769962e+09
1.709662674194504023e+09
1.709662675679317951e+09
1.709662677212584972e+09
1.709662678764323950e+09
1.709662680272005081e+09
1.709662681756635904e+09
1.709662683264400005e+09
1.709662684748965979e+09
1.709662686233500957e+09
1.709662687741141081e+09
1.709662689295931101e+09
1.709662690872502089e+09
1.709662692381918907e+09
1.709662693912317038e+09
1.709662695443655014e+09
1.709662696928080082e+09
1.709662698457333088e+09
1.709662699941816092e+09
1.709662701426451921e+09
1.709662702957387924e+09
1.709662704466531038e+09
1.709662705996669054e+09
1.709662707526691914e+09
1.709662709011363983e+09
1.709662710497848034e+09
1.709662712027631998e+09
1.709662713581273079e+09
1.709662715089845896e+09
1.709662716574954033e+09
1.709662718083762884e+09
1.709662719661892891e+09
1.709662721215899944e+09
1.709662722723401070e+09
1.709662724208062887e+09
1.709662725763489962e+09
1.709662727340336084e+09
1.709662728825035095e+09
1.709662730309451103e+09
1.709662731888487101e+09
1.709662733417069912e+09
1.709662734924606085e+09
1.709662736432094097e+09
1.709662738055690050e+09
1.709662739540045977e+09
1.709662741024481058e+09
1.709662742509417057e+09
1.709662744041032076e+09
1.709662745526468992e+09
1.709662747011275053e+09
1.709662748543833017e+09
1.709662750167105913e+09
1.709662751698528051e+09
1.709662753206680059e+09
1.709662754714656115e+09
1.709662756246511936e+09
1.709662757755101919e+09
1.709662759240835905e+09
1.709662760749593973e+09
1.709662762281481981e+09
1.709662763790441036e+09
1.709662765275439024e+09
1.709662766760150909e+09
1.709662768291115999e+09
1.709662769798903942e+09
1.709662771306597948e+09
1.709662772815927982e+09
1.709662774368376017e+09
1.709662775853058100e+09
1.709662777337963104e+09
1.709662778893937111e+09
1.709662780423679113e+09
1.709662781932231903e+09
1.709662783487339973e+09
1.709662785086483002e+09
1.709662786570940971e+09
1.709662788081700087e+09
1.709662789563205957e+09
1.709662791070971966e+09
1.709662792555536032e+09
1.709662794063390017e+09
1.709662795550152063e+09
1.709662797102346897e+09
1.709662798586853027e+09
1.709662800094558954e+09
1.709662801625236034e+09
1.709662803133140087e+09
1.709662804640903950e+09
1.709662806173173904e+09
1.709662807702992916e+09
1.709662809212534904e+09
1.709662810718596935e+09
1.709662812249664068e+09
1.709662813757534027e+09
1.709662815242289066e+09
1.709662816750374079e+09
1.709662818281224966e+09
1.709662819789197922e+09
1.709662821296952009e+09
1.709662822782810926e+09
1.709662824336294889e+09
1.709662825843554974e+09
1.709662827328227043e+09
1.709662828861180067e+09
1.709662830390397072e+09
1.709662831874953032e+09
1.709662833359885931e+09
1.709662834894685030e+09
1.709662836421864033e+09
1.709662837906423092e+09
1.709662839414165974e+09
1.709662840945147991e+09
1.709662842452764034e+09
1.709662843937541962e+09
1.709662845445224047e+09
1.709662846975986958e+09
1.709662848460298061e+09
1.709662849991261005e+09
1.709662851522967100e+09
1.709662853076324940e+09
1.709662854561047077e+09
1.709662856068906069e+09
1.709662857626743078e+09
1.709662859152698994e+09
1.709662860637087107e+09
1.709662862144757986e+09
1.709662863699136019e+09
1.709662865275826931e+09
1.709662866760534048e+09
1.709662868268121004e+09
1.709662869752589941e+09
1.709662871283781052e+09
1.709662872791574001e+09
1.709662874299002886e+09
1.709662875808161974e+09
1.709662877338025093e+09
1.709662878846707106e+09
1.709662880400938034e+09
1.709662881909725904e+09
1.709662883416193962e+09
1.709662884946866989e+09
1.709662886454277992e+09
1.709662888008275032e+09
1.709662889492860079e+09
1.709662891000514984e+09
1.709662892531481028e+09
1.709662894039524078e+09
1.709662895524110079e+09
1.709662897054953098e+09
1.709662898586339951e+09
1.709662900093488932e+09
1.709662901601506948e+09
1.709662903109219074e+09
1.709662904638968945e+09
1.709662906169992924e+09
1.709662907654187918e+09
1.709662909187567949e+09
1.709662910716219902e+09
1.709662912224184036e+09
1.709662913731729031e+09
1.709662915286509991e+09
1.709662916794079065e+09
1.709662918278512955e+09
1.709662919763254881e+09
1.709662921317461014e+09
1.709662922825794935e+09
1.709662924333957911e+09
1.709662925866617918e+09
1.709662927396919966e+09
1.709662928881854057e+09
1.709662930413604975e+09
1.709662931991420031e+09
1.709662933499237061e+09
1.709662934985003948e+09
1.709662936470273972e+09
1.709662938047624111e+09
1.709662939623950005e+09
1.709662941108850956e+09
1.709662942640230894e+09
1.709662944148952007e+09
1.709662945725641012e+09
1.709662947210421085e+09
1.709662948695261002e+09
1.709662950204134941e+09
1.709662951734131098e+09
1.709662953219118118e+09
1.709662954703747034e+09
1.709662956212048054e+09
1.709662957696705103e+09
1.709662959181824923e+09
1.709662960689882040e+09
1.709662962221046925e+09
1.709662963705646992e+09
1.709662965213756084e+09
1.709662966721385956e+09
1.709662968205776930e+09
1.709662969713774920e+09
1.709662971221422911e+09
1.709662972729079008e+09
1.709662974237181902e+09
1.709662975745129108e+09
1.709662977255806923e+09
1.709662978807625055e+09
1.709662980315995932e+09
1.709662981846546888e+09
1.709662983377716064e+09
1.709662984885977030e+09
1.709662986370245934e+09
1.709662987879933119e+09
1.709662989432429075e+09
1.709662990963493109e+09
1.709662992448137999e+09
1.709662994025476933e+09
1.709662995556639910e+09
1.709662997064327002e+09
1.709662998595416069e+09
1.709663000126247883e+09
1.709663001634144068e+09
1.709663003142080069e+09
1.709663004651259899e+09
1.709663006180946112e+09
1.709663007665767908e+09
1.709663009150506020e+09
1.709663010681679010e+09
1.709663012189531088e+09
1.709663013674330950e+09
1.709663015158896923e+09
1.709663016690402031e+09
1.709663018198466063e+09
1.709663019683531046e+09
1.709663021192389011e+09
1.709663022745389938e+09
1.709663024231959105e+09
1.709663025715182066e+09
1.709663027247688055e+09
1.709663028777754068e+09
1.709663030286487103e+09
1.709663031840182066e+09
1.709663033371293068e+09
1.709663034878623962e+09
1.709663036363173008e+09
1.709663037917068958e+09
1.709663039470545053e+09
1.709663041003706932e+09
1.709663042555656910e+09
1.709663044086555958e+09
1.709663045571131945e+09
1.709663047055417061e+09
1.709663048563016891e+09
1.709663050116940022e+09
1.709663051624902964e+09
1.709663053132940054e+09
1.709663054617584944e+09
1.709663056148503065e+09
1.709663057656238079e+09
1.709663059163933039e+09
1.709663060648402929e+09
1.709663062156328917e+09
1.709663063663928032e+09
1.709663065171602964e+09
1.709663066678920031e+09
1.709663068209656954e+09
1.709663069717694998e+09
1.709663071226197958e+09
1.709663072733531952e+09
1.709663074218221903e+09
1.709663075703212976e+09
1.709663077234297991e+09
1.709663078719515085e+09
1.709663080227313995e+09
1.709663081711868048e+09
1.709663083268115044e+09
1.709663084798305988e+09
1.709663086306194067e+09
1.709663087859946966e+09
1.709663089413875103e+09
1.709663090898607969e+09
1.709663092406348944e+09
1.709663093914525986e+09
1.709663095445558071e+09
1.709663096953483105e+09
1.709663098461328983e+09
1.709663099946023941e+09
1.709663101477133036e+09
1.709663102961749077e+09
1.709663104446780920e+09
1.709663105955676079e+09
1.709663107486428976e+09
1.709663108993724108e+09
1.709663110478575945e+09
1.709663112009675026e+09
1.709663113494514942e+09
1.709663114979372025e+09
1.709663116488491058e+09
1.709663118065200090e+09
1.709663119550163984e+09
1.709663121035763979e+09
1.709663122544524908e+09
1.709663124074911118e+09
1.709663125559884071e+09
1.709663127044799089e+09
1.709663128576153040e+09
1.709663130060770988e+09
1.709663131545891047e+09
1.709663133030785084e+09
1.709663134539443970e+09
1.709663136024214983e+09
1.709663137509133101e+09
1.709663139018913984e+09
1.709663140572150946e+09
1.709663142057445049e+09
1.709663143542433023e+09
1.709663145027311087e+09
1.709663146512217045e+09
1.709663147997286081e+09
1.709663149485126972e+09
1.709663151013401031e+09
1.709663152544994116e+09
1.709663154052903891e+09
1.709663155587364912e+09
1.709663157115509987e+09
1.709663158623658895e+09
1.709663160108469963e+09
1.709663161640818119e+09
1.709663163170535088e+09
1.709663164655571938e+09
1.709663166163443089e+09
1.709663167694103003e+09
1.709663169178543091e+09
1.709663170663189888e+09
1.709663172171144009e+09
1.709663173702140093e+09
1.709663175187175035e+09
1.709663176671483994e+09
1.709663178202384949e+09
1.709663179687082052e+09
1.709663181171838045e+09
1.709663182656514883e+09
1.709663184187727928e+09
1.709663185672477007e+09
1.709663187180490971e+09
1.709663188665328979e+09
1.709663190173122883e+09
1.709663191658035040e+09
1.709663193142946005e+09
1.709663194674101114e+09
1.709663196158993006e+09
1.709663197644042969e+09
1.709663199153229952e+09
1.709663200683219910e+09
1.709663202190994024e+09
1.709663203698715925e+09
1.709663205229996920e+09
1.709663206714791059e+09
1.709663208199837923e+09
1.709663209684277058e+09
1.709663211192580938e+09
1.709663212677305937e+09
1.709663214162019968e+09
1.709663215670979023e+09
1.709663217224360943e+09
1.709663218709038019e+09
1.709663220217143059e+09
1.709663221725079060e+09
1.709663223210352898e+09
1.709663224695323944e+09
1.709663226203428030e+09
1.709663227735301018e+09
1.709663229220045090e+09
1.709663230705045938e+09
1.709663232237829924e+09
1.709663233767837048e+09
1.709663235276082993e+09
1.709663236761265993e+09
1.709663238317640066e+09
1.709663239824290037e+09
1.709663241309422970e+09
1.709663242794436932e+09
1.709663244302582026e+09
1.709663245787811041e+09
1.709663247295833111e+09
1.709663248780128002e+09
1.709663250357745886e+09
1.709663251842490911e+09
1.709663253327351093e+09
1.709663254812027931e+09
1.709663256366188049e+09
1.709663257850815058e+09
1.709663259336358070e+09
1.709663260820142031e+09
1.709663262328109980e+09
1.709663263812848091e+09
1.709663265297555923e+09
1.709663266782118082e+09
1.709663268290292978e+09
1.709663269798438072e+09
1.709663271283193111e+09
1.709663272814340115e+09
1.709663274299423933e+09
1.709663275783924103e+09
1.709663277316471100e+09
1.709663278846299887e+09
1.709663280331187963e+09
1.709663281839250088e+09
1.709663283347620964e+09
1.709663284831520081e+09
1.709663286316128969e+09
1.709663287801218987e+09
1.709663289332030058e+09
1.709663290816864014e+09
1.709663292324935913e+09
1.709663293857269049e+09
1.709663295387581110e+09
1.709663296872189999e+09
1.709663298357182026e+09
1.709663299865134954e+09
1.709663301350033045e+09
1.709663302835125923e+09
1.709663304319700956e+09
1.709663305827789068e+09
1.709663307312520981e+09
1.709663308797430992e+09
1.709663310328581095e+09
1.709663311836819887e+09
1.709663313344631910e+09
1.709663314829437971e+09
1.709663316337523937e+09
1.709663317845434904e+09
1.709663319353323936e+09
1.709663320864017010e+09
1.709663322416209936e+09
1.709663323901545048e+09
1.709663325386868000e+09
1.709663326871527910e+09
1.709663328356779099e+09
1.709663329841934919e+09
1.709663331328126907e+09
1.709663332857953072e+09
1.709663334342634916e+09
1.709663335827382088e+09
1.709663337358690977e+09
1.709663338843476057e+09
1.709663340328155994e+09
1.709663341838057995e+09
1.709663343366986990e+09
1.709663344852181911e+09
1.709663346336483955e+09
1.709663347821014881e+09
1.709663349329063892e+09
1.709663350814601898e+09
1.709663352323358059e+09
1.709663353853285074e+09
1.709663355337110043e+09
1.709663356822925091e+09
1.709663358329427958e+09
1.709663359860488892e+09
1.709663361345422029e+09
1.709663362830187082e+09
1.709663364316488028e+09
1.709663365822899103e+09
1.709663367308003902e+09
1.709663368838944912e+09
1.709663370349735975e+09
1.709663371901493073e+09
1.709663373408830881e+09
1.709663374893650055e+09
1.709663376402271032e+09
1.709663377886635065e+09
1.709663379370940924e+09
1.709663380878814936e+09
1.709663382433157921e+09
1.709663383917941093e+09
1.709663385402688026e+09
1.709663386888276100e+09
1.709663388441282988e+09
1.709663389925878048e+09
1.709663391433764935e+09
1.709663392942122936e+09
1.709663394449543953e+09
1.709663395933923006e+09
1.709663397418438911e+09
1.709663398926074982e+09
1.709663400410775900e+09
1.709663401918595076e+09
1.709663403426445961e+09
1.709663404957803011e+09
1.709663406444312096e+09
1.709663407950391054e+09
1.709663409437405109e+09
1.709663410989479065e+09
1.709663412474097013e+09
1.709663413958704948e+09
1.709663415466159105e+09
1.709663416950406075e+09
1.709663418438129902e+09
1.709663419944228888e+09
1.709663421520172119e+09
1.709663423005018950e+09
1.709663424489828110e+09
1.709663425975836992e+09
1.709663427505585909e+09
1.709663428990258932e+09
1.709663430497941017e+09
1.709663432005413055e+09
1.709663433489897966e+09
1.709663434997503996e+09
1.709663436481642008e+09
1.709663437966023922e+09
1.709663439450654030e+09
1.709663440935924053e+09
1.709663442466242075e+09
1.709663443951186895e+09
1.709663445435924053e+09
1.709663446920764923e+09
1.709663448428670883e+09
1.709663449913436890e+09
1.709663451398154020e+09
1.709663452883660078e+09
1.709663454460460901e+09
1.709663455945336103e+09
1.709663457430022001e+09
1.709663458939562082e+09
1.709663460492209911e+09
1.709663461977060080e+09
1.709663463461561918e+09
1.709663464993942022e+09
1.709663466500545025e+09
1.709663467985999107e+09
1.709663469494848013e+09
1.709663471026066065e+09
1.709663472578905106e+09
1.709663474063663006e+09
1.709663475548537016e+09
1.709663477058506966e+09
1.709663478564227104e+09
1.709663480048979044e+09
1.709663481533498049e+09
1.709663483064918995e+09
1.709663484549813986e+09
1.709663486034543037e+09
1.709663487519387007e+09
1.709663489073869944e+09
1.709663490558994055e+09
1.709663492043612957e+09
1.709663493553090096e+09
1.709663495105892897e+09
1.709663496590539932e+09
1.709663498098350048e+09
1.709663499607729912e+09
1.709663501114655018e+09
1.709663502599622965e+09
1.709663504084491014e+09
1.709663505617413998e+09
1.709663507123836040e+09
1.709663508608885050e+09
1.709663510093288898e+09
1.709663511625607014e+09
1.709663513155590057e+09
1.709663514640228987e+09
1.709663516125224113e+09
1.709663517660731077e+09
1.709663519188956976e+09
1.709663520697144985e+09
1.709663522228310108e+09
1.709663523758790016e+09
1.709663525266520023e+09
1.709663526751764059e+09
1.709663528236859083e+09
1.709663529767960072e+09
1.709663531252662897e+09
1.709663532737557888e+09
1.709663534247409105e+09
1.709663535753787994e+09
1.709663537239329100e+09
1.709663538723887920e+09
1.709663540256860971e+09
1.709663541763499022e+09
1.709663543249358892e+09
1.709663544757534981e+09
1.709663546334028006e+09
1.709663547818973064e+09
1.709663549304019928e+09
1.709663550790643930e+09
1.709663552366605043e+09
1.709663553851733923e+09
1.709663555337197065e+09
1.709663556823609114e+09
1.709663558376576900e+09
1.709663559884706974e+09
1.709663561369396925e+09
1.709663562900789976e+09
1.709663564386217117e+09
1.709663565870436907e+09
1.709663567355194092e+09
1.709663568862814903e+09
1.709663570347466946e+09
1.709663571832308054e+09
1.709663573342401981e+09
1.709663574894882917e+09
1.709663576379928112e+09
1.709663577864933968e+09
1.709663579376166105e+09
1.709663580881844997e+09
1.709663582367208958e+09
1.709663583852158070e+09
1.709663585360215902e+09
1.709663586845037937e+09
1.709663588329814911e+09
1.709663589814659119e+09
1.709663591346008062e+09
1.709663592830822945e+09
1.709663594338871002e+09
1.709663595848061085e+09
1.709663597401731014e+09
1.709663598886432886e+09
1.709663600394092083e+09
1.709663601903578997e+09
1.709663603433304071e+09
1.709663604941452980e+09
1.709663606449460983e+09
1.709663607957456112e+09
1.709663609467094898e+09
1.709663610973841906e+09
1.709663612458703995e+09
1.709663613989922047e+09
1.709663615497422934e+09
1.709663616982099056e+09
1.709663618517451048e+09
1.709663620044378996e+09
1.709663621529881954e+09
1.709663623014466047e+09
1.709663624568167925e+09
1.709663626053046942e+09
1.709663627561153889e+09
1.709663629045958996e+09
1.709663630578073025e+09
1.709663632085104942e+09
1.709663633569785118e+09
1.709663635081197977e+09
1.709663636631948948e+09
1.709663638116780043e+09
1.709663639601661921e+09
1.709663641132864952e+09
1.709663642617561102e+09
1.709663644102525949e+09
1.709663645610121012e+09
1.709663647141032934e+09
1.709663648625432968e+09
1.709663650110320091e+09
1.709663651619736910e+09
1.709663653172872066e+09
1.709663654657381058e+09
1.709663656142299891e+09
1.709663657673487902e+09
1.709663659158495903e+09
1.709663660642898083e+09
1.709663662127743959e+09
1.709663663659137964e+09
1.709663665143707037e+09
1.709663666627933025e+09
1.709663668112399101e+09
1.709663669620307922e+09
1.709663671104882956e+09
1.709663672589258909e+09
1.709663674097096920e+09
1.709663675581458092e+09
1.709663677065913916e+09
1.709663678550368071e+09
1.709663680057832956e+09
1.709663681542213917e+09
1.709663683026860952e+09
1.709663684514384031e+09
1.709663686019397020e+09
1.709663687527237892e+09
1.709663689035797119e+09
1.709663690568267107e+09
1.709663692051090002e+09
1.709663693536314964e+09
1.709663695043937922e+09
1.709663696574826956e+09
1.709663698059767962e+09
1.709663699544651985e+09
1.709663701076282978e+09
1.709663702561048985e+09
1.709663704045972109e+09
1.709663705530843973e+09
1.709663707086378098e+09
1.709663708593667030e+09
1.709663710078751087e+09
1.709663711564034939e+09
1.709663713072360039e+09
1.709663714580368996e+09
1.709663716065263033e+09
1.709663717573340893e+09
1.709663719104530096e+09
1.709663720589454889e+09
1.709663722074312925e+09
1.709663723605535030e+09
1.709663725090431929e+09
1.709663726575423956e+09
1.709663728060241938e+09
1.709663729568233967e+09
1.709663731076188087e+09
1.709663732583992958e+09
1.709663734092845917e+09
1.709663735576860905e+09
1.709663737085073948e+09
1.709663738569586039e+09
1.709663740077761889e+09
1.709663741562439919e+09
1.709663743047557116e+09
1.709663744534245968e+09
1.709663746063827038e+09
1.709663747571831942e+09
1.709663749079703093e+09
1.709663750611260891e+09
1.709663752096514940e+09
1.709663753582330942e+09
1.709663755067167044e+09
1.709663756597789049e+09
1.709663758083137035e+09
1.709663759567446947e+09
1.709663761079932928e+09
1.709663762629951000e+09
1.709663764114583015e+09
1.709663765599283934e+09
1.709663767153362036e+09
1.709663768638175964e+09
1.709663770122544050e+09
1.709663771607209921e+09
1.709663773232614040e+09
1.709663774785933018e+09
1.709663776270555019e+09
1.709663777755537033e+09
1.709663779263773918e+09
1.709663780772187948e+09
1.709663782257397890e+09
1.709663783742186069e+09
1.709663785250268936e+09
1.709663786758578062e+09
1.709663788243412971e+09
1.709663789729768038e+09
1.709663791259901047e+09
1.709663792768043995e+09
1.709663794253165007e+09
1.709663795785691977e+09
1.709663797338861942e+09
1.709663798823447943e+09
1.709663800331684113e+09
1.709663801839931965e+09
1.709663803324616909e+09
1.709663804809278011e+09
1.709663806317013025e+09
1.709663807848318100e+09
1.709663809332710028e+09
1.709663810817276001e+09
1.709663812349298000e+09
1.709663813879424095e+09
1.709663815387006998e+09
1.709663816871505976e+09
1.709663818425637960e+09
1.709663819910073042e+09
1.709663821394575119e+09
1.709663822879183054e+09
1.709663824433347940e+09
1.709663825918384075e+09
1.709663827402576923e+09
1.709663828887320995e+09
1.709663830441379070e+09
1.709663831949117899e+09
1.709663833457007885e+09
1.709663834964871883e+09
1.709663836519500017e+09
1.709663838004108906e+09
1.709663839511905909e+09
1.709663841044106960e+09
1.709663842597203016e+09
1.709663844085052013e+09
1.709663845636634111e+09
1.709663847167254925e+09
1.709663848675131083e+09
1.709663850159888029e+09
1.709663851668246031e+09
1.709663853221667051e+09
1.709663854729772091e+09
1.709663856237915039e+09
1.709663857768930912e+09
1.709663859276925087e+09
1.709663860784526110e+09
1.709663862269171000e+09
1.709663863823476076e+09
1.709663865331290960e+09
1.709663866815951109e+09
1.709663868371459961e+09
1.709663869901303053e+09
1.709663871432737112e+09
1.709663872963278055e+09
1.709663874518528938e+09
1.709663876048346043e+09
1.709663877556436062e+09
1.709663879064176083e+09
1.709663880595930099e+09
1.709663882149266005e+09
1.709663883633846045e+09
1.709663885164710045e+09
1.709663886695885897e+09
1.709663888203947067e+09
1.709663889711915016e+09
1.709663891219779968e+09
1.709663892727561951e+09
1.709663894212522984e+09
1.709663895697966099e+09
1.709663897251478910e+09
1.709663898807456017e+09
1.709663900336731911e+09
1.709663901893026114e+09
1.709663903422245026e+09
1.709663904774656057e+09
