1.710542137145190954e+09
1.710542138651813030e+09
1.710542140135763884e+09
1.710542141689028025e+09
1.710542143195861101e+09
1.710542144681998014e+09
1.710542146186472893e+09
1.710542147693533897e+09
1.710542149177453995e+09
1.710542150661262035e+09
1.710542152168416023e+09
1.710542153652101040e+09
1.710542155159224987e+09
1.710542156690721035e+09
1.710542158196590900e+09
1.710542159680742979e+09
1.710542161164158106e+09
1.710542162671138048e+09
1.710542164178164005e+09
1.710542165685152054e+09
1.710542167193264008e+09
1.710542168722280979e+09
1.710542170229372978e+09
1.710542171713059902e+09
1.710542173243396044e+09
1.710542174750627995e+09
1.710542176257818937e+09
1.710542177743400097e+09
1.710542179249188900e+09
1.710542180779534101e+09
1.710542182286856890e+09
1.710542183794179916e+09
1.710542185301321030e+09
1.710542186784996033e+09
1.710542188292826891e+09
1.710542189822134018e+09
1.710542191305975914e+09
1.710542192789938927e+09
1.710542194320220947e+09
1.710542195827182055e+09
1.710542197334074020e+09
1.710542198842658997e+09
1.710542200394483089e+09
1.710542201901334047e+09
1.710542203385072947e+09
1.710542204914952993e+09
1.710542206398451090e+09
1.710542207882123947e+09
1.710542209390068054e+09
1.710542210919645071e+09
1.710542212426872969e+09
1.710542213910620928e+09
1.710542215417800903e+09
1.710542216901659012e+09
1.710542218408823967e+09
1.710542219916934013e+09
1.710542221422961950e+09
1.710542222929896116e+09
1.710542224436976910e+09
1.710542225967005014e+09
1.710542227473845959e+09
1.710542228957493067e+09
1.710542230464473009e+09
1.710542231948254108e+09
1.710542233455156088e+09
1.710542234985269070e+09
1.710542236515402079e+09
1.710542238022442102e+09
1.710542239529400110e+09
1.710542241036576986e+09
1.710542242519793987e+09
1.710542244003300905e+09
1.710542245510198116e+09
1.710542247017005920e+09
1.710542248500711918e+09
1.710542250007563114e+09
1.710542251491220951e+09
1.710542252998114109e+09
1.710542254504792929e+09
1.710542255988542080e+09
1.710542257495183945e+09
1.710542259001837969e+09
1.710542260508487940e+09
1.710542262015245914e+09
1.710542263498831987e+09
1.710542265007633924e+09
1.710542266511878967e+09
1.710542268064810991e+09
1.710542269571145058e+09
1.710542271078028917e+09
1.710542272631428957e+09
1.710542274137928009e+09
1.710542275623594999e+09
1.710542277105209112e+09
1.710542278612077951e+09
1.710542280095726967e+09
1.710542281602360010e+09
1.710542283109220028e+09
1.710542284592552900e+09
1.710542286076090097e+09
1.710542287583026886e+09
1.710542289089667082e+09
1.710542290596642971e+09
1.710542292103430033e+09
1.710542293633553028e+09
1.710542295140482903e+09
1.710542296624721050e+09
1.710542298133879900e+09
1.710542299661833048e+09
1.710542301168994904e+09
1.710542302678009033e+09
1.710542304207180977e+09
1.710542305759617090e+09
1.710542307289748907e+09
1.710542308796672106e+09
1.710542310303428888e+09
1.710542311810364962e+09
1.710542313317034006e+09
1.710542314800728083e+09
1.710542316285528898e+09
1.710542317791466951e+09
1.710542319275532961e+09
1.710542320759368896e+09
1.710542322289519072e+09
1.710542323796649933e+09
1.710542325303659916e+09
1.710542326833853960e+09
1.710542328340979099e+09
1.710542329848012924e+09
1.710542331355246067e+09
1.710542332862410069e+09
1.710542334346556902e+09
1.710542335853760004e+09
1.710542337384265900e+09
1.710542338891552925e+09
1.710542340421861887e+09
1.710542341929330111e+09
1.710542343436669111e+09
1.710542344920521975e+09
1.710542346427465916e+09
1.710542347934346914e+09
1.710542349441334009e+09
1.710542350948134899e+09
1.710542352455313921e+09
1.710542353939090967e+09
1.710542355446197033e+09
1.710542356930049896e+09
1.710542358460438967e+09
1.710542359967550039e+09
1.710542361474554062e+09
1.710542362981360912e+09
1.710542364465208054e+09
1.710542365972112894e+09
1.710542367479216099e+09
1.710542369009422064e+09
1.710542370539752960e+09
1.710542372046829939e+09
1.710542373554030895e+09
1.710542375061261892e+09
1.710542376568418980e+09
1.710542378052526951e+09
1.710542379605885983e+09
1.710542381136281967e+09
1.710542382643596888e+09
1.710542384173664093e+09
1.710542385657433987e+09
1.710542387141474962e+09
1.710542388648709059e+09
1.710542390155890942e+09
1.710542391663305044e+09
1.710542393170275927e+09
1.710542394700790882e+09
1.710542396184853077e+09
1.710542397668826103e+09
1.710542399153039932e+09
1.710542400660307884e+09
1.710542402167412996e+09
1.710542403697365999e+09
1.710542405204621077e+09
1.710542406688642025e+09
1.710542408196027040e+09
1.710542409704195023e+09
1.710542411234287024e+09
1.710542412741599083e+09
1.710542414249083042e+09
1.710542415779597998e+09
1.710542417310235977e+09
1.710542418817759991e+09
1.710542420349313974e+09
1.710542421901981115e+09
1.710542423385656118e+09
1.710542424869640112e+09
1.710542426400165081e+09
1.710542427884257078e+09
1.710542429368242979e+09
1.710542430876924992e+09
1.710542432382375956e+09
1.710542433889552116e+09
1.710542435396781921e+09
1.710542436903903008e+09
1.710542438388004065e+09
1.710542439895093918e+09
1.710542441379610062e+09
1.710542442885644913e+09
1.710542444392585993e+09
1.710542445899452925e+09
1.710542447429456949e+09
1.710542448913261890e+09
1.710542450396792889e+09
1.710542451881093979e+09
1.710542453410444975e+09
1.710542454893933058e+09
1.710542456400676012e+09
1.710542457884397984e+09
1.710542459391196966e+09
1.710542460897723913e+09
1.710542462382477999e+09
1.710542463911552906e+09
1.710542465418493032e+09
1.710542466925606012e+09
1.710542468409153938e+09
1.710542469916011095e+09
1.710542471422986984e+09
1.710542472953022003e+09
1.710542474459939957e+09
1.710542475966944933e+09
1.710542477473999023e+09
1.710542478980905056e+09
1.710542480487775087e+09
1.710542481994632959e+09
1.710542483478300095e+09
1.710542484985315084e+09
1.710542486491950989e+09
1.710542488022309065e+09
1.710542489529270887e+09
1.710542491036098957e+09
1.710542492543195009e+09
1.710542494050252914e+09
1.710542495557291985e+09
1.710542497064508915e+09
1.710542498572827101e+09
1.710542500101736069e+09
1.710542501608726025e+09
1.710542503115391970e+09
1.710542504645448923e+09
1.710542506175335884e+09
1.710542507705331087e+09
1.710542509190737963e+09
1.710542510718733072e+09
1.710542512248760939e+09
1.710542513755270004e+09
1.710542515285222054e+09
1.710542516815356016e+09
1.710542518322474957e+09
1.710542519829569101e+09
1.710542521313440084e+09
1.710542522797188997e+09
1.710542524304582119e+09
1.710542525811204910e+09
1.710542527318296909e+09
1.710542528825403929e+09
1.710542530337538958e+09
1.710542531862216949e+09
1.710542533369188070e+09
1.710542534876250982e+09
1.710542536383569956e+09
1.710542537890877008e+09
1.710542539421412945e+09
1.710542540929826021e+09
1.710542542459216118e+09
1.710542543966784000e+09
1.710542545450990915e+09
1.710542546935463905e+09
1.710542548466181993e+09
1.710542549973830938e+09
1.710542551505438089e+09
1.710542553034491062e+09
1.710542554541460037e+09
1.710542556048784971e+09
1.710542557578953981e+09
1.710542559086158037e+09
1.710542560569861889e+09
1.710542562076931953e+09
1.710542563584238052e+09
1.710542565068167925e+09
1.710542566575506926e+09
1.710542568059319973e+09
1.710542569566346884e+09
1.710542571050142050e+09
1.710542572557276964e+09
1.710542574041064978e+09
1.710542575548417091e+09
1.710542577056010962e+09
1.710542578586558104e+09
1.710542580070736885e+09
1.710542581601219893e+09
1.710542583131695986e+09
1.710542584639158964e+09
1.710542586123558998e+09
1.710542587630755901e+09
1.710542589137876987e+09
1.710542590645344973e+09
1.710542592152704954e+09
1.710542593706773996e+09
1.710542595214680910e+09
1.710542596722363949e+09
1.710542598229985952e+09
1.710542599806344032e+09
1.710542601313290119e+09
1.710542602820095062e+09
1.710542604373594999e+09
1.710542605880641937e+09
1.710542607387675047e+09
1.710542608894475937e+09
1.710542610401283979e+09
1.710542611931281090e+09
1.710542613438080072e+09
1.710542614968242884e+09
1.710542616498008966e+09
1.710542618004889965e+09
1.710542619511943102e+09
1.710542621018771887e+09
1.710542622525966883e+09
1.710542624009659052e+09
1.710542625539953947e+09
1.710542627047164917e+09
1.710542628554512024e+09
1.710542630061795950e+09
1.710542631568897963e+09
1.710542633075789928e+09
1.710542634583292007e+09
1.710542636113059998e+09
1.710542637619904041e+09
1.710542639103580952e+09
1.710542640633686066e+09
1.710542642163835049e+09
1.710542643671892881e+09
1.710542645154599905e+09
1.710542646661456108e+09
1.710542648191371918e+09
1.710542649698180914e+09
1.710542651182805061e+09
1.710542652688626051e+09
1.710542654218558073e+09
1.710542655725275040e+09
1.710542657258419991e+09
1.710542658762645006e+09
1.710542660246624947e+09
1.710542661730746031e+09
1.710542663237690926e+09
1.710542664744712114e+09
1.710542666251826048e+09
1.710542667735685110e+09
1.710542669245930910e+09
1.710542670726751089e+09
1.710542672234846115e+09
1.710542673763900042e+09
1.710542675247808933e+09
1.710542676754643917e+09
1.710542678261672020e+09
1.710542679768862963e+09
1.710542681252791882e+09
1.710542682760627985e+09
1.710542684290040970e+09
1.710542685797090054e+09
1.710542687304292917e+09
1.710542688811317921e+09
1.710542690318375111e+09
1.710542691825499058e+09
1.710542693333822966e+09
1.710542694839617014e+09
1.710542696323647022e+09
1.710542697830739975e+09
1.710542699407741070e+09
1.710542700891561985e+09
1.710542702398536921e+09
1.710542703882112026e+09
1.710542705388886929e+09
1.710542706895539999e+09
1.710542708402400970e+09
1.710542709909461975e+09
1.710542711416671991e+09
1.710542712900274992e+09
1.710542714407185078e+09
1.710542715960771084e+09
1.710542717467919111e+09
1.710542718974975109e+09
1.710542720482089996e+09
1.710542721989161015e+09
1.710542723496258020e+09
1.710542725004539013e+09
1.710542726533783913e+09
1.710542728017865896e+09
1.710542729501928091e+09
1.710542731009078026e+09
1.710542732515916109e+09
1.710542734023184061e+09
1.710542735555565119e+09
1.710542736533472061e+09
