1.709659960412363052e+09
1.709659962005069971e+09
1.709659963626528978e+09
1.709659964669229984e+09
1.709659971793576002e+09
1.709659973436139107e+09
1.709659974874037027e+09
1.709659977934462070e+09
1.709659979513483047e+09
1.709659981135137081e+09
1.709659982735920906e+09
1.709659984221342087e+09
1.709659985798607111e+09
1.709659987419797897e+09
1.709659988766663074e+09
1.709660111328677893e+09
1.709660112976275921e+09
1.709660114550786972e+09
1.709660116082138062e+09
1.709660117087359905e+09
1.709660125939982891e+09
1.709660127424026012e+09
1.709660128934201002e+09
1.709660130462774992e+09
1.709660131947505951e+09
1.709660133431502104e+09
1.709660134400005102e+09
1.709660156344371080e+09
1.709660157852118015e+09
1.709660159336684942e+09
1.709660160843782902e+09
1.709660162327970982e+09
1.709660163285751104e+09
1.709660174850632906e+09
1.709660176381509066e+09
1.709660177865262032e+09
1.709660179349539995e+09
1.709660180834196091e+09
1.709660182341160059e+09
1.709660182906713963e+09
1.709660191805562019e+09
1.709660193336025000e+09
1.709660194820175886e+09
1.709660196304557085e+09
1.709660197789880037e+09
1.709660199319696903e+09
1.709660200827203989e+09
1.709660202312020063e+09
1.709660203644681931e+09
1.709660257400693893e+09
1.709660258908600092e+09
1.709660260416317940e+09
1.709660261900823116e+09
1.709660263385422945e+09
1.709660264869908094e+09
1.709660266355736017e+09
1.709660267332030058e+09
1.709660275121792078e+09
1.709660276605998993e+09
1.709660278136743069e+09
1.709660279621279001e+09
1.709660280923804998e+09
1.709666467890525103e+09
1.709666469374757051e+09
1.709666470859486103e+09
1.709666472367208004e+09
1.709666473851448059e+09
1.709666474411629915e+09
1.709666488048793077e+09
1.709666489533613920e+09
1.709666491018556118e+09
1.709666492503451109e+09
1.709666493462049961e+09
1.709666500762955904e+09
1.709666502271092892e+09
1.709666503756266117e+09
1.709666505241100073e+09
1.709666506726129055e+09
1.709666508210906982e+09
1.709666509720366001e+09
1.709666511296252966e+09
1.709666512780936956e+09
1.709666513712404966e+09
1.709666595237371922e+09
1.709666596720973015e+09
1.709666598204987049e+09
1.709666599689155102e+09
1.709666600644109011e+09
1.709666607480447054e+09
1.709666608987860918e+09
1.709666610471985102e+09
1.709666611979410887e+09
1.709666613463340998e+09
1.709666614947371960e+09
1.709666615878346920e+09
1.709666621812026024e+09
1.709666623348303080e+09
1.709666624825608969e+09
1.709666626309536934e+09
1.709666627816802979e+09
1.709666628378108025e+09
1.709666635306830883e+09
1.709666636790947914e+09
1.709666638276420116e+09
1.709666639851500034e+09
1.709666641335397005e+09
1.709666642266695023e+09
1.709666682725377083e+09
1.709666684208456993e+09
1.709666685692955017e+09
1.709666687201278925e+09
1.709666688706928015e+09
1.709666690190871000e+09
1.709666691674861908e+09
1.709666693158919096e+09
1.709666694643300056e+09
1.709666696127182961e+09
1.709666697082415104e+09
1.709666776118565083e+09
1.709666777625261068e+09
1.709666779109147072e+09
1.709666780593210936e+09
1.709666782100332022e+09
1.709666783057005882e+09
1.709666794181005955e+09
1.709666795665007114e+09
1.709666797149244070e+09
1.709666798656491041e+09
1.709666800140675068e+09
1.709666801624687910e+09
1.709666803132117987e+09
1.709666804662483931e+09
1.709666806146423101e+09
1.709666807630731106e+09
1.709666809114343882e+09
1.709666810621381998e+09
1.709666812105494022e+09
1.709666813612678051e+09
1.709666815121373892e+09
1.709666816650408030e+09
1.709666818134186029e+09
1.709666819617830992e+09
1.709666820971349955e+09
1.709666831397499084e+09
1.709666832901930094e+09
1.709666834386415958e+09
1.709666835870553970e+09
1.709666836058670044e+09
1.709666844169754982e+09
1.709666845653156042e+09
1.709666847138163090e+09
1.709666848666531086e+09
1.709666850150258064e+09
1.709666851634365082e+09
1.709666852570939064e+09
1.709666859587574005e+09
1.709666861094100952e+09
1.709666862577585936e+09
1.709666864084517956e+09
1.709666865568145037e+09
1.709666866151621103e+09
1.709666997627846003e+09
1.709666999110739946e+09
1.709667000619086981e+09
1.709667001920042038e+09
1.709667009777553082e+09
1.709667011284457922e+09
1.709667012768181086e+09
1.709667014251935005e+09
1.709667014811630011e+09
1.709667023086333990e+09
1.709667024571507931e+09
1.709667026077903986e+09
1.709667027629499912e+09
1.709667028189786911e+09
1.709667066685841084e+09
1.709667068170017958e+09
1.709667069655181885e+09
1.709667071207961082e+09
1.709667072692127943e+09
1.709667074176552057e+09
1.709667075506474972e+09
1.709667147226042986e+09
1.709667148709628105e+09
1.709667150193403959e+09
1.709667151700417995e+09
1.709667153184417963e+09
1.709667154669260979e+09
1.709667156152239084e+09
1.709667157659523964e+09
1.709667158594110966e+09
1.709667166607880116e+09
1.709667168114773989e+09
1.709667169644618988e+09
1.709667171267683029e+09
1.709667172751461983e+09
1.709667174282275915e+09
1.709667175765670061e+09
1.709667177249263048e+09
1.709667178756189108e+09
1.709667180286915064e+09
1.709667181793389082e+09
1.709667183300412893e+09
1.709667184807614088e+09
1.709667186291187048e+09
1.709667187775342941e+09
1.709667189258949995e+09
1.709667190765909910e+09
1.709667192273515940e+09
1.709667193780909061e+09
1.709667195286961079e+09
1.709667196794104099e+09
1.709667198278732061e+09
1.709667199808512926e+09
1.709667201315857887e+09
1.709667202824716091e+09
1.709667204330369949e+09
1.709667205860553026e+09
1.709667207367985964e+09
1.709667208852169037e+09
1.709667210359206915e+09
1.709667211866410971e+09
1.709667213350415945e+09
1.709667214834505081e+09
1.709667216366859913e+09
1.709667217941696882e+09
1.709667219472918987e+09
1.709667220449316025e+09
1.709667241429594994e+09
1.709667242960104942e+09
1.709667244443623066e+09
1.709667245927541018e+09
1.709667247411465883e+09
1.709667248964379072e+09
1.709667249894675970e+09
1.709667255989039898e+09
1.709667257495867968e+09
1.709667259003084898e+09
1.709667260487446070e+09
1.709667261970854998e+09
1.709667263594057083e+09
1.709667265124567032e+09
1.709667266608584881e+09
1.709667268092749119e+09
1.709667269601393938e+09
1.709667271153696060e+09
1.709667272638164997e+09
1.709667274144422054e+09
1.709667275651923895e+09
1.709667277135943890e+09
1.709667278619704008e+09
1.709667280103871107e+09
1.709667281611016989e+09
1.709667283095172882e+09
1.709667284579145908e+09
1.709667286064429998e+09
1.709667287616542101e+09
1.709667289100768089e+09
1.709667290654165030e+09
1.709667292138204098e+09
1.709667293622062922e+09
1.709667295106358051e+09
1.709667296591671944e+09
1.709667298121009111e+09
1.709667299628228903e+09
1.709667301112829924e+09
1.709667302667503119e+09
1.709667304196616888e+09
1.709667305703618050e+09
1.709667307187582970e+09
1.709667308695213079e+09
1.709667310295610905e+09
1.709667311847914934e+09
1.709667313331965923e+09
1.709667314816140890e+09
1.709667316324924946e+09
1.709667317853998899e+09
1.709667319338301897e+09
1.709667320845679045e+09
1.709667322329763889e+09
1.709667323813879013e+09
1.709667325298249006e+09
1.709667326806624889e+09
1.709667328405613899e+09
1.709667329912653923e+09
1.709667331420056105e+09
1.709667332952018976e+09
1.709667334550829887e+09
1.709667336081455946e+09
1.709667337588519096e+09
1.709667339095443964e+09
1.709667340602277994e+09
1.709667342109426022e+09
1.709667343616568089e+09
1.709667345148910999e+09
1.709667346723772049e+09
1.709667348207906961e+09
1.709667349715174913e+09
1.709667351222434044e+09
1.709667352799470901e+09
1.709667354306721926e+09
1.709667355814057112e+09
1.709667357298274040e+09
1.709667358851907015e+09
1.709667360359639883e+09
1.709667361889635086e+09
1.709667363373487949e+09
1.709667364880848885e+09
1.709667366388386011e+09
1.709667367896316051e+09
1.709667369402837038e+09
1.709667370911740065e+09
1.709667372418034077e+09
1.709667373948293924e+09
1.709667375455517054e+09
1.709667376963124037e+09
1.709667378448481083e+09
1.709667379977235079e+09
1.709667381484455109e+09
1.709667382991498947e+09
1.709667384545322895e+09
1.709667386052534103e+09
1.709667387559732914e+09
1.709667389066910982e+09
1.709667390620374918e+09
1.709667392127803087e+09
1.709667393658171892e+09
1.709667395190471888e+09
1.709667396696223974e+09
1.709667398203607082e+09
1.709667399710968018e+09
1.709667401264684916e+09
1.709667402748833895e+09
1.709667404232970953e+09
1.709667405740495920e+09
1.709667407270945072e+09
1.709667408755002022e+09
1.709667410262145042e+09
1.709667411816412926e+09
1.709667413323178053e+09
1.709667414830611944e+09
1.709667416338715076e+09
1.709667417868710041e+09
1.709667419422689915e+09
1.709667420195446014e+09
1.709667461566232920e+09
1.709667463050324917e+09
1.709667464558418989e+09
1.709667466064660072e+09
1.709667467572114944e+09
1.709667469056586027e+09
1.709667470540642023e+09
1.709667471472620010e+09
1.709667518844531059e+09
1.709667520328586102e+09
1.709667521836209059e+09
1.709667523343570948e+09
1.709667524850718975e+09
1.709667526334775925e+09
1.709667527661534071e+09
1.709667563202195883e+09
1.709667564686068058e+09
1.709667566169805050e+09
1.709667567748739004e+09
1.709667569277753115e+09
1.709667570762070894e+09
1.709667572246236086e+09
1.709667573752994061e+09
1.709667573942173958e+09
1.709667602881047010e+09
1.709667604388134956e+09
1.709667605871820927e+09
1.709667607401995897e+09
1.709667608909365892e+09
1.709667610393121004e+09
1.709667611878070116e+09
1.709667612856364965e+09
1.709667625559484005e+09
1.709667627066586971e+09
1.709667628551808119e+09
1.709667630080987930e+09
1.709667631565037012e+09
1.709667632125058889e+09
1.709667639242211103e+09
1.709667640772125959e+09
1.709667642256162882e+09
1.709667643740930080e+09
1.709667645272159100e+09
1.709667646801290989e+09
1.709667647735348940e+09
1.709667656982511997e+09
1.709667658489764929e+09
1.709667659974160910e+09
1.709667661504029036e+09
1.709667662987867117e+09
1.709667664474838018e+09
1.709667665956082106e+09
1.709667667486692905e+09
1.709667668812246084e+09
1.709667678873194933e+09
1.709667680380537987e+09
1.709667681864645004e+09
1.709667683371887922e+09
1.709667684856118917e+09
1.709667686340176105e+09
1.709667687848329067e+09
1.709667689355799913e+09
1.709667690861913919e+09
1.709667692345845938e+09
1.709667693853331089e+09
1.709667695337410927e+09
1.709667696821698904e+09
1.709667698305687904e+09
1.709667699836318016e+09
1.709667701320359945e+09
1.709667702804400921e+09
1.709667704288327932e+09
1.709667705795917034e+09
1.709667707279568911e+09
1.709667708764130116e+09
1.709667710294914961e+09
1.709667711777760029e+09
1.709667713261933088e+09
1.709667714746159077e+09
1.709667716299566031e+09
1.709667717784706116e+09
1.709667719268232107e+09
1.709667720774327993e+09
1.709667721728868961e+09
1.709672325409702063e+09
1.709672334496897936e+09
1.709672335981173992e+09
1.709672337511847019e+09
1.709672338071830034e+09
1.709672344027992010e+09
1.709672345512816906e+09
1.709672346997293949e+09
1.709672348503966093e+09
1.709672349987356901e+09
1.709672350918519020e+09
1.709672356690161943e+09
1.709672358174048901e+09
1.709672359681027889e+09
1.709672361188240051e+09
1.709672362672172070e+09
1.709672364295129061e+09
1.709672365802102089e+09
1.709672367310125113e+09
1.709672368795605898e+09
1.709672370348370075e+09
1.709672371832370996e+09
1.709672373339375973e+09
1.709672374847929001e+09
1.709672376354545116e+09
1.709672377838242054e+09
1.709672379321408033e+09
1.709672380829279900e+09
1.709672382335778952e+09
1.709672383842765093e+09
1.709672385326608896e+09
1.709672386905165911e+09
1.709672388434063911e+09
1.709672389370306015e+09
1.709672577605473042e+09
1.709672579112608910e+09
1.709672580620353937e+09
1.709672582175395966e+09
1.709672583174856901e+09
1.709672591638843060e+09
1.709672593123753071e+09
1.709672594631550074e+09
1.709672596115993023e+09
1.709672597600573063e+09
1.709672599086858034e+09
1.709672600615850925e+09
1.709672602100117922e+09
1.709672602660123110e+09
1.709672608316498995e+09
1.709672609800736904e+09
1.709672611355628967e+09
1.709672612861114979e+09
1.709672614369987965e+09
1.709672616015813112e+09
1.709672617523061037e+09
1.709672619007761002e+09
1.709672620515549898e+09
1.709672622000057936e+09
1.709672623509938002e+09
1.709672624992048979e+09
1.709672626547749996e+09
1.709672628030653954e+09
1.709672629515130997e+09
1.709672631022988081e+09
1.709672632555321932e+09
1.709672634039345026e+09
1.709672635525523901e+09
1.709672637008789062e+09
1.709672638562673092e+09
1.709672640046659946e+09
1.709672641531975985e+09
1.709672643015201092e+09
1.709672644546228886e+09
1.709672646030898094e+09
1.709672647515630007e+09
1.709672649022672892e+09
1.709672650508115053e+09
1.709672651993087053e+09
1.709672653501405001e+09
1.709672655031464100e+09
1.709672656516510010e+09
1.709672658001111984e+09
1.709672659485649109e+09
1.709672660969573021e+09
1.709672662454873085e+09
1.709672663939378023e+09
1.709672665491748095e+09
1.709672667001306057e+09
1.709672668507966042e+09
1.709672670013318062e+09
1.709672671589368105e+09
1.709672673096385002e+09
1.709672674580457926e+09
1.709672676089528084e+09
1.709672677641652107e+09
1.709672679148972034e+09
1.709672680497771978e+09
1.709672693017237902e+09
1.709672694522969007e+09
1.709672696007097006e+09
1.709672697495198965e+09
1.709672698998631954e+09
1.709672700505045891e+09
1.709672702105698109e+09
1.709672703590357065e+09
1.709672705143889904e+09
1.709672706673472881e+09
1.709672708180169106e+09
1.709672709711431026e+09
1.709672711218545914e+09
1.709672712725867033e+09
1.709672713911024094e+09
