1.701355168630459070e+09
1.701355169956372976e+09
1.701355171265873909e+09
1.701355172582113981e+09
1.701355173947554111e+09
1.701355175267579079e+09
1.701355176578123093e+09
1.701355177891727924e+09
1.701355179330218077e+09
1.701355180178334951e+09
1.701355185767304897e+09
1.701355187436156988e+09
1.701355189118978024e+09
1.701355190848027945e+09
1.701355192594038963e+09
1.701355193709063053e+09
1.701355267964453936e+09
1.701355268104633093e+09
1.701355272691945076e+09
1.701355274364943027e+09
1.701355276058475018e+09
1.701355277819664955e+09
1.701355279546756029e+09
1.701355281216404915e+09
1.701355281794450998e+09
1.701355301109594107e+09
1.701355302777964115e+09
1.701355304447128057e+09
1.701355306185916901e+09
1.701355306800040960e+09
1.701355314599391937e+09
1.701355316272268057e+09
1.701355317940686941e+09
1.701355318569690943e+09
