1.709929229144906998e+09
1.709929232706330061e+09
1.709929236441962957e+09
1.709929240177221060e+09
1.709929243913727999e+09
1.709929247647887945e+09
1.709929251383320093e+09
1.709929255119113922e+09
1.709929258852755070e+09
1.709929262589095116e+09
1.709929266324337959e+09
1.709929270058815956e+09
1.709929273819216967e+09
1.709929277552983046e+09
1.709929281288110971e+09
1.709929285024768114e+09
1.709929288781441927e+09
1.709929292544028044e+09
1.709929296274887085e+09
1.709929300008932114e+09
1.709929303744926929e+09
1.709929307478255987e+09
1.709929311213083029e+09
1.709929314949353933e+09
1.709929318707076073e+09
1.709929322469795942e+09
1.709929326200382948e+09
1.709929329934839964e+09
1.709929333671478033e+09
1.709929337404505014e+09
1.709929341163688898e+09
1.709929344900536060e+09
1.709929348636470079e+09
1.709929352372256041e+09
1.709929356134795904e+09
1.709929359868565083e+09
1.709929363606245995e+09
1.709929367342829943e+09
1.709929371079349995e+09
1.709929374816458941e+09
1.709929378575583935e+09
1.709929382313112974e+09
1.709929386073488951e+09
1.709929389810662985e+09
1.709929393547451973e+09
1.709929397283813000e+09
1.709929401018707037e+09
1.709929404754801989e+09
1.709929408488182068e+09
1.709929412228540897e+09
1.709929415957142115e+09
1.709929419702689886e+09
1.709929423453607082e+09
1.709929427206690073e+09
1.709929430940608025e+09
1.709929434676851034e+09
1.709929438433212042e+09
1.709929442167645931e+09
1.709929445901983023e+09
1.709929449637047052e+09
1.709929453370234966e+09
1.709929457103629112e+09
1.709929460861633062e+09
1.709929464596662998e+09
1.709929468331990957e+09
1.709929472063627005e+09
1.709929475799609900e+09
1.709929479533355951e+09
1.709929483268112898e+09
1.709929486637262106e+09
1.709929490199712038e+09
1.709929493642576933e+09
1.709929497115495920e+09
1.709929500845664024e+09
1.709929504602271080e+09
1.709929508336945057e+09
1.709929512071520090e+09
1.709929515806168079e+09
1.709929519540308952e+09
1.709929523272962093e+09
1.709929527006899118e+09
1.709929530623399019e+09
1.709929533974392891e+09
1.709929537633328915e+09
1.709929541368514061e+09
1.709929545121598959e+09
1.709929548856676102e+09
1.709929552572289944e+09
1.709929556326210976e+09
1.709929560060523033e+09
1.709929563818679094e+09
1.709929567552531958e+09
1.709929571289484978e+09
1.709929575044295073e+09
1.709929578779402018e+09
1.709929582513375998e+09
1.709929586246723890e+09
1.709929589980549097e+09
1.709929593715648890e+09
1.709929597447964907e+09
1.709929601184385061e+09
1.709929604939773083e+09
1.709929608674144030e+09
1.709929612409616947e+09
1.709929616141180992e+09
1.709929619875140905e+09
1.709929623609812975e+09
1.709929627367264032e+09
1.709929631103751898e+09
1.709929634836214066e+09
1.709929638594254017e+09
1.709929642329436064e+09
1.709929646062810898e+09
1.709929649796561956e+09
1.709929653531112909e+09
1.709929657265683889e+09
1.709929661001091957e+09
1.709929664740104914e+09
1.709929668469944954e+09
1.709929671995539904e+09
1.709929675406403065e+09
1.709929679142604113e+09
1.709929682876831055e+09
1.709929686248064041e+09
1.709929689789218903e+09
1.709929693523164034e+09
1.709929696907851934e+09
1.709929700461282015e+09
1.709929704194571018e+09
1.709929707927618027e+09
1.709929711661118984e+09
1.709929715400769949e+09
1.709929719129982948e+09
1.709929722863305092e+09
1.709929726599622965e+09
1.709929730332689047e+09
1.709929734089739084e+09
1.709929737827847958e+09
1.709929741558846951e+09
1.709929745292402029e+09
1.709929749030771017e+09
1.709929752761727095e+09
1.709929756146774054e+09
1.709929759699793100e+09
1.709929763434216022e+09
1.709929767164619923e+09
1.709929770923990965e+09
1.709929774655118942e+09
1.709929778393817902e+09
1.709929782122560024e+09
1.709929785748713970e+09
1.709929789100647926e+09
1.709929792765985966e+09
1.709929796521805048e+09
1.709929800255599022e+09
1.709929803992105007e+09
1.709929807725461960e+09
1.709929811457418919e+09
1.709929815190532923e+09
1.709929818926953077e+09
1.709929822553420067e+09
1.709929825973746061e+09
1.709929826637839079e+09
1.709931213211503983e+09
1.709931214697658062e+09
1.709931216228080034e+09
1.709931217761116028e+09
1.709931219385246038e+09
1.709931220986114025e+09
1.709931222587585926e+09
1.709931224212716103e+09
1.709931225812958002e+09
1.709931227413630009e+09
1.709931229062102079e+09
1.709931230685760021e+09
1.709931232287436008e+09
1.709931233912074089e+09
1.709931235535952091e+09
1.709931237161287069e+09
1.709931238784848928e+09
1.709931240387187958e+09
1.709931241988542080e+09
1.709931243612302065e+09
1.709931245213563919e+09
1.709931246815404892e+09
1.709931248439754963e+09
1.709931250064977884e+09
1.709931251667006969e+09
1.709931253290685892e+09
1.709931254916070938e+09
1.709931256540160894e+09
1.709931258144138098e+09
1.709931259743688107e+09
1.709931261368381977e+09
1.709931262992079020e+09
1.709931264593401909e+09
1.709931266195358992e+09
1.709931267818711042e+09
1.709931269442125082e+09
1.709931271043447971e+09
1.709931272644068956e+09
1.709931274268668890e+09
1.709931275893857002e+09
1.709931277495425940e+09
1.709931279119791031e+09
1.709931280744719028e+09
1.709931282368892908e+09
1.709931284016813040e+09
1.709931285618652105e+09
1.709931287242827892e+09
1.709931288867841959e+09
1.709931290469712019e+09
1.709931292093921900e+09
1.709931293719047070e+09
1.709931295343344927e+09
1.709931296968199968e+09
1.709931298591929913e+09
1.709931300193304062e+09
1.709931301795237064e+09
1.709931303417664051e+09
1.709931305018547058e+09
1.709931306642554998e+09
1.709931308266577005e+09
1.709931309866436958e+09
1.709931311467504978e+09
1.709931313091830969e+09
1.709931314715632915e+09
1.709931316316287041e+09
1.709931317940412998e+09
1.709931319564421892e+09
1.709931321188219070e+09
1.709931322813110113e+09
1.709931324436259031e+09
1.709931326083627939e+09
1.709931327707608938e+09
1.709931329308614969e+09
1.709931330932665110e+09
1.709931332557549000e+09
1.709931334181168079e+09
1.709931335806080103e+09
1.709931337430361032e+09
1.709931339055254936e+09
1.709931340680311918e+09
1.709931342304738998e+09
1.709931343906037092e+09
1.709931345531055927e+09
1.709931347155993938e+09
1.709931348756900072e+09
1.709931350359230995e+09
1.709931351983886003e+09
1.709931353585575104e+09
1.709931355187423944e+09
1.709931356789052010e+09
1.709931358414084911e+09
1.709931360040009975e+09
1.709931361641347885e+09
1.709931363266591072e+09
1.709931364891633034e+09
1.709931366515891075e+09
1.709931368116971970e+09
1.709931369717652082e+09
1.709931371341490984e+09
1.709931372965388060e+09
1.709931374566266060e+09
1.709931376190463066e+09
1.709931377814611912e+09
1.709931379439799070e+09
1.709931381039529085e+09
1.709931382640726089e+09
1.709931384242048025e+09
1.709931385865339994e+09
1.709931387466367006e+09
1.709931389067869902e+09
1.709931390669018030e+09
1.709931392292964935e+09
1.709931393893470049e+09
1.709931395493380070e+09
1.709931397093888998e+09
1.709931398717772007e+09
1.709931400318881989e+09
1.709931401919784069e+09
1.709931403543678999e+09
1.709931405167061090e+09
1.709931406790900946e+09
1.709931408392031908e+09
1.709931410015389919e+09
1.709931411639683962e+09
1.709931413192775965e+09
1.709931414677443027e+09
1.709931416163783073e+09
1.709931417694742918e+09
1.709931419318773985e+09
1.709931420920036077e+09
1.709931422519330978e+09
1.709931424121077061e+09
1.709931425744899035e+09
1.709931427345647097e+09
1.709931428946541071e+09
1.709931430570699930e+09
1.709931432194791079e+09
1.709931433819466114e+09
1.709931435419946909e+09
1.709931437044224024e+09
1.709931438667850971e+09
1.709931440268502951e+09
1.709931441892587900e+09
1.709931443493473053e+09
1.709931445116854906e+09
1.709931446716973066e+09
1.709931448340564966e+09
1.709931449941169024e+09
1.709931451565211058e+09
1.709931453188517094e+09
1.709931454789205074e+09
1.709931456413537025e+09
1.709931458036621094e+09
1.709931459637810946e+09
1.709931461262017965e+09
1.709931462885879993e+09
1.709931464509108067e+09
1.709931466109337091e+09
1.709931467733261108e+09
1.709931469357440948e+09
1.709931470983860970e+09
1.709931472581381083e+09
1.709931474182094097e+09
1.709931475805748940e+09
1.709931477429455042e+09
1.709931479030797005e+09
1.709931480654031038e+09
1.709931482278023005e+09
1.709931483878108978e+09
1.709931485478879929e+09
1.709931487080220938e+09
1.709931488703772068e+09
1.709931490327610970e+09
1.709931491928473949e+09
1.709931493528815031e+09
1.709931495152687073e+09
1.709931496776628017e+09
1.709931498400729895e+09
1.709931500001307011e+09
1.709931501626208067e+09
1.709931503249103069e+09
1.709931504849783897e+09
1.709931506450750113e+09
1.709931508050983906e+09
1.709931509673751116e+09
1.709931511275571108e+09
1.709931512875901937e+09
1.709931514499639988e+09
1.709931516123625994e+09
1.709931517724438906e+09
1.709931519324995041e+09
1.709931520949512005e+09
1.709931522572673082e+09
1.709931524173327923e+09
1.709931525774214029e+09
1.709931527397325039e+09
1.709931529021526098e+09
1.709931530645277023e+09
1.709931532245502949e+09
1.709931533892715931e+09
1.709931535516745090e+09
1.709931537140402079e+09
1.709931538764264107e+09
1.709931540364624977e+09
1.709931541988162041e+09
1.709931543589406967e+09
1.709931545190027952e+09
1.709931546813590050e+09
1.709931548438383102e+09
1.709931550063483000e+09
1.709931551662570953e+09
1.709931553285296917e+09
1.709931554909013987e+09
1.709931556509898901e+09
1.709931558110538006e+09
1.709931559734229088e+09
1.709931561357913971e+09
1.709931562959482908e+09
1.709931564558974981e+09
1.709931566183279991e+09
1.709931567806113958e+09
1.709931569406289101e+09
1.709931571006695986e+09
1.709931572630582094e+09
1.709931574254628897e+09
1.709931575877929926e+09
1.709931577502499104e+09
1.709931579125797987e+09
1.709931580749546051e+09
1.709931582350641012e+09
1.709931583952045918e+09
1.709931585574285030e+09
1.709931587198715925e+09
1.709931588798645973e+09
1.709931590399619102e+09
1.709931592023121119e+09
1.709931593646179914e+09
1.709931595270725965e+09
1.709931596893858910e+09
1.709931598516590118e+09
1.709931600140589952e+09
1.709931601740667105e+09
1.709931603365365982e+09
1.709931604989355087e+09
1.709931606612624884e+09
1.709931608212582111e+09
1.709931609813463926e+09
1.709931611437726021e+09
1.709931613061156988e+09
1.709931614661571026e+09
1.709931616262607098e+09
1.709931617886789083e+09
1.709931619533998966e+09
1.709931621135093927e+09
1.709931622759042025e+09
1.709931624383362055e+09
1.709931626007921934e+09
1.709931627609373093e+09
1.709931629208507061e+09
1.709931630831864119e+09
1.709931632455930948e+09
1.709931634055954933e+09
1.709931635680656910e+09
1.709931637303289890e+09
1.709931638926786900e+09
1.709931640527652979e+09
1.709931642151514053e+09
1.709931643775240898e+09
1.709931645422024012e+09
1.709931647046108007e+09
1.709931648669433117e+09
1.709931650293342113e+09
1.709931651916886091e+09
1.709931653517389059e+09
1.709931655141129971e+09
1.709931656765702963e+09
1.709931658389121056e+09
1.709931659989078045e+09
1.709931661613336086e+09
1.709931663237107992e+09
1.709931664860896111e+09
1.709931666461744070e+09
1.709931668061440945e+09
1.709931669686208010e+09
1.709931671310167074e+09
1.709931672910603046e+09
1.709931674511277914e+09
1.709931676134500027e+09
1.709931677758652925e+09
1.709931679382481098e+09
1.709931680982892036e+09
1.709931682584181070e+09
1.709931684207712889e+09
1.709931685831152916e+09
1.709931687432205915e+09
1.709931689055896044e+09
1.709931690679471016e+09
1.709931692280370951e+09
1.709931693904423952e+09
1.709931695505552053e+09
1.709931697128748894e+09
1.709931698729679108e+09
1.709931700329878092e+09
1.709931701954472065e+09
1.709931703577996016e+09
1.709931705200970888e+09
1.709931706753899097e+09
1.709931708238396883e+09
1.709931709722966909e+09
1.709931711231831074e+09
1.709931712832468033e+09
1.709931714433159113e+09
1.709931716057313919e+09
1.709931717681521893e+09
1.709931719304810047e+09
1.709931720928446054e+09
1.709931722528537035e+09
1.709931724129937887e+09
1.709931725754307032e+09
1.709931727378297091e+09
1.709931729002573967e+09
1.709931730627480984e+09
1.709931732227658033e+09
1.709931733828628063e+09
1.709931735452476978e+09
1.709931737075968981e+09
1.709931738677134037e+09
1.709931740277190924e+09
1.709931741901582003e+09
1.709931743525579929e+09
1.709931745149488926e+09
1.709931746772619963e+09
1.709931748396338940e+09
1.709931750020545959e+09
1.709931751621615887e+09
1.709931753223947048e+09
1.709931754846446991e+09
1.709931756469693899e+09
1.709931758069749117e+09
1.709931759670121908e+09
1.709931761293895006e+09
1.709931762918560982e+09
1.709931764518116951e+09
1.709931766141386032e+09
1.709931767765002012e+09
1.709931769388485909e+09
1.709931771035924911e+09
1.709931772636054993e+09
1.709931774236826897e+09
1.709931775837856054e+09
1.709931777438504934e+09
1.709931779039294004e+09
1.709931780663130999e+09
1.709931782287377119e+09
1.709931783911425114e+09
1.709931785534779072e+09
1.709931787158539057e+09
1.709931788759462118e+09
1.709931790360008955e+09
1.709931791984642982e+09
1.709931793584382057e+09
1.709931795208301067e+09
1.709931796761545897e+09
1.709931798246339083e+09
1.709931799731365919e+09
1.709931801263906956e+09
1.709931802888485909e+09
1.709931804487988949e+09
1.709931806089312077e+09
1.709931807713126898e+09
1.709931809337181091e+09
1.709931810913158894e+09
1.709931812398252010e+09
1.709931812587199926e+09
