1.711492998571059942e+09
1.711493000727953911e+09
1.711493002930406094e+09
1.711493005157305956e+09
1.711493007385802984e+09
1.711493009635001898e+09
1.711493011885313034e+09
1.711493014086580038e+09
1.711493016266139030e+09
1.711493018494282961e+09
1.711493020695067883e+09
1.711493022920346975e+09
1.711493025056837082e+09
1.711493027212435007e+09
1.711493029417185068e+09
1.711493031573326111e+09
1.711493033754400969e+09
1.711493035931874037e+09
1.711493038111145020e+09
1.711493040316571951e+09
1.711493042656956911e+09
1.711493044836241007e+09
1.711493047038825035e+09
1.711493049244632959e+09
1.711493051492789984e+09
1.711493053742549896e+09
1.711493055922322035e+09
1.711493058147037029e+09
1.711493060373310089e+09
1.711493062574978113e+09
1.711493064780230045e+09
1.711493067004941940e+09
1.711493069162708998e+09
1.711493071344264984e+09
1.711493073569487095e+09
1.711493075748522997e+09
1.711493077880423069e+09
1.711493080013679028e+09
1.711493082216340065e+09
1.711493084375201941e+09
1.711493086621216059e+09
1.711493088755805016e+09
1.711493090979847908e+09
1.711493093184366941e+09
1.711493095410770893e+09
1.711493097590102911e+09
1.711493099745853901e+09
1.711493101877937078e+09
1.711493104080723047e+09
1.711493106285649061e+09
1.711493108534303904e+09
1.711493110737843037e+09
1.711493112848263979e+09
1.711493115051461935e+09
1.711493117258095026e+09
1.711493119456082106e+09
1.711493121661633968e+09
1.711493123838471889e+09
1.711493126017604113e+09
1.711493128129527092e+09
1.711493130332621098e+09
1.711493132510332108e+09
1.711493134714548111e+09
1.711493136917589903e+09
1.711493139095386028e+09
1.711493141303900957e+09
1.711493143454916000e+09
1.711493145637207031e+09
1.711493147887876987e+09
1.711493150088356972e+09
1.711493152270087004e+09
1.711493154447680950e+09
1.711493156628150940e+09
1.711493158832799911e+09
1.711493161036029100e+09
1.711493163191063881e+09
1.711493165417571068e+09
1.711493167643363953e+09
1.711493169897067070e+09
1.711493172144256115e+09
1.711493174372792959e+09
1.711493176576921940e+09
1.711493178758268118e+09
1.711493180985524893e+09
1.711493183186343908e+09
1.711493185388395071e+09
1.711493187660994053e+09
1.711493189911062956e+09
1.711493192113131046e+09
1.711493194316009998e+09
1.711493196541623116e+09
1.711493198769867897e+09
1.711493200969696999e+09
1.711493203196120024e+09
1.711493205329463005e+09
1.711493207531802893e+09
1.711493209665349007e+09
1.711493211822119951e+09
1.711493214024945974e+09
1.711493216231333971e+09
1.711493218479476929e+09
1.711493220658205986e+09
1.711493222860723972e+09
1.711493225017616034e+09
1.711493227196022987e+09
1.711493229376564980e+09
1.711493231510468960e+09
1.711493233666500092e+09
1.711493235823697090e+09
1.711493238073798895e+09
1.711493240277498960e+09
1.711493242458184958e+09
1.711493244661871910e+09
1.711493246842019081e+09
1.711493248980304956e+09
1.711493251227396965e+09
1.711493253432430983e+09
1.711493255657691002e+09
1.711493257814363956e+09
1.711493259972603083e+09
1.711493262084794998e+09
1.711493264263803959e+09
1.711493266421292067e+09
1.711493268580513000e+09
1.711493270759270906e+09
1.711493272942569017e+09
1.711493275073338032e+09
1.711493277254482031e+09
1.711493279388171911e+09
1.711493281567548037e+09
1.711493283748207092e+09
1.711493285952409983e+09
1.711493288223515034e+09
1.711493290497644901e+09
1.711493292698520899e+09
1.711493294835294008e+09
1.711493297057988882e+09
1.711493299285389900e+09
1.711493301512542963e+09
1.711493303760696888e+09
1.711493305984849930e+09
1.711493308191720009e+09
1.711493310439937115e+09
1.711493312687131882e+09
1.711493314843419075e+09
1.711493317024893045e+09
1.711493319227725029e+09
1.711493321429883957e+09
1.711493323634260893e+09
1.711493325844297886e+09
1.711493328085933924e+09
1.711493330266557932e+09
1.711493332446487904e+09
1.711493334624536991e+09
1.711493336876925945e+09
1.711493339077125072e+09
1.711493341305756092e+09
1.711493343506381989e+09
1.711493345736061096e+09
1.711493347983073950e+09
1.711493350162374973e+09
1.711493352411420107e+09
1.711493354615914106e+09
1.711493356866924047e+09
1.711493359113156080e+09
1.711493361318726063e+09
1.711493363497334003e+09
1.711493365725747108e+09
1.711493367906164885e+09
1.711493370130750895e+09
1.711493372308546066e+09
1.711493374511621952e+09
1.711493376717025042e+09
1.711493378917391062e+09
1.711493381077193022e+09
1.711493383327187061e+09
1.711493385597214937e+09
1.711493387731437922e+09
1.711493389958694935e+09
1.711493392139741898e+09
1.711493394364296913e+09
1.711493396547687054e+09
1.711493398845485926e+09
1.711493400927382946e+09
1.711493403157572031e+09
1.711493405380731106e+09
1.711493407541058064e+09
1.711493409742522001e+09
1.711493411920918941e+09
1.711493414127424002e+09
1.711493416398497105e+09
1.711493418599855900e+09
1.711493420802160978e+09
1.711493422937040091e+09
1.711493425188074112e+09
1.711493427437644005e+09
1.711493429687459946e+09
1.711493431935110092e+09
1.711493434113658905e+09
1.711493436317773104e+09
1.711493438498714924e+09
1.711493440723458052e+09
1.711493442902415037e+09
1.711493445082833052e+09
1.711493447215130091e+09
1.711493449396302938e+09
1.711493451623240948e+09
1.711493453826328039e+09
1.711493456052350044e+09
1.711493458231616020e+09
1.711493460458960056e+09
1.711493462659538031e+09
1.711493464839315891e+09
1.711493466996120930e+09
1.711493469154004097e+09
1.711493471355071068e+09
1.711493473514347076e+09
1.711493475760200024e+09
1.711493477964176893e+09
1.711493480169157028e+09
1.711493482395145893e+09
1.711493484594820023e+09
1.711493486845979929e+09
1.711493489025957108e+09
1.711493491229783058e+09
1.711493493359910011e+09
1.711493495539680004e+09
1.711493497697033882e+09
1.711493499851933002e+09
1.711493502037182093e+09
1.711493504258464098e+09
1.711493506368486881e+09
1.711493508525542974e+09
1.711493510658972025e+09
1.711493512817750931e+09
1.711493515064975023e+09
1.711493517317547083e+09
1.711493519495876074e+09
1.711493521700112104e+09
1.711493523948662043e+09
1.711493526171699047e+09
1.711493528398397923e+09
1.711493530625910044e+09
1.711493532851300001e+09
1.711493535056955099e+09
1.711493537305886030e+09
1.711493539529020071e+09
1.711493541708226919e+09
1.711493543888215065e+09
1.711493546068836927e+09
1.711493548270941973e+09
1.711493550477015972e+09
1.711493552654834032e+09
1.711493554905869007e+09
1.711493557107600927e+09
1.711493559311028957e+09
1.711493561559181929e+09
1.711493563762305021e+09
1.711493565918708086e+09
1.711493568144525051e+09
1.711493570323597908e+09
1.711493572505048037e+09
1.711493574685036898e+09
1.711493576931741953e+09
1.711493579112113953e+09
1.711493581314455986e+09
1.711493583566330910e+09
1.711493585767889023e+09
1.711493587947527885e+09
1.711493590127449036e+09
1.711493592305202007e+09
1.711493594509102106e+09
1.711493596689414978e+09
1.711493598891937971e+09
1.711493601117588997e+09
1.711493603390305042e+09
1.711493605569395065e+09
1.711493607773536921e+09
1.711493610000195026e+09
1.711493612154665947e+09
1.711493614334583998e+09
1.711493616538904905e+09
1.711493618721467972e+09
1.711493620945765972e+09
1.711493623098958015e+09
1.711493625282130003e+09
1.711493627458249092e+09
1.711493629663403988e+09
1.711493631841285944e+09
1.711493633997241020e+09
1.711493636176443100e+09
1.711493638357873917e+09
1.711493640562299013e+09
1.711493642742229939e+09
1.711493644945369005e+09
1.711493647103137970e+09
1.711493649306592941e+09
1.711493651509702921e+09
1.711493653691961050e+09
1.711493655872385979e+09
1.711493658052540064e+09
1.711493660211215019e+09
1.711493662390477896e+09
1.711493664594779015e+09
1.711493666751466990e+09
1.711493668909193039e+09
1.711493671088973999e+09
1.711493673248366117e+09
1.711493675429249048e+09
1.711493677586095095e+09
1.711493679790000916e+09
1.711493681970654011e+09
1.711493684152096033e+09
1.711493686333060980e+09
1.711493688511173010e+09
1.711493690667443991e+09
1.711493692827016115e+09
1.711493695074889898e+09
1.711493697298799992e+09
1.711493699456672907e+09
1.711493701682971954e+09
1.711493703906296015e+09
1.711493706063148975e+09
1.711493708242639065e+09
1.711493710446065903e+09
1.711493712673535109e+09
1.711493714853286028e+09
1.711493717080835104e+09
1.711493719279150009e+09
1.711493721531902075e+09
1.711493723732934952e+09
1.711493725933339119e+09
1.711493728114074945e+09
1.711493730295711994e+09
1.711493732475169897e+09
1.711493734725317955e+09
1.711493736924690008e+09
1.711493739081950903e+09
1.711493741262927055e+09
1.711493743466609955e+09
1.711493745691967010e+09
1.711493747870908976e+09
1.711493750098531961e+09
1.711493752277080059e+09
1.711493754457113028e+09
1.711493756707762957e+09
1.711493758884473085e+09
1.711493761064434052e+09
1.711493763221019030e+09
1.711493765421938896e+09
1.711493767581480026e+09
1.711493769735780954e+09
1.711493771915349007e+09
1.711493774095027924e+09
1.711493776275224924e+09
1.711493778432089090e+09
1.711493780634004116e+09
1.711493782789832115e+09
1.711493784950203896e+09
1.711493787149904966e+09
1.711493789328170061e+09
1.711493791530366898e+09
1.711493793688472033e+09
1.711493795866323948e+09
1.711493798023402929e+09
1.711493800181060076e+09
1.711493802386702061e+09
1.711493804611824989e+09
1.711493806812472105e+09
1.711493808994370937e+09
1.711493811243697882e+09
1.711493813444626093e+09
1.711493815627065897e+09
1.711493817830367088e+09
1.711493820009687901e+09
1.711493822233505964e+09
1.711493824390825987e+09
1.711493826571532965e+09
1.711493828730246067e+09
1.711493830907867908e+09
1.711493833091079950e+09
1.711493835290877104e+09
1.711493837514524937e+09
1.711493839695200920e+09
1.711493841854513884e+09
1.711493844053751945e+09
1.711493846210541964e+09
1.711493848462930918e+09
1.711493850638860941e+09
1.711493852816734076e+09
1.711493854974600077e+09
1.711493857131983042e+09
1.711493859288140059e+09
1.711493861468307018e+09
1.711493863670465946e+09
1.711493865874746084e+09
1.711493868052197933e+09
1.711493870303406000e+09
1.711493872529186964e+09
1.711493874756114960e+09
1.711493876911222935e+09
1.711493879114695072e+09
1.711493881320961952e+09
1.711493883475327969e+09
1.711493885678062916e+09
1.711493887834867001e+09
1.711493890037419081e+09
1.711493892216881037e+09
1.711493894423250914e+09
1.711493896579924107e+09
1.711493898805227041e+09
1.711493900959467888e+09
1.711493903118793011e+09
1.711493905367651939e+09
1.711493907525885105e+09
1.711493909708391905e+09
1.711493911911045074e+09
1.711493914090346098e+09
1.711493916295052052e+09
1.711493918522334099e+09
1.711493920725958109e+09
1.711493922977437019e+09
1.711493925202792883e+09
1.711493927452042103e+09
1.711493929630273104e+09
1.711493931833489895e+09
1.711493933990748882e+09
1.711493936194156885e+09
1.711493938374883890e+09
1.711493940576705933e+09
1.711493942757673025e+09
1.711493944981861115e+09
1.711493947137726068e+09
1.711493949294332027e+09
1.711493951475311041e+09
1.711493953654577971e+09
1.711493955811428070e+09
1.711493957967225075e+09
1.711493960126781940e+09
1.711493962305095911e+09
1.711493964487725019e+09
1.711493966690300941e+09
1.711493968893585920e+09
1.711493971074270964e+09
1.711493973229659081e+09
1.711493975407695055e+09
1.711493977611922979e+09
1.711493979768014908e+09
1.711493981925271988e+09
1.711493984107276917e+09
1.711493986287216902e+09
1.711493988489597082e+09
1.711493990667913914e+09
1.711493992824644089e+09
1.711493995005528927e+09
1.711493997163872004e+09
1.711493999366043091e+09
1.711494001542993069e+09
1.711494003771135092e+09
1.711494005927376986e+09
1.711494008131724119e+09
1.711494010333019972e+09
1.711494012513063908e+09
1.711494014692652941e+09
1.711494016873389006e+09
1.711494019074650049e+09
1.711494021277518988e+09
1.711494023482014894e+09
1.711494025685528994e+09
1.711494027839231014e+09
1.711494030044125080e+09
1.711494032222208977e+09
1.711494034424678087e+09
1.711494036581986904e+09
1.711494038760652065e+09
1.711494040964318037e+09
1.711494043144265890e+09
1.711494045348093987e+09
1.711494047549236059e+09
1.711494049706563950e+09
1.711494051886730909e+09
1.711494054042890072e+09
1.711494056207592964e+09
1.711494058380692959e+09
1.711494060585711002e+09
1.711494062764069080e+09
1.711494064942519903e+09
1.711494067103735924e+09
1.711494069280566931e+09
1.711494071505295992e+09
1.711494073686599970e+09
1.711494075910280943e+09
1.711494078089221001e+09
1.711494080247580051e+09
1.711494082450867891e+09
1.711494084628515959e+09
1.711494086786315918e+09
1.711494088966933012e+09
1.711494091148577929e+09
1.711494093373820066e+09
1.711494095597580910e+09
1.711494097800415039e+09
1.711494100006934881e+09
1.711494102232549906e+09
1.711494104411992073e+09
1.711494106568725109e+09
1.711494108792125940e+09
1.711494110973339081e+09
1.711494113176848888e+09
1.711494115355901003e+09
1.711494117558552980e+09
1.711494119738040924e+09
1.711494121918174982e+09
1.711494124121725082e+09
1.711494126326565981e+09
1.711494128551692963e+09
1.711494130729975939e+09
1.711494132911854029e+09
1.711494135115158081e+09
1.711494137294251919e+09
1.711494139546432972e+09
1.711494141745666027e+09
1.711494143951138973e+09
1.711494146128894091e+09
1.711494148287826061e+09
1.711494150513679028e+09
1.711494152715082884e+09
1.711494154917406082e+09
1.711494157098198891e+09
1.711494159300625086e+09
1.711494161482875109e+09
1.711494163636140108e+09
1.711494165840976000e+09
1.711494168020360947e+09
1.711494170223136902e+09
1.711494172381905079e+09
1.711494174539176941e+09
1.711494176763093948e+09
1.711494178986918926e+09
1.711494181238343000e+09
1.711494183416421890e+09
1.711494185573854923e+09
1.711494187729656935e+09
1.711494189884629011e+09
1.711494192111320019e+09
1.711494194268724918e+09
1.711494196446913958e+09
1.711494198672735929e+09
1.711494200877892971e+09
1.711494203100243092e+09
1.711494205281836987e+09
1.711494207505342960e+09
1.711494209688160896e+09
1.711494211912867069e+09
1.711494214090785980e+09
1.711494216295092106e+09
1.711494218452862024e+09
1.711494220607722044e+09
1.711494222834665060e+09
1.711494225014035940e+09
1.711494227219944954e+09
1.711494229465368032e+09
1.711494231623192072e+09
1.711494233801157951e+09
1.711494235959342003e+09
1.711494238186147928e+09
1.711494240343790054e+09
1.711494242522007942e+09
1.711494244747807980e+09
1.711494246952075958e+09
1.711494249107587099e+09
1.711494251310034990e+09
1.711494253512989044e+09
1.711494255740180969e+09
1.711494257922230005e+09
1.711494260098953962e+09
1.711494262253988028e+09
1.711494264457901955e+09
1.711494266637845039e+09
1.711494268794286013e+09
1.711494270998296022e+09
1.711494273177486897e+09
1.711494275404547930e+09
1.711494277608496904e+09
1.711494279765810966e+09
1.711494281966340065e+09
1.711494284149190903e+09
1.711494286304883003e+09
1.711494288484071016e+09
1.711494290686269045e+09
1.711494292889936924e+09
1.711494295067589998e+09
1.711494297249528885e+09
1.711494299501131058e+09
1.711494301676491022e+09
1.711494303856322050e+09
1.711494306035736084e+09
1.711494308237674952e+09
1.711494310419562101e+09
1.711494312599860907e+09
1.711494314803548098e+09
1.711494317004992008e+09
1.711494319185493946e+09
1.711494321388010025e+09
1.711494323545882940e+09
1.711494325772496939e+09
1.711494327994833946e+09
1.711494330177339077e+09
1.711494332355570078e+09
1.711494334559124947e+09
1.711494336762216091e+09
1.711494338940891981e+09
1.711494341122910976e+09
1.711494343302547932e+09
1.711494345481724024e+09
1.711494347662659883e+09
1.711494349840701103e+09
1.711494352068460941e+09
1.711494354273741961e+09
1.711494356452485085e+09
1.711494358655447006e+09
1.711494360835037947e+09
1.711494362991668940e+09
1.711494365171658039e+09
1.711494367352720022e+09
1.711494369556576967e+09
1.711494371714344978e+09
1.711494373892680883e+09
1.711494376051892996e+09
1.711494378253767967e+09
1.711494380386399984e+09
1.711494382547681093e+09
1.711494384702827930e+09
1.711494386882772923e+09
1.711494389063029051e+09
1.711494391219672918e+09
1.711494393422972918e+09
1.711494395579818010e+09
1.711494397783920050e+09
1.711494399963516951e+09
1.711494402146018982e+09
1.711494404323491096e+09
1.711494406482053995e+09
1.711494408639991999e+09
1.711494410820389032e+09
1.711494413022380114e+09
1.711494415179840088e+09
1.711494417337912083e+09
1.711494419492400885e+09
1.711494421648509979e+09
1.711494423808307886e+09
1.711494426059271097e+09
1.711494428261955023e+09
1.711494430461998940e+09
1.711494432643408060e+09
1.711494434869961023e+09
1.711494437048510075e+09
1.711494439253577948e+09
1.711494441478394032e+09
1.711494443679470062e+09
1.711494445885472059e+09
1.711494448138608932e+09
1.711494450314821005e+09
1.711494452493958950e+09
1.711494454674860001e+09
1.711494456923547029e+09
1.711494459149178028e+09
1.711494461307640076e+09
1.711494463486185074e+09
1.711494465691854000e+09
1.711494467868947983e+09
1.711494470025675058e+09
1.711494472231409073e+09
1.711494474385297060e+09
1.711494476543108940e+09
1.711494478701280117e+09
1.711494480926268101e+09
1.711494483130136967e+09
1.711494485315907955e+09
1.711494487537008047e+09
1.711494489714514971e+09
1.711494491939235926e+09
1.711494494097254992e+09
1.711494496276221037e+09
1.711494498480539083e+09
1.711494500679860115e+09
1.711494502860244989e+09
1.711494505065128088e+09
1.711494507277097940e+09
1.711494509496529102e+09
1.711494511699877977e+09
1.711494513924243927e+09
1.711494516127646923e+09
1.711494518330225945e+09
1.711494520536067009e+09
1.711494522737962961e+09
1.711494524938618898e+09
1.711494527144556046e+09
1.711494529346199989e+09
1.711494531526407003e+09
1.711494533682826042e+09
1.711494535911048889e+09
1.711494538066329956e+09
1.711494540294637918e+09
1.711494542496398926e+09
1.711494544723191977e+09
1.711494546879657030e+09
1.711494549105524063e+09
1.711494551332835913e+09
1.711494553558048010e+09
1.711494555737076044e+09
1.711494557916594982e+09
1.711494560142982960e+09
1.711494562325732946e+09
1.711494564528703928e+09
1.711494566755104065e+09
1.711494568911412954e+09
1.711494571114483118e+09
1.711494573271413088e+09
1.711494575451914072e+09
1.711494577678620100e+09
1.711494579881486893e+09
1.711494582084722996e+09
1.711494584264944077e+09
1.711494586445076942e+09
1.711494588649753094e+09
1.711494590851831913e+09
1.711494593031650066e+09
1.711494595210982084e+09
1.711494597390832901e+09
1.711494599643102884e+09
1.711494601867456913e+09
1.711494604047033072e+09
1.711494606249802113e+09
1.711494608430138111e+09
1.711494610610024929e+09
1.711494612813534975e+09
1.711494615018428087e+09
1.711494617243110895e+09
1.711494619450130939e+09
1.711494621649194956e+09
1.711494623852519035e+09
1.711494626056205988e+09
1.711494628283623934e+09
1.711494630462650061e+09
1.711494632642883062e+09
1.711494634845473051e+09
1.711494637026185036e+09
1.711494639204909086e+09
1.711494641408993006e+09
1.711494643569804907e+09
1.711494645724450111e+09
1.711494647905924082e+09
1.711494650108620882e+09
1.711494652287106037e+09
1.711494654493989944e+09
1.711494656673585892e+09
1.711494658851995945e+09
1.711494661007606030e+09
1.711494663259368896e+09
1.711494665484257936e+09
1.711494667641532898e+09
1.711494669844144106e+09
1.711494672118069887e+09
1.711494674274058104e+09
1.711494676503725052e+09
1.711494678702800989e+09
1.711494680907213926e+09
1.711494683109267950e+09
1.711494685316513062e+09
1.711494687609554052e+09
1.711494689814352989e+09
1.711494691994436026e+09
1.711494694200025082e+09
1.711494696403018951e+09
1.711494698626606941e+09
1.711494700829596996e+09
1.711494703007181883e+09
1.711494705189008951e+09
1.711494707414314985e+09
1.711494709593496084e+09
1.711494711750904083e+09
1.711494713976567984e+09
1.711494716156363964e+09
1.711494718385588884e+09
1.711494720632520914e+09
1.711494722881730080e+09
1.711494725085331917e+09
1.711494727314692974e+09
1.711494729491345882e+09
1.711494731718086958e+09
1.711494733896414042e+09
1.711494736052644968e+09
1.711494738258743048e+09
1.711494740415580988e+09
1.711494742615464926e+09
1.711494744797035933e+09
1.711494747023135900e+09
1.711494749273719072e+09
1.711494751454134941e+09
1.711494753702234030e+09
1.711494755883635998e+09
1.711494758111150980e+09
1.711494760313798904e+09
1.711494762469233990e+09
1.711494764695838928e+09
1.711494766852869034e+09
1.711494769034302950e+09
1.711494771236475945e+09
1.711494773488146067e+09
1.711494775664673090e+09
1.711494777845140934e+09
1.711494780071959019e+09
1.711494782251059055e+09
1.711494784431277990e+09
1.711494786590796947e+09
1.711494788792330980e+09
1.711494791016854048e+09
1.711494793197324991e+09
1.711494795377749920e+09
1.711494797534518957e+09
1.711494799717870951e+09
1.711494800015469074e+09
