1.700072100758706093e+09
1.700072275165098906e+09
1.700072449821135998e+09
1.700072624885777950e+09
1.700072799949210882e+09
1.700072974694628000e+09
1.700073149950042009e+09
1.700073324605019093e+09
1.700073500110337019e+09
1.700073675731653929e+09
1.700073850667109013e+09
1.700074025542608023e+09
1.700074201256551981e+09
1.700074376109942913e+09
1.700074551661473989e+09
1.700074727153677940e+09
1.700074902527853966e+09
1.700075077961694002e+09
1.700075253105225086e+09
1.700075428476090908e+09
1.700075538671436071e+09
