1.700149994493963003e+09
1.700149995806721926e+09
1.700149997168196917e+09
1.700149998534424067e+09
1.700149999847960949e+09
1.700150001158672094e+09
1.700150002470240116e+09
1.700150003851161957e+09
1.700150005255846024e+09
1.700150006676958084e+09
1.700150008102413893e+09
1.700150009483190060e+09
1.700150010806832075e+09
1.700150011305027008e+09
1.700150046240623951e+09
1.700150047560281038e+09
1.700150048871123075e+09
1.700150050206531048e+09
1.700150051389343023e+09
1.700150057541019917e+09
1.700150058856364965e+09
1.700150060178394079e+09
1.700150061556492090e+09
1.700150062970258951e+09
1.700150064384649992e+09
1.700150065283799887e+09
1.700150073330981016e+09
1.700150074752491951e+09
1.700150076176178932e+09
1.700150077563008070e+09
1.700150078887387991e+09
1.700150080202229977e+09
1.700150080369256973e+09
1.700150112655656099e+09
1.700150114082156897e+09
1.700150115340246916e+09
