1.709580524659957886e+09
1.709580625712945938e+09
1.709580727210717916e+09
1.709580828407773972e+09
1.709580929433621883e+09
1.709581029862181902e+09
1.709581129670600891e+09
1.709581229724675894e+09
1.709581329645031929e+09
1.709581430201817036e+09
1.709581530674213886e+09
1.709581631009594917e+09
1.709581730905697107e+09
1.709581831263840914e+09
1.709581931265356064e+09
1.709582031229388952e+09
1.709582131045063019e+09
1.709582230909329891e+09
1.709582330810729980e+09
1.709582431173243999e+09
1.709582531400232077e+09
1.709582631496047020e+09
1.709582731391341925e+09
1.709582831576514006e+09
1.709582931492120981e+09
1.709583031752969027e+09
1.709583132002974987e+09
1.709583231914952993e+09
1.709583332229326010e+09
1.709583432491429090e+09
1.709583532901844025e+09
1.709583633256266117e+09
1.709583733128560066e+09
1.709583833253876925e+09
1.709583933578304052e+09
1.709584028372479916e+09
