1.710782683105338097e+09
1.710782686120980978e+09
1.710782689090002060e+09
1.710782692059334993e+09
1.710782695028758049e+09
1.710782697998251915e+09
1.710782700969798088e+09
1.710782703936779976e+09
1.710782706906249046e+09
1.710782709874708891e+09
1.710782712842880011e+09
1.710782715811352015e+09
1.710782718779946089e+09
1.710782721748337984e+09
1.710782724716622114e+09
1.710782727708023071e+09
1.710782730676204920e+09
1.710782733644474030e+09
1.710782736613118887e+09
1.710782739580797911e+09
1.710782742549726963e+09
1.710782745517554045e+09
1.710782748486010075e+09
1.710782751454204082e+09
1.710782754422817945e+09
1.710782757391552925e+09
1.710782760383317947e+09
1.710782763351861954e+09
1.710782766320322990e+09
1.710782769288528919e+09
1.710782772256603956e+09
1.710782775225008011e+09
1.710782778193830013e+09
1.710782781162442923e+09
1.710782784132658005e+09
1.710782787099878073e+09
1.710782790070197105e+09
1.710782793038084984e+09
1.710782796008013010e+09
1.710782798975768089e+09
1.710782801968862057e+09
1.710782804958231926e+09
1.710782807926367044e+09
1.710782810917361021e+09
1.710782813908895016e+09
1.710782816900655031e+09
1.710782819868942022e+09
1.710782822837477922e+09
1.710782825806363106e+09
1.710782828774329901e+09
1.710782831742883921e+09
1.710782834711343050e+09
1.710782837679670095e+09
1.710782840670993090e+09
1.710782843639452934e+09
1.710782846607578039e+09
1.710782849576265097e+09
1.710782852544343948e+09
1.710782855513118982e+09
1.710782858527797937e+09
1.710782861495456934e+09
1.710782864463896036e+09
1.710782867455642939e+09
1.710782870424412966e+09
1.710782873393367052e+09
1.710782876362723112e+09
1.710782879330770016e+09
1.710782882299154997e+09
1.710782885267473936e+09
1.710782888236390114e+09
1.710782891206872940e+09
1.710782894174005985e+09
1.710782897142519951e+09
1.710782900110863924e+09
1.710782903079741955e+09
1.710782906048185110e+09
1.710782909039973021e+09
1.710782912008424044e+09
1.710782914978383064e+09
1.710782917944883108e+09
1.710782920916496992e+09
1.710782923882738113e+09
1.710782926851135015e+09
1.710782929819684029e+09
1.710782932788192034e+09
1.710782935757016897e+09
1.710782938726088047e+09
1.710782941718161106e+09
1.710782944687071085e+09
1.710782947655904055e+09
1.710782950625013113e+09
1.710782953594414949e+09
1.710782956563718081e+09
1.710782959533021927e+09
1.710782962501458883e+09
1.710782965470211029e+09
1.710782968438797951e+09
1.710782971407149076e+09
1.710782974375618935e+09
1.710782977343961954e+09
1.710782980312310934e+09
1.710782983304073095e+09
1.710782986318114996e+09
1.710782989286736012e+09
1.710782992277137995e+09
1.710782995245337963e+09
1.710782998213999033e+09
1.710783001182681084e+09
1.710783004151034117e+09
1.710783007142708063e+09
1.710783010134368896e+09
1.710783013126116991e+09
1.710783016094597101e+09
1.710783019063204050e+09
1.710783022031989098e+09
1.710783025001018047e+09
1.710783027970025063e+09
1.710783030938394070e+09
1.710783033907104015e+09
1.710783036875704050e+09
1.710783039844248056e+09
1.710783042812848091e+09
1.710783045782455921e+09
1.710783048751823902e+09
1.710783051721465111e+09
1.710783054691077948e+09
1.710783057667594910e+09
1.710783060629168034e+09
1.710783063620651960e+09
1.710783066589179993e+09
1.710783069557724953e+09
1.710783072525947094e+09
1.710783075494178057e+09
1.710783078463850975e+09
1.710783081433218956e+09
1.710783084402895927e+09
1.710783087372414112e+09
1.710783090342209101e+09
1.710783093312474012e+09
1.710783096282083035e+09
1.710783099251295090e+09
1.710783102221174002e+09
1.710783105190578938e+09
1.710783108160742998e+09
1.710783111153604984e+09
1.710783114123712063e+09
1.710783117116578102e+09
1.710783120086206913e+09
1.710783123058248043e+09
1.710783126025480032e+09
1.710783128997243881e+09
1.710783131964821100e+09
1.710783134936548948e+09
1.710783137926606894e+09
1.710783140894959927e+09
1.710783143863462925e+09
1.710783146832360983e+09
1.710783149824511051e+09
1.710783152794502020e+09
1.710783155762067080e+09
1.710783158730314970e+09
1.710783161699769974e+09
1.710783164783233881e+09
1.710783167774525881e+09
1.710783170765516043e+09
1.710783173779831886e+09
1.710783176770859003e+09
1.710783179738939047e+09
1.710783182729412079e+09
1.710783185743758917e+09
1.710783188734877110e+09
1.710783191749511003e+09
1.710783194764718056e+09
1.710783197733234882e+09
1.710783200723761082e+09
1.710783203715042114e+09
1.710783206706149101e+09
1.710783209696588993e+09
1.710783212688154936e+09
1.710783215655262947e+09
1.710783218669461012e+09
1.710783221661231995e+09
1.710783224675905943e+09
1.710783227668034077e+09
1.710783230635365009e+09
1.710783233626838923e+09
1.710783236595299959e+09
1.710783239586695910e+09
1.710783242578362942e+09
1.710783245570252895e+09
1.710783248538675070e+09
1.710783251530457020e+09
1.710783254522083044e+09
1.710783257513441086e+09
1.710783260504637957e+09
1.710783263496025085e+09
1.710783266464263916e+09
1.710783269456650972e+09
1.710783272447803974e+09
1.710783275439208031e+09
1.710783278430757999e+09
1.710783281399636030e+09
1.710783284391319990e+09
1.710783287383210897e+09
1.710783290374517918e+09
1.710783293342860937e+09
1.710783296334253073e+09
1.710783299325838089e+09
1.710783302317257881e+09
1.710783305308660030e+09
1.710783308276343107e+09
1.710783311267688990e+09
1.710783314281869888e+09
1.710783317320082903e+09
1.710783320311134100e+09
1.710783323325930119e+09
1.710783326317537069e+09
1.710783329332170010e+09
1.710783332323380947e+09
1.710783335314749956e+09
1.710783338329756975e+09
1.710783341344419003e+09
1.710783344335907936e+09
1.710783347327389002e+09
1.710783350318876982e+09
1.710783353312349081e+09
1.710783356301013947e+09
1.710783359292309999e+09
1.710783362306801081e+09
1.710783365298255920e+09
1.710783368289061069e+09
1.710783371280563116e+09
1.710783374272147894e+09
1.710783377263381004e+09
1.710783380255512953e+09
1.710783383269435883e+09
1.710783386262878895e+09
1.710783389275145054e+09
1.710783392267026901e+09
1.710783395257460117e+09
1.710783398249331951e+09
1.710783401241015911e+09
1.710783404255400896e+09
1.710783407246606112e+09
1.710783410238140106e+09
1.710783413252532005e+09
1.710783416223104954e+09
1.710783419189465046e+09
1.710783422181036949e+09
1.710783425172528982e+09
1.710783428140580893e+09
1.710783431131733894e+09
1.710783434124897003e+09
1.710783437114608049e+09
1.710783440106264114e+09
1.710783443098290920e+09
1.710783446090743065e+09
1.710783449085391045e+09
1.710783452075602055e+09
1.710783455045016050e+09
1.710783458037538052e+09
1.710783461056499958e+09
1.710783464069339037e+09
1.710783467062525988e+09
1.710783470078548908e+09
1.710783473094242096e+09
1.710783476087383986e+09
1.710783479080660105e+09
1.710783482097297907e+09
1.710783485090285063e+09
1.710783488083112955e+09
1.710783491075786114e+09
1.710783494068073988e+09
1.710783497062639952e+09
1.710783500053179026e+09
1.710783503067217112e+09
1.710783506059768915e+09
1.710783509099158049e+09
1.710783512064367056e+09
1.710783515058171034e+09
1.710783518046983957e+09
1.710783521038274050e+09
1.710783524052490950e+09
1.710783527023555040e+09
1.710783530011779070e+09
1.710783533008620977e+09
1.710783535995048046e+09
1.710783538990293026e+09
1.710783541978105068e+09
1.710783544976677895e+09
1.710783547983903885e+09
1.710783550952002048e+09
1.710783553943420887e+09
1.710783556935112953e+09
1.710783559902156115e+09
1.710783562870059013e+09
1.710783565837503910e+09
1.710783568851622105e+09
1.710783571842016935e+09
1.710783574833175898e+09
1.710783577825062037e+09
1.710783580816447020e+09
1.710783583807468891e+09
1.710783586798389912e+09
1.710783589771557093e+09
1.710783592757328033e+09
1.710783595748756886e+09
1.710783598716883898e+09
1.710783601708295107e+09
1.710783604676739931e+09
1.710783607668014050e+09
1.710783610659163952e+09
1.710783613650710106e+09
1.710783616642154932e+09
1.710783619633729935e+09
1.710783622647969961e+09
1.710783625638880968e+09
1.710783628630099058e+09
1.710783631620939016e+09
1.710783634612004042e+09
1.710783637602955103e+09
1.710783640594002962e+09
1.710783643585017920e+09
1.710783646599737883e+09
1.710783649590975046e+09
1.710783652582647085e+09
1.710783655574522972e+09
1.710783658565459967e+09
1.710783661580367088e+09
1.710783664594883919e+09
1.710783667586007118e+09
1.710783670600197077e+09
1.710783673591134071e+09
1.710783676582195997e+09
1.710783679573308945e+09
1.710783682564594030e+09
1.710783685556345940e+09
1.710783688548269987e+09
1.710783691540153980e+09
1.710783694531541109e+09
1.710783697523415089e+09
1.710783700538203001e+09
1.710783703552367926e+09
1.710783706520270109e+09
1.710783709534962893e+09
1.710783712526041031e+09
1.710783715540747881e+09
1.710783718531871080e+09
1.710783721546636105e+09
1.710783724538183928e+09
1.710783727552890062e+09
1.710783730591021061e+09
1.710783733582415104e+09
1.710783736574314117e+09
1.710783739565546036e+09
1.710783742579988003e+09
1.710783745571175098e+09
1.710783748562521935e+09
1.710783751554085016e+09
1.710783754522203922e+09
1.710783757513366938e+09
1.710783760504757881e+09
1.710783763496772051e+09
1.710783766489017963e+09
1.710783769503199100e+09
1.710783772494999886e+09
1.710783775508658886e+09
1.710783778501240969e+09
1.710783781514336109e+09
1.710783784506783962e+09
1.710783787520104885e+09
1.710783790487828970e+09
1.710783793479300976e+09
1.710783796470647097e+09
1.710783799462146997e+09
1.710783802453370094e+09
1.710783805444444895e+09
1.710783808458811998e+09
1.710783811450004101e+09
1.710783814464431047e+09
1.710783817455729008e+09
1.710783820447207928e+09
1.710783823461291075e+09
1.710783826429106951e+09
1.710783829420677900e+09
1.710783832434588909e+09
1.710783835426115036e+09
1.710783838416997910e+09
1.710783841385236025e+09
1.710783844376744032e+09
1.710783847368493080e+09
1.710783850337598085e+09
1.710783853329123020e+09
1.710783856320929050e+09
1.710783859313144922e+09
1.710783862304873943e+09
1.710783865296418905e+09
1.710783868310977936e+09
1.710783871279206038e+09
1.710783874294173956e+09
1.710783877308659077e+09
1.710783880276654959e+09
1.710783883268203020e+09
1.710783886259663105e+09
1.710783889274041891e+09
1.710783892265044928e+09
1.710783895233266115e+09
1.710783898202137947e+09
1.710783901193532944e+09
1.710783904185204983e+09
1.710783907156227112e+09
1.710783910146541119e+09
1.710783913139856100e+09
1.710783916129846096e+09
1.710783919098393917e+09
1.710783922113373995e+09
1.710783925107038975e+09
1.710783928119638920e+09
1.710783931111197948e+09
1.710783934102792025e+09
1.710783937096462011e+09
1.710783940087176085e+09
1.710783943103770018e+09
1.710783946094118118e+09
1.710783949085345030e+09
1.710783952054507017e+09
1.710783955047178984e+09
1.710783958062793970e+09
1.710783961077838898e+09
1.710783964068953991e+09
1.710783967039773941e+09
1.710783970005810022e+09
1.710783972998816013e+09
1.710783975988934040e+09
1.710783978957200050e+09
1.710783981925380945e+09
1.710783984916573048e+09
1.710783987931559086e+09
1.710783990922996044e+09
1.710783993914889097e+09
1.710783996907824993e+09
1.710783999900703907e+09
1.710784002893816948e+09
1.710784005863363981e+09
1.710784008856266022e+09
1.710784011849222898e+09
1.710784014842503071e+09
1.710784017812097073e+09
1.710784020805301905e+09
1.710784023798065901e+09
1.710784026790787935e+09
1.710784029783838034e+09
1.710784032777117014e+09
1.710784035769557953e+09
1.710784038762192011e+09
1.710784041731482983e+09
1.710784044748089075e+09
1.710784047763820887e+09
1.710784050757106066e+09
1.710784053750377893e+09
1.710784056790066004e+09
1.710784059782702923e+09
1.710784062775595903e+09
1.710784065745126963e+09
1.710784068760155916e+09
1.710784071751980066e+09
1.710784074767226934e+09
1.710784077759346008e+09
1.710784080728003979e+09
1.710784083719901085e+09
1.710784086711954117e+09
1.710784089703886032e+09
1.710784092695982933e+09
1.710784095689743996e+09
1.710784098680018902e+09
1.710784101695322990e+09
1.710784104687057018e+09
1.710784107678910971e+09
1.710784110693842888e+09
1.710784113685220003e+09
1.710784116699985981e+09
1.710784119715219021e+09
1.710784122706842899e+09
1.710784125698510885e+09
1.710784128713617086e+09
1.710784131705105066e+09
1.710784134696854115e+09
1.710784137711239100e+09
1.710784140726280928e+09
1.710784143694782972e+09
1.710784146686672926e+09
1.710784149655230999e+09
1.710784152647458076e+09
1.710784155640286922e+09
1.710784158655846119e+09
1.710784161648830891e+09
1.710784164641581059e+09
1.710784167634807110e+09
1.710784170627151966e+09
1.710784173619956970e+09
1.710784176589884043e+09
1.710784179583018064e+09
1.710784182599205971e+09
1.710784185592654943e+09
1.710784188585869074e+09
1.710784191578967094e+09
1.710784194594604015e+09
1.710784197610151052e+09
1.710784200578944921e+09
1.710784203570125103e+09
1.710784206538639069e+09
1.710784209530622005e+09
1.710784212522499084e+09
1.710784215490991116e+09
1.710784218483167887e+09
1.710784221475409031e+09
1.710784224490241051e+09
1.710784227482086897e+09
1.710784230496916056e+09
1.710784233488692999e+09
1.710784236480737925e+09
1.710784239495398045e+09
1.710784242486942053e+09
1.710784245478457928e+09
1.710784248470222950e+09
1.710784251462189913e+09
1.710784254436674118e+09
1.710784257422750950e+09
1.710784260414836884e+09
1.710784263406876087e+09
1.710784266375622034e+09
1.710784269367568016e+09
1.710784272382847071e+09
1.710784275398327112e+09
1.710784278391165018e+09
1.710784281360663891e+09
1.710784284352987051e+09
1.710784287368355036e+09
1.710784290337452888e+09
1.710784293330226898e+09
1.710784296322181940e+09
1.710784299336899996e+09
1.710784302328752041e+09
1.710784305343796968e+09
1.710784308335889101e+09
1.710784311327301025e+09
1.710784314319479942e+09
1.710784317288216114e+09
1.710784320280072927e+09
1.710784323272922993e+09
1.710784326265187979e+09
1.710784329280594110e+09
1.710784332295074940e+09
1.710784335288216114e+09
1.710784338279601097e+09
1.710784341271738052e+09
1.710784344264432907e+09
1.710784347280013084e+09
1.710784350295886040e+09
1.710784353287190914e+09
1.710784356279181957e+09
1.710784359271522045e+09
1.710784362240607023e+09
1.710784365232938051e+09
1.710784368225214005e+09
1.710784371217119932e+09
1.710784374232492924e+09
1.710784377224699020e+09
1.710784380216572046e+09
1.710784383231540918e+09
1.710784386223392010e+09
1.710784389215066910e+09
1.710784392207463980e+09
1.710784395178155899e+09
1.710784398168595076e+09
1.710784401137887001e+09
1.710784404129802942e+09
1.710784407124737024e+09
1.710784410159843922e+09
1.710784413152167082e+09
1.710784416145168066e+09
1.710784419136724949e+09
1.710784422152518988e+09
1.710784425148163080e+09
1.710784428138633966e+09
1.710784431176073074e+09
1.710784434191679001e+09
1.710784437185044050e+09
1.710784440176135063e+09
1.710784443169814110e+09
1.710784446137228966e+09
1.710784449151973963e+09
1.710784452144412041e+09
1.710784455136435032e+09
1.710784458128835917e+09
1.710784461121119976e+09
1.710784464090109110e+09
1.710784467084193945e+09
1.710784470097421885e+09
1.710784473089498043e+09
1.710784476058669090e+09
1.710784479052385092e+09
1.710784482066476107e+09
1.710784485081855059e+09
1.710784488073945999e+09
1.710784491090969086e+09
1.710784494104512930e+09
1.710784497098052025e+09
1.710784500111030102e+09
1.710784503102976084e+09
1.710784506117614031e+09
1.710784509110743046e+09
1.710784512101517916e+09
1.710784515093565941e+09
1.710784518085329056e+09
1.710784521054158926e+09
1.710784524023050070e+09
1.710784527016463995e+09
1.710784530055382013e+09
1.710784533048530102e+09
1.710784536063669920e+09
1.710784539081106901e+09
1.710784542071707010e+09
1.710784545086663008e+09
1.710784548101785898e+09
1.710784551095134974e+09
1.710784554085256100e+09
1.710784557076817036e+09
1.710784560068228006e+09
1.710784563059376955e+09
1.710784566027770996e+09
1.710784569020776987e+09
1.710784572010416985e+09
1.710784575002351999e+09
1.710784577994551897e+09
1.710784580988373041e+09
1.710784584001791000e+09
1.710784586969984055e+09
1.710784589961740971e+09
1.710784592977063894e+09
1.710784595969408035e+09
1.710784598961484909e+09
1.710784601976903915e+09
1.710784604968667984e+09
1.710784607960047960e+09
1.710784610928498030e+09
1.710784613943245888e+09
1.710784616934660912e+09
1.710784619925818920e+09
1.710784622917308092e+09
1.710784625908236980e+09
1.710784628946221113e+09
1.710784631960942030e+09
1.710784634975152969e+09
1.710784637966779947e+09
1.710784640957966089e+09
1.710784643948446035e+09
1.710784646939035892e+09
1.710784649930241108e+09
1.710784652898328066e+09
1.710784655889853954e+09
1.710784658906922102e+09
1.710784661895944118e+09
1.710784664888494968e+09
1.710784667856112003e+09
1.710784670870889902e+09
1.710784673887048960e+09
1.710784676900361061e+09
1.710784679893793106e+09
1.710784682906505108e+09
1.710784685899187088e+09
1.710784688912157059e+09
1.710784691902980089e+09
1.710784694917916059e+09
1.710784697908691883e+09
1.710784700923203945e+09
1.710784703938312054e+09
1.710784706930757046e+09
1.710784709945806980e+09
1.710784712935761929e+09
1.710784715926784039e+09
1.710784718918111086e+09
1.710784721932399988e+09
1.710784724923260927e+09
1.710784727891689062e+09
1.710784730883333921e+09
1.710784733875341892e+09
1.710784736867996931e+09
1.710784739860013962e+09
1.710784742875602007e+09
1.710784745890971899e+09
1.710784748883054018e+09
1.710784751898618937e+09
1.710784754890978098e+09
1.710784757882934093e+09
1.710784760875044107e+09
1.710784763890813112e+09
1.710784766882977962e+09
1.710784769898510933e+09
1.710784772890635967e+09
1.710784775882133961e+09
1.710784778897248030e+09
1.710784781888991117e+09
1.710784784857455969e+09
1.710784787826056957e+09
1.710784790817899942e+09
1.710784793810026884e+09
1.710784796801845074e+09
1.710784799816936016e+09
1.710784802810311079e+09
1.710784805824598074e+09
1.710784808862507105e+09
1.710784811854577065e+09
1.710784814846838951e+09
1.710784817839397907e+09
1.710784820807461023e+09
1.710784823799480915e+09
1.710784826791111946e+09
1.710784829782601118e+09
1.710784832774918079e+09
1.710784835742882967e+09
1.710784838734421015e+09
1.710784841748498917e+09
1.710784844740132093e+09
1.710784847755220890e+09
1.710784850793296099e+09
1.710784853785065889e+09
1.710784856799869061e+09
1.710784859792047977e+09
1.710784862807598114e+09
1.710784865799987078e+09
1.710784868792256117e+09
1.710784871784540892e+09
1.710784874776489019e+09
1.710784877768708944e+09
1.710784880760647058e+09
1.710784883752049923e+09
1.710784886743462086e+09
1.710784889758690119e+09
1.710784892750767946e+09
1.710784895765773058e+09
1.710784898780742884e+09
1.710784901796026945e+09
1.710784904788316965e+09
1.710784907780160904e+09
1.710784910795109034e+09
1.710784913809748888e+09
1.710784916824462891e+09
1.710784919839436054e+09
1.710784922830940008e+09
1.710784925822316885e+09
1.710784928814569950e+09
1.710784931806056976e+09
1.710784934820853949e+09
1.710784937812299967e+09
1.710784940826980114e+09
1.710784943818677902e+09
1.710784946833308935e+09
1.710784949825016975e+09
1.710784952839868069e+09
1.710784955831692934e+09
1.710784958846723080e+09
1.710784961838828087e+09
1.710784964830751896e+09
1.710784967846424103e+09
1.710784970861548901e+09
1.710784973853543997e+09
1.710784976868756056e+09
1.710784979860845089e+09
1.710784982876009941e+09
1.710784985867836952e+09
1.710784988882745028e+09
1.710784991898077965e+09
1.710784994913234949e+09
1.710784997905821085e+09
1.710785000921309948e+09
1.710785003936388969e+09
1.710785006951493025e+09
1.710785009920264006e+09
1.710785012912302017e+09
1.710785015904339075e+09
1.710785018919528008e+09
1.710785021911441088e+09
1.710785024926536083e+09
1.710785027895117044e+09
1.710785030886794090e+09
1.710785033901899099e+09
1.710785036894161940e+09
1.710785039886127949e+09
1.710785042878364086e+09
1.710785045870589972e+09
1.710785048886028051e+09
1.710785051901220083e+09
1.710785054893038034e+09
1.710785057908302069e+09
1.710785060900398970e+09
1.710785063892244101e+09
1.710785066908296108e+09
1.710785069898736954e+09
1.710785072889873981e+09
1.710785075904845953e+09
1.710785078896677971e+09
1.710785081910741091e+09
1.710785084925518990e+09
1.710785087940579891e+09
1.710785090931730986e+09
1.710785093922871113e+09
1.710785096914495945e+09
1.710785099952177048e+09
1.710785102966837883e+09
1.710785105981389999e+09
1.710785108972940922e+09
1.710785111987931013e+09
1.710785114979598999e+09
1.710785117971200943e+09
1.710785120962959051e+09
1.710785123977570057e+09
1.710785126971000910e+09
1.710785129961858034e+09
1.710785132976131916e+09
1.710785135968559027e+09
1.710785138983742952e+09
1.710785141976013899e+09
1.710785144990248919e+09
1.710785147982470036e+09
1.710785150996397018e+09
1.710785153988348007e+09
1.710785157004177094e+09
1.710785159995760918e+09
1.710785163013387918e+09
1.710785166004885912e+09
1.710785168994859934e+09
1.710785171986768961e+09
1.710785174978916883e+09
1.710785177994167089e+09
1.710785180986138105e+09
1.710785183977910042e+09
1.710785186969633102e+09
1.710785189984323978e+09
1.710785192976316929e+09
1.710785196013937950e+09
1.710785199005161047e+09
1.710785202019375086e+09
1.710785205012120962e+09
1.710785207978634119e+09
1.710785210971685886e+09
1.710785213984396935e+09
1.710785216979187012e+09
1.710785219967295885e+09
1.710785222982508898e+09
1.710785225997538090e+09
1.710785228989474058e+09
1.710785232004813910e+09
1.710785234996541023e+09
1.710785237988481045e+09
1.710785240980187893e+09
1.710785243972037077e+09
1.710785246965253115e+09
1.710785249978524923e+09
1.710785252969919920e+09
1.710785255984551907e+09
1.710785258976365089e+09
1.710785262014791965e+09
1.710785265005945921e+09
1.710785268020414114e+09
1.710785271012192011e+09
1.710785274003875971e+09
1.710785277020966053e+09
1.710785280010865927e+09
1.710785283025816917e+09
1.710785286017113924e+09
1.710785289054707050e+09
1.710785292046539068e+09
1.710785295061445951e+09
1.710785298053400040e+09
1.710785301069314003e+09
1.710785304059072971e+09
1.710785307029297113e+09
1.710785310018933058e+09
1.710785313034375906e+09
1.710785316024610043e+09
1.710785319017457008e+09
1.710785322007162094e+09
1.710785324998548985e+09
1.710785328013046026e+09
1.710785331004209995e+09
1.710785334018929958e+09
1.710785337010219097e+09
1.710785340001442909e+09
1.710785342994380951e+09
1.710785345984163046e+09
1.710785349023647070e+09
1.710785352037369013e+09
1.710785355053613901e+09
1.710785358044476986e+09
1.710785361060065985e+09
1.710785364074481964e+09
1.710785367066627979e+09
1.710785370058794975e+09
1.710785373052534103e+09
1.710785376067409039e+09
1.710785379060431957e+09
1.710785382053309917e+09
1.710785385047677040e+09
1.710785388038940907e+09
1.710785391033221960e+09
1.710785394047836065e+09
1.710785397042587042e+09
1.710785400034213066e+09
1.710785403052804947e+09
1.710785406043534994e+09
1.710785409035896063e+09
1.710785412026031971e+09
1.710785415018414021e+09
1.710785418008698940e+09
1.710785421023127079e+09
1.710785424014626980e+09
1.710785427007814884e+09
1.710785430020047903e+09
1.710785433012893915e+09
1.710785436026057005e+09
1.710785439042221069e+09
1.710785442054933071e+09
1.710785445048022985e+09
1.710785448038429022e+09
1.710785451031267881e+09
1.710785454043939114e+09
1.710785457059448004e+09
1.710785460073035002e+09
1.710785463087162018e+09
1.710785466078700066e+09
1.710785469095532894e+09
1.710785472108179092e+09
1.710785475099328041e+09
1.710785478090135098e+09
1.710785481105966091e+09
1.710785484118685961e+09
1.710785487132533073e+09
1.710785490146709919e+09
1.710785493139406919e+09
1.710785496153058052e+09
1.710785499167731047e+09
1.710785502159013033e+09
1.710785505154231071e+09
1.710785508141741037e+09
1.710785511155889034e+09
1.710785514123982906e+09
1.710785517138905048e+09
1.710785520153096914e+09
1.710785523167381048e+09
1.710785526158529997e+09
1.710785529196208000e+09
1.710785532210103035e+09
1.710785535201303005e+09
1.710785538192433119e+09
1.710785541207076073e+09
1.710785544198368073e+09
1.710785547191312075e+09
1.710785550181493044e+09
1.710785553196333885e+09
1.710785556187513113e+09
1.710785559201715946e+09
1.710785562192437887e+09
1.710785565206558943e+09
1.710785568220627069e+09
1.710785571211950064e+09
1.710785574226650953e+09
1.710785577241333961e+09
1.710785580255944967e+09
1.710785583270750999e+09
1.710785586285265923e+09
1.710785589300177097e+09
1.710785592291342020e+09
1.710785595305480957e+09
1.710785598296953917e+09
1.710785601288777113e+09
1.710785604303874016e+09
1.710785607319070101e+09
1.710785610310451984e+09
1.710785613302006960e+09
1.710785616316576004e+09
1.710785619331198931e+09
1.710785622346004963e+09
1.710785625337294102e+09
1.710785628352199078e+09
1.710785631343761921e+09
1.710785634358685970e+09
1.710785637351228952e+09
1.710785640388549089e+09
1.710785643380697966e+09
1.710785646372354984e+09
1.710785649364106894e+09
1.710785652355843067e+09
1.710785655370970011e+09
1.710785658411092043e+09
1.710785661377563953e+09
1.710785664368871927e+09
1.710785667360368967e+09
1.710785670351900101e+09
1.710785673343295097e+09
1.710785676334589958e+09
1.710785679326051950e+09
1.710785682317940950e+09
1.710785685309365034e+09
1.710785688300915956e+09
1.710785691315891027e+09
1.710785694307493925e+09
1.710785697299437046e+09
1.710785700290935040e+09
1.710785703305993080e+09
1.710785706298091888e+09
1.710785709313314915e+09
1.710785712305114031e+09
1.710785715320060968e+09
1.710785718334861040e+09
1.710785721325628042e+09
1.710785724316977978e+09
1.710785727332211018e+09
1.710785730346813917e+09
1.710785733315215111e+09
1.710785736329622984e+09
1.710785739344172955e+09
1.710785742358338118e+09
1.710785745349477053e+09
1.710785748363554955e+09
1.710785751378875971e+09
1.710785754368861914e+09
1.710785757383797884e+09
1.710785760373728991e+09
1.710785763364449978e+09
1.710785766355367899e+09
1.710785769346313000e+09
1.710785772337069035e+09
1.710785775327960968e+09
1.710785778341568947e+09
1.710785781355468035e+09
1.710785784346357107e+09
1.710785787337027073e+09
1.710785790327116966e+09
1.710785793340890884e+09
1.710785796331425905e+09
1.710785799322099924e+09
1.710785802313008070e+09
1.710785805303813934e+09
1.710785808294606924e+09
1.710785811285535097e+09
1.710785814277833939e+09
1.710785817267559052e+09
1.710785820258583069e+09
1.710785823249478102e+09
1.710785826240262032e+09
1.710785829230988979e+09
1.710785832221627951e+09
1.710785835212759972e+09
1.710785838203408003e+09
1.710785841195009947e+09
1.710785844186197042e+09
1.710785847200288057e+09
1.710785850214277983e+09
1.710785853205379009e+09
1.710785856196080923e+09
1.710785859187125921e+09
1.710785862200648069e+09
1.710785865192049980e+09
1.710785868183026075e+09
1.710785871174693108e+09
1.710785874165903091e+09
1.710785877161514997e+09
1.710785880147526979e+09
1.710785883138901949e+09
1.710785886130181074e+09
1.710785889144253969e+09
1.710785892135334015e+09
1.710785895149611950e+09
1.710785898140801907e+09
1.710785901132388115e+09
1.710785904123754978e+09
1.710785907118407011e+09
1.710785910129620075e+09
1.710785913143943071e+09
1.710785916134841919e+09
1.710785919126019955e+09
1.710785922140393972e+09
1.710785925131242990e+09
1.710785928121733904e+09
1.710785931117549896e+09
1.710785934103781939e+09
1.710785937117613077e+09
1.710785940131640911e+09
1.710785943168505907e+09
1.710785946182382107e+09
1.710785949196206093e+09
1.710785952210485935e+09
1.710785955224057913e+09
1.710785958237927914e+09
1.710785961230396032e+09
1.710785964220865965e+09
1.710785967257096052e+09
1.710785970248172998e+09
1.710785973239676952e+09
1.710785976230405092e+09
1.710785979245929956e+09
1.710785982259732008e+09
1.710785985251650095e+09
1.710785988268364906e+09
1.710785991303319931e+09
1.710785994294560909e+09
1.710785997308532953e+09
1.710786000322778940e+09
1.710786003290967941e+09
1.710786006281836033e+09
1.710786009296376944e+09
1.710786012287596941e+09
1.710786015278832912e+09
1.710786018270890951e+09
1.710786021261178017e+09
1.710786024275578022e+09
1.710786027266741037e+09
1.710786030258111954e+09
1.710786033272243977e+09
1.710786036263178110e+09
1.710786039254367113e+09
1.710786042246022940e+09
1.710786045260289907e+09
1.710786048251173973e+09
1.710786051266036987e+09
1.710786054257209063e+09
1.710786057319921970e+09
1.710786060309151888e+09
1.710786063300632954e+09
1.710786066314843893e+09
1.710786069306149006e+09
1.710786072297297001e+09
1.710786075288799047e+09
1.710786078326402903e+09
1.710786081294719934e+09
1.710786084286665916e+09
1.710786087278454065e+09
1.710786090269588947e+09
1.710786093260747910e+09
1.710786096275412083e+09
1.710786099290222883e+09
1.710786102305234909e+09
1.710786105296535969e+09
1.710786108288197994e+09
1.710786111279584885e+09
1.710786114272138119e+09
1.710786117287942886e+09
1.710786120280942917e+09
1.710786123296492100e+09
1.710786126289258957e+09
1.710786129305330992e+09
1.710786132297795057e+09
1.710786135290523052e+09
1.710786138283085108e+09
1.710786141275898933e+09
1.710786144268667936e+09
1.710786147284722090e+09
1.710786150277609110e+09
1.710786153293286085e+09
1.710786156285523891e+09
1.710786159324341059e+09
1.710786162338874102e+09
1.710786165353513956e+09
1.710786168344923019e+09
1.710786171359580040e+09
1.710786174374255896e+09
1.710786177366017103e+09
1.710786180357711077e+09
1.710786183372859001e+09
1.710786186387653112e+09
1.710786189379380941e+09
1.710786192394308090e+09
1.710786195385214090e+09
1.710786198399818897e+09
1.710786201391738892e+09
1.710786204384126902e+09
1.710786207399885893e+09
1.710786210414860964e+09
1.710786213406804085e+09
1.710786216421977043e+09
1.710786219413753986e+09
1.710786222428709984e+09
1.710786225420716047e+09
1.710786228435872078e+09
1.710786231428890944e+09
1.710786234422054052e+09
1.710786237438312054e+09
1.710786240455251932e+09
1.710786243448837996e+09
1.710786246442092896e+09
1.710786249435714960e+09
1.710786252429452896e+09
1.710786255445548058e+09
1.710786258461828947e+09
1.710786261470685005e+09
1.710786264471940994e+09
1.710786267488815069e+09
1.710786270482079983e+09
1.710786273475328922e+09
1.710786276491538048e+09
1.710786279507810116e+09
1.710786281393490076e+09
