1.709925074257927895e+09
1.709925086906704903e+09
1.709925099550632000e+09
1.709925112193058968e+09
1.709925124837663889e+09
1.709925137480427980e+09
1.709925150121997118e+09
1.709925162765636921e+09
1.709925175103593111e+09
1.709925187471271992e+09
1.709925200159324884e+09
1.709925212825359106e+09
1.709925225467674971e+09
1.709925238107330084e+09
1.709925250748642921e+09
1.709925263413081884e+09
1.709925276052783966e+09
1.709925288696083069e+09
1.709925301336488008e+09
1.709925313978543043e+09
1.709925326618541956e+09
1.709925339258749008e+09
1.709925351900497913e+09
1.709925364540967941e+09
1.709925377181401014e+09
1.709925389802295923e+09
1.709925402465022087e+09
1.709925415109267950e+09
1.709925427753638029e+09
1.709925440395347118e+09
1.709925453037188053e+09
1.709925465679933071e+09
1.709925478323613882e+09
1.709925490944346905e+09
1.709925503584485054e+09
1.709925516227562904e+09
1.709925528872935057e+09
1.709925541515672922e+09
1.709925554159898996e+09
1.709925566801255941e+09
1.709925579419723034e+09
1.709925592064781904e+09
1.709925604706182003e+09
1.709925617350348949e+09
1.709925629993870020e+09
1.709925642340974092e+09
1.709925654988082886e+09
1.709925662724196911e+09
