1.710532579136450052e+09
1.710532580689691067e+09
1.710532582219881058e+09
1.710532583750024080e+09
1.710532585257047892e+09
1.710532586763952017e+09
1.710532588294306040e+09
1.710532589778152943e+09
1.710532591285192013e+09
1.710532592792267084e+09
1.710532594276232958e+09
1.710532595806308985e+09
1.710532597313380003e+09
1.710532598843929052e+09
1.710532600327950001e+09
1.710532601835063934e+09
1.710532603342390060e+09
1.710532604849464893e+09
1.710532606333503962e+09
1.710532607840750933e+09
1.710532609394279003e+09
1.710532610901801109e+09
1.710532612409075022e+09
1.710532613916299105e+09
1.710532615447027922e+09
1.710532616954392910e+09
1.710532618484951973e+09
1.710532620038892031e+09
1.710532621522996902e+09
1.710532623007338047e+09
1.710532624491235971e+09
1.710532626021770954e+09
1.710532627552810907e+09
1.710532629059861898e+09
1.710532630545785904e+09
1.710532632075171947e+09
1.710532633582411051e+09
1.710532635089394093e+09
1.710532636620201111e+09
1.710532638127664089e+09
1.710532639634967089e+09
1.710532641166615009e+09
1.710532642696033955e+09
1.710532644205351114e+09
1.710532645711244106e+09
1.710532647287565947e+09
1.710532648794780016e+09
1.710532650280102015e+09
1.710532651787424088e+09
1.710532653316431999e+09
1.710532654846556902e+09
1.710532656354000092e+09
1.710532657930910110e+09
1.710532659437607050e+09
1.710532660921638966e+09
1.710532662476989985e+09
1.710532664005495071e+09
1.710532665513078928e+09
1.710532667020061970e+09
1.710532668527071953e+09
1.710532670036215067e+09
1.710532671541066885e+09
1.710532673071495056e+09
1.710532674624166965e+09
1.710532676154308081e+09
1.710532677684529066e+09
1.710532679191561937e+09
1.710532680675364971e+09
1.710532682182708979e+09
1.710532683690500975e+09
1.710532685220160961e+09
1.710532686750535965e+09
1.710532688257607937e+09
1.710532689857475042e+09
1.710532691364793062e+09
1.710532692871748924e+09
1.710532694379822016e+09
1.710532695909137011e+09
1.710532697416416883e+09
1.710532698923577070e+09
1.710532700454078913e+09
1.710532701984239101e+09
1.710532703491322041e+09
1.710532704999918938e+09
1.710532706505376101e+09
1.710532708012415886e+09
1.710532709542623997e+09
1.710532711095674038e+09
1.710532712648868084e+09
1.710532714155318022e+09
1.710532715709769964e+09
1.710532717238607883e+09
1.710532718745714903e+09
1.710532720252794981e+09
1.710532721762032032e+09
1.710532723243594885e+09
1.710532724750678062e+09
1.710532726280733109e+09
1.710532727811074972e+09
1.710532729318078041e+09
1.710532730825429916e+09
1.710532732378237963e+09
1.710532733885210037e+09
1.710532735415508986e+09
1.710532736922524929e+09
1.710532738406506062e+09
1.710532739913628101e+09
1.710532741397557974e+09
1.710532742904882908e+09
1.710532744411768913e+09
1.710532745918793917e+09
1.710532747426027060e+09
1.710532748956602097e+09
1.710532750486656904e+09
1.710532751970717907e+09
1.710532753501375914e+09
1.710532755008663893e+09
1.710532756515789032e+09
1.710532758022989035e+09
1.710532759530311108e+09
1.710532761037664890e+09
1.710532762545006990e+09
1.710532764029247999e+09
1.710532765538557053e+09
1.710532767043517113e+09
1.710532768553456068e+09
1.710532770057698965e+09
1.710532771541224003e+09
1.710532773048274040e+09
1.710532774555084944e+09
1.710532776039176941e+09
1.710532777546415091e+09
1.710532779054976940e+09
1.710532780607754946e+09
1.710532782117314100e+09
1.710532783599188089e+09
1.710532785129642963e+09
1.710532786637722969e+09
1.710532788167499065e+09
1.710532789652014017e+09
1.710532791158839941e+09
1.710532792689131021e+09
1.710532794196705103e+09
1.710532795703872919e+09
1.710532797234365940e+09
1.710532798741770029e+09
1.710532800228072882e+09
1.710532801756262064e+09
1.710532803265641928e+09
1.710532804770967960e+09
1.710532806278572083e+09
1.710532807785623074e+09
1.710532809292644024e+09
1.710532810846402884e+09
1.710532812353323936e+09
1.710532813860780954e+09
1.710532815367856979e+09
1.710532816875266075e+09
1.710532818382281065e+09
1.710532819912597895e+09
1.710532821466022968e+09
1.710532822973617077e+09
1.710532824480473042e+09
1.710532826011923075e+09
1.710532827541428089e+09
1.710532829048732996e+09
1.710532830556279898e+09
1.710532832086945057e+09
1.710532833594635963e+09
1.710532835102104902e+09
1.710532836633863926e+09
1.710532838140239954e+09
1.710532839624402046e+09
1.710532841131771088e+09
1.710532842662215948e+09
1.710532844146503925e+09
1.710532845653577089e+09
1.710532847185317993e+09
1.710532848737389088e+09
1.710532850244551897e+09
1.710532851728550911e+09
1.710532853235347986e+09
1.710532854718919992e+09
1.710532856202847958e+09
1.710532857711008072e+09
1.710532859240910053e+09
1.710532860747970104e+09
1.710532862255384922e+09
1.710532863786103010e+09
1.710532865316984892e+09
1.710532866825858116e+09
1.710532868355082035e+09
1.710532869885926008e+09
1.710532871394207001e+09
1.710532872902098894e+09
1.710532874431394100e+09
1.710532875938627958e+09
1.710532877445977926e+09
1.710532878953421116e+09
1.710532880460989952e+09
1.710532881968458891e+09
1.710532883499131918e+09
1.710532885053129911e+09
1.710532886583780050e+09
1.710532888092519999e+09
1.710532889668392897e+09
1.710532891175610065e+09
1.710532892706024885e+09
1.710532894236423969e+09
1.710532895743593931e+09
1.710532897250511885e+09
1.710532898734765053e+09
1.710532900241705894e+09
1.710532901771913052e+09
1.710532903302107096e+09
1.710532904857450962e+09
1.710532906386584997e+09
1.710532907915852070e+09
1.710532909422930002e+09
1.710532910953210115e+09
1.710532912460129976e+09
1.710532913944037914e+09
1.710532915451678038e+09
1.710532916958132029e+09
1.710532918465143919e+09
1.710532919948930025e+09
1.710532921456091881e+09
1.710532922939769030e+09
1.710532924446876049e+09
1.710532925977869987e+09
1.710532927483938932e+09
1.710532928967750072e+09
1.710532930474780083e+09
1.710532931982142925e+09
1.710532933512547970e+09
1.710532935042917967e+09
1.710532936527822018e+09
1.710532938056924105e+09
1.710532939588229895e+09
1.710532941094266891e+09
1.710532942648283005e+09
1.710532944178306103e+09
1.710532945685487986e+09
1.710532947217358112e+09
1.710532948769510984e+09
1.710532950276782990e+09
1.710532951806934118e+09
1.710532953314024925e+09
1.710532954844501019e+09
1.710532956351335049e+09
1.710532957836502075e+09
1.710532959365828991e+09
1.710532960896574974e+09
1.710532962408389091e+09
1.710532963934165955e+09
1.710532965418217897e+09
1.710532966925349951e+09
1.710532968455735922e+09
1.710532969962945938e+09
1.710532971470045090e+09
1.710532973000591993e+09
1.710532974531152964e+09
1.710532976038574934e+09
1.710532977545414925e+09
1.710532979075592995e+09
1.710532980582676888e+09
1.710532982066696882e+09
1.710532983574789047e+09
1.710532985127706051e+09
1.710532986680799007e+09
1.710532988187845945e+09
1.710532989741199017e+09
1.710532991248306036e+09
1.710532992732192039e+09
1.710532994239526987e+09
1.710532995746866941e+09
1.710532997253851891e+09
1.710532998761064053e+09
1.710533000268196106e+09
1.710533001798556089e+09
1.710533003328957081e+09
1.710533004836517096e+09
1.710533006343779087e+09
1.710533007874272108e+09
1.710533009405971050e+09
1.710533010911931992e+09
1.710533012442295074e+09
1.710533013949656010e+09
1.710533015480237961e+09
1.710533017010420084e+09
1.710533018517482042e+09
1.710533020025707960e+09
1.710533021554735899e+09
1.710533023084960938e+09
1.710533024591896057e+09
1.710533026122211933e+09
1.710533027629147053e+09
1.710533029159337997e+09
1.710533030667484999e+09
1.710533032219988108e+09
1.710533033727415085e+09
1.710533035211582899e+09
1.710533036742269039e+09
1.710533038249483109e+09
1.710533039756887913e+09
1.710533041241415024e+09
1.710533042772178888e+09
1.710533044279707909e+09
1.710533045762943029e+09
1.710533047270390034e+09
1.710533048778198004e+09
1.710533050307751894e+09
1.710533051862806082e+09
1.710533053391177893e+09
1.710533054898358107e+09
1.710533056428757906e+09
1.710533057936108112e+09
1.710533059443732977e+09
1.710533060950984001e+09
1.710533062458391905e+09
1.710533063989402056e+09
1.710533065496805906e+09
1.710533067027556896e+09
1.710533068558202028e+09
1.710533070088872910e+09
1.710533071596195936e+09
1.710533073103517056e+09
1.710533074610757113e+09
1.710533076117870092e+09
1.710533077648586988e+09
1.710533079179138899e+09
1.710533080663259983e+09
1.710533082170944929e+09
1.710533083701754093e+09
1.710533085209260941e+09
1.710533086716562033e+09
1.710533088224026918e+09
1.710533089731581926e+09
1.710533091238924980e+09
1.710533092746088982e+09
1.710533094253321886e+09
1.710533095783766985e+09
1.710533097314131021e+09
1.710533098821738005e+09
1.710533100305828094e+09
1.710533101813093901e+09
1.710533103320421934e+09
1.710533104850969076e+09
1.710533106335108995e+09
1.710533107819511890e+09
1.710533109329355955e+09
1.710533110856894970e+09
1.710533112364016056e+09
1.710533113848113060e+09
1.710533115401468992e+09
1.710533116908638954e+09
1.710533118415704012e+09
1.710533119946743011e+09
1.710533121500427961e+09
1.710533123029680014e+09
1.710533124537287951e+09
1.710533126067456007e+09
1.710533127574506044e+09
1.710533129081460953e+09
1.710533130588804960e+09
1.710533132095725060e+09
1.710533133626100063e+09
1.710533135133245945e+09
1.710533136687094927e+09
1.710533138220971107e+09
1.710533139701719999e+09
1.710533141232666016e+09
1.710533142739475012e+09
1.710533144249742985e+09
1.710533145777450085e+09
1.710533147308178902e+09
1.710533148815665960e+09
1.710533150323156118e+09
1.710533151853496075e+09
1.710533153360702038e+09
1.710533154868060112e+09
1.710533156376244068e+09
1.710533157952611923e+09
1.710533159436880112e+09
1.710533160944225073e+09
1.710533162427984953e+09
1.710533163935333967e+09
1.710533165442809105e+09
1.710533166950829029e+09
1.710533168480782986e+09
1.710533169965342999e+09
1.710533171472927094e+09
1.710533173026566029e+09
1.710533174534133911e+09
1.710533176041897058e+09
1.710533177619710922e+09
1.710533178227914095e+09
