1.710541337294106007e+09
1.710541338823196888e+09
1.710541340306958914e+09
1.710541341837019920e+09
1.710541343343672991e+09
1.710541344850508928e+09
1.710541346383040905e+09
1.710541347887088060e+09
1.710541349393913031e+09
1.710541350900880098e+09
1.710541352384854078e+09
1.710541353867990971e+09
1.710541355398039103e+09
1.710541356882648945e+09
1.710541358388113022e+09
1.710541359918092012e+09
1.710541361401588917e+09
1.710541362885001898e+09
1.710541364368714094e+09
1.710541365851851940e+09
1.710541367359530926e+09
1.710541368865758896e+09
1.710541370372781038e+09
1.710541371879633904e+09
1.710541373409713984e+09
1.710541374916749001e+09
1.710541376423564911e+09
1.710541377909733057e+09
1.710541379413868904e+09
1.710541380897505045e+09
1.710541382380950928e+09
1.710541383887675047e+09
1.710541385371181011e+09
1.710541386854496002e+09
1.710541388338685989e+09
1.710541389844715118e+09
1.710541391327951908e+09
1.710541392811568975e+09
1.710541394318557024e+09
1.710541395825599909e+09
1.710541397332289934e+09
1.710541398840272903e+09
1.710541400345912933e+09
1.710541401829399109e+09
1.710541403335978031e+09
1.710541404844321966e+09
1.710541406326762915e+09
1.710541407833442926e+09
1.710541409341068983e+09
1.710541410846731901e+09
1.710541412330291986e+09
1.710541413813811064e+09
1.710541415320116043e+09
1.710541416803483963e+09
1.710541418286940098e+09
1.710541419794790983e+09
1.710541421300527096e+09
1.710541422807149887e+09
1.710541424290705919e+09
1.710541425820827007e+09
1.710541427327475071e+09
1.710541428834089994e+09
1.710541430319367886e+09
1.710541431824692965e+09
1.710541433308381081e+09
1.710541434815088034e+09
1.710541436321893930e+09
1.710541437805543900e+09
1.710541439289283991e+09
1.710541440797039032e+09
1.710541442325568914e+09
1.710541443832391024e+09
1.710541445339062929e+09
1.710541446868961096e+09
1.710541448375643969e+09
1.710541449882639885e+09
1.710541451413878918e+09
1.710541452919646025e+09
1.710541454426570892e+09
1.710541455933613062e+09
1.710541457417509079e+09
1.710541458924748898e+09
1.710541460431579113e+09
1.710541461939810991e+09
1.710541463468859911e+09
1.710541464952573061e+09
1.710541466436220884e+09
1.710541467919907093e+09
1.710541469426618099e+09
1.710541470933222055e+09
1.710541472441267014e+09
1.710541473992866993e+09
1.710541475499331951e+09
1.710541477029362917e+09
1.710541478536510944e+09
1.710541480043411016e+09
1.710541481527270079e+09
1.710541483010940075e+09
1.710541484494642973e+09
1.710541486001502991e+09
1.710541487508749962e+09
1.710541489015633106e+09
1.710541490522625923e+09
1.710541492006532907e+09
1.710541493513720036e+09
1.710541495021104097e+09
1.710541496528182030e+09
1.710541498013552904e+09
1.710541499519442081e+09
1.710541501026726961e+09
1.710541502533792019e+09
1.710541504017460108e+09
1.710541505524678946e+09
1.710541507008650064e+09
1.710541508492310047e+09
1.710541509976201057e+09
1.710541511506702900e+09
1.710541513014004946e+09
1.710541514544437885e+09
1.710541516051446915e+09
1.710541517558391094e+09
1.710541519065494061e+09
1.710541520572895050e+09
1.710541522056793928e+09
1.710541523540808916e+09
1.710541525024913073e+09
1.710541526509149075e+09
1.710541528016284943e+09
1.710541529546868086e+09
1.710541531054373026e+09
1.710541532561469078e+09
1.710541534045510054e+09
1.710541535552663088e+09
1.710541537059528112e+09
1.710541538566493034e+09
1.710541540073240042e+09
1.710541541557410955e+09
1.710541543041157961e+09
1.710541544525115013e+09
1.710541546008992910e+09
1.710541547539055109e+09
1.710541549046066046e+09
1.710541550553095102e+09
1.710541552060295105e+09
1.710541553567433119e+09
1.710541555074616909e+09
1.710541556558420897e+09
1.710541558065535069e+09
1.710541559549503088e+09
1.710541561033705950e+09
1.710541562541085958e+09
1.710541564048130989e+09
1.710541565531790018e+09
1.710541567038844109e+09
1.710541568522845030e+09
1.710541570006886005e+09
1.710541571513864994e+09
1.710541572997728109e+09
1.710541574481331110e+09
1.710541575988379002e+09
1.710541577472210884e+09
1.710541578979351997e+09
1.710541580486596107e+09
1.710541581970707893e+09
1.710541583454722881e+09
1.710541584938647985e+09
1.710541586445657969e+09
1.710541587929991007e+09
1.710541589459433079e+09
1.710541590966551065e+09
1.710541592473937988e+09
1.710541593980710983e+09
1.710541595487680912e+09
1.710541596971240997e+09
1.710541598455125093e+09
1.710541599939059019e+09
1.710541601422636032e+09
1.710541602906254053e+09
1.710541604389928102e+09
1.710541605873653889e+09
1.710541607380434036e+09
1.710541608864444017e+09
1.710541610371496916e+09
1.710541611878458977e+09
1.710541613362270117e+09
1.710541614869469881e+09
1.710541616353450060e+09
1.710541617837574959e+09
1.710541619321650982e+09
1.710541620828933001e+09
1.710541622335930109e+09
1.710541623842904091e+09
1.710541625372935057e+09
1.710541626856775045e+09
1.710541628340840101e+09
1.710541629824837923e+09
1.710541631331979036e+09
1.710541632815984964e+09
1.710541634323040962e+09
1.710541635806864977e+09
1.710541637290755033e+09
1.710541638774923086e+09
1.710541640282819033e+09
1.710541641811825037e+09
1.710541643295618057e+09
1.710541644802627087e+09
1.710541646332870007e+09
1.710541647816591024e+09
1.710541649323518038e+09
1.710541650808537960e+09
1.710541652314325094e+09
1.710541653821424007e+09
1.710541655328573942e+09
1.710541656858694077e+09
1.710541658342528105e+09
1.710541659849814892e+09
1.710541661358237028e+09
1.710541662887077093e+09
1.710541664394115925e+09
1.710541665901403904e+09
1.710541667408627033e+09
1.710541668938786030e+09
1.710541670445712090e+09
1.710541671931341887e+09
1.710541673463038921e+09
1.710541674945010900e+09
1.710541676452054977e+09
1.710541677935978889e+09
1.710541679443224907e+09
1.710541680950515032e+09
1.710541682459691048e+09
1.710541683988017082e+09
1.710541685495143890e+09
1.710541686979438066e+09
1.710541688487057924e+09
1.710541689994318962e+09
1.710541691478351116e+09
1.710541692963706970e+09
1.710541694446512938e+09
1.710541695930298090e+09
1.710541697414297104e+09
1.710541698968007088e+09
1.710541700451659918e+09
1.710541701935662985e+09
1.710541703442740917e+09
1.710541704973161936e+09
1.710541706480660915e+09
1.710541707964407921e+09
1.710541709448267937e+09
1.710541710978663921e+09
1.710541712486018896e+09
1.710541713970978975e+09
1.710541715477000952e+09
1.710541716960968018e+09
1.710541718491497040e+09
1.710541719998693943e+09
1.710541721482500076e+09
1.710541722966253996e+09
1.710541724474181890e+09
1.710541726003046036e+09
1.710541727486562014e+09
1.710541728970315933e+09
1.710541730500559092e+09
1.710541732007435083e+09
1.710541733514039040e+09
1.710541734998719931e+09
1.710541736527889967e+09
1.710541738034904003e+09
1.710541739518104076e+09
1.710541741025106907e+09
1.710541742555154085e+09
1.710541744062489033e+09
1.710541745546787977e+09
1.710541747099270105e+09
1.710541748582967043e+09
1.710541750067027092e+09
1.710541751551136017e+09
1.710541753034538984e+09
1.710541754518249989e+09
1.710541756049022913e+09
1.710541757578612089e+09
1.710541759107965946e+09
1.710541760591562033e+09
1.710541762121599913e+09
1.710541763605295897e+09
1.710541765112277985e+09
1.710541766597565889e+09
1.710541768104748011e+09
1.710541769610133886e+09
1.710541771094367981e+09
1.710541772601380110e+09
1.710541774108887911e+09
1.710541775615871906e+09
1.710541777101860046e+09
1.710541778631087065e+09
1.710541780138083935e+09
1.710541781622375011e+09
1.710541783130563974e+09
1.710541784660468102e+09
1.710541786167624950e+09
1.710541787698869944e+09
1.710541789228400946e+09
1.710541790735622883e+09
1.710541792242933989e+09
1.710541793750397921e+09
1.710541795257612944e+09
1.710541796764904022e+09
1.710541798248862028e+09
1.710541799756217957e+09
1.710541801286516905e+09
1.710541802770680904e+09
1.710541804277676105e+09
1.710541805785039902e+09
1.710541807292201996e+09
1.710541808776994944e+09
1.710541810283159971e+09
1.710541811790421009e+09
1.710541813274450064e+09
1.710541814781903982e+09
1.710541816312477112e+09
1.710541817796279907e+09
1.710541819304461002e+09
1.710541820833487034e+09
1.710541822340643883e+09
1.710541823824266911e+09
1.710541825354444027e+09
1.710541826838363886e+09
1.710541828345448017e+09
1.710541829854149103e+09
1.710541831406131983e+09
1.710541832890469074e+09
1.710541834374169111e+09
1.710541835858103991e+09
1.710541837365461111e+09
1.710541838849590063e+09
1.710541840357794046e+09
1.710541841887031078e+09
1.710541843370934963e+09
1.710541844855168104e+09
1.710541846361999989e+09
1.710541847845766068e+09
1.710541849352932930e+09
1.710541850863480091e+09
1.710541852413506031e+09
1.710541853944058895e+09
1.710541855451278925e+09
1.710541856958614111e+09
1.710541858466388941e+09
1.710541859973661900e+09
1.710541861482616901e+09
1.710541863011434078e+09
1.710541864495531082e+09
1.710541866003005028e+09
1.710541867533312082e+09
1.710541869040692091e+09
1.710541870524797916e+09
1.710541872009795904e+09
1.710541873562777996e+09
1.710541875046916962e+09
1.710541876531338930e+09
1.710541878015425920e+09
1.710541879522842884e+09
1.710541881007134914e+09
1.710541882492016077e+09
1.710541883998651028e+09
1.710541885506059885e+09
1.710541887013761997e+09
1.710541888497545958e+09
1.710541889981832027e+09
1.710541891466079950e+09
1.710541892974284887e+09
1.710541894480659008e+09
1.710541895964672089e+09
1.710541897448829889e+09
1.710541898955940962e+09
1.710541900463054895e+09
1.710541901970475912e+09
1.710541903455696106e+09
1.710541904984963894e+09
1.710541906492194891e+09
1.710541907999541044e+09
1.710541909576651096e+09
1.710541911083636999e+09
1.710541912591171026e+09
1.710541914099910975e+09
1.710541915606272936e+09
1.710541917113796949e+09
1.710541918620975971e+09
1.710541920105173111e+09
1.710541921612757921e+09
1.710541923143496037e+09
1.710541924650726080e+09
1.710541926158287048e+09
1.710541927665740967e+09
1.710541929173132896e+09
1.710541930680039883e+09
1.710541932233781099e+09
1.710541933717860937e+09
1.710541935202018023e+09
1.710541936575098038e+09
