1.699893711527477026e+09
1.699893712915400028e+09
1.699893714300759077e+09
1.699893715686990976e+09
1.699893717008085012e+09
1.699893718308547974e+09
1.699893719609746933e+09
1.699893720915199995e+09
1.699893722312747002e+09
1.699893723696485043e+09
1.699893725088937044e+09
1.699893726478512049e+09
1.699893727862143993e+09
1.699893729247414112e+09
1.699893730630332947e+09
1.699893732019468069e+09
1.699893733406658888e+09
1.699893734787362099e+09
1.699893736171324015e+09
1.699893737555212021e+09
1.699893738937114000e+09
1.699893740320758104e+09
1.699893741697833061e+09
1.699893743098932981e+09
1.699893744499218941e+09
1.699893745891769886e+09
1.699893747277977943e+09
1.699893748656132936e+09
1.699893750039165020e+09
1.699893751423602104e+09
1.699893752801218987e+09
1.699893754180649996e+09
1.699893755565500021e+09
1.699893756949192047e+09
1.699893758330063105e+09
1.699893759709239960e+09
1.699893761093400955e+09
1.699893762474513054e+09
1.699893763855823994e+09
1.699893765242788076e+09
1.699893766630677938e+09
1.699893768018940926e+09
1.699893769403371096e+09
1.699893770789531946e+09
1.699893772168581009e+09
1.699893773553129911e+09
1.699893774934895039e+09
1.699893776332370996e+09
1.699893777725918055e+09
1.699893779118197918e+09
1.699893780500683069e+09
1.699893781881807089e+09
1.699893783266349077e+09
1.699893784645589113e+09
1.699893786040471077e+09
1.699893787438522100e+09
1.699893788829108000e+09
1.699893790229424000e+09
1.699893791617710114e+09
1.699893793004154921e+09
1.699893794391808033e+09
1.699893795773556948e+09
1.699893797156563997e+09
1.699893798543644905e+09
1.699893799942575932e+09
1.699893801321355104e+09
1.699893802706120014e+09
1.699893804085589886e+09
1.699893805466743946e+09
1.699893806854310989e+09
1.699893808230078936e+09
1.699893809612684011e+09
1.699893810994335890e+09
1.699893812380754948e+09
1.699893813761931896e+09
1.699893815145255089e+09
1.699893816528171062e+09
1.699893817909171104e+09
1.699893819289300919e+09
1.699893820669483900e+09
1.699893822048912048e+09
1.699893823432535887e+09
1.699893824819324017e+09
1.699893826202168941e+09
1.699893827595545053e+09
1.699893828992794991e+09
1.699893830377162933e+09
1.699893831760518074e+09
1.699893833149738073e+09
1.699893834533773899e+09
1.699893835919070959e+09
1.699893837308490992e+09
1.699893838689829111e+09
1.699893840068401098e+09
1.699893841454186916e+09
1.699893842847753048e+09
1.699893844248965979e+09
1.699893845630817890e+09
1.699893847005686998e+09
1.699893848387511015e+09
1.699893849776896000e+09
1.699893851155242920e+09
1.699893852538383007e+09
1.699893853921068907e+09
1.699893855299745083e+09
1.699893856684907913e+09
1.699893858063271046e+09
1.699893859447314978e+09
1.699893860843802929e+09
1.699893862247215033e+09
1.699893863635294914e+09
1.699893865018109083e+09
1.699893866418519974e+09
1.699893867811901093e+09
1.699893869194053888e+09
1.699893870580204010e+09
1.699893871959621906e+09
1.699893873353908062e+09
1.699893874757730007e+09
1.699893876142344952e+09
1.699893877536443949e+09
1.699893878920615911e+09
1.699893880304769993e+09
1.699893881688976049e+09
1.699893883077151060e+09
1.699893884457503080e+09
1.699893885839907885e+09
1.699893887226246119e+09
1.699893888608433008e+09
1.699893889984921932e+09
1.699893891375664949e+09
1.699893892760607958e+09
1.699893894146531105e+09
1.699893895534185886e+09
1.699893896919437885e+09
1.699893898300162077e+09
1.699893899684580088e+09
1.699893901064708948e+09
1.699893902443763971e+09
1.699893903828592062e+09
1.699893905214417934e+09
1.699893906600486994e+09
1.699893907985351086e+09
1.699893909373550892e+09
1.699893910765743017e+09
1.699893912166874886e+09
1.699893913567609072e+09
1.699893914963382006e+09
1.699893916341016054e+09
1.699893917730065107e+09
1.699893919111355066e+09
1.699893920496454954e+09
1.699893921882330894e+09
1.699893923268563986e+09
1.699893924651323080e+09
1.699893926034529924e+09
1.699893927419405937e+09
1.699893928797935963e+09
1.699893930185517073e+09
1.699893931569645882e+09
1.699893932948880911e+09
1.699893934334631920e+09
1.699893935723790884e+09
1.699893937107244968e+09
1.699893938489084005e+09
1.699893939877238035e+09
1.699893941261929989e+09
1.699893942646923065e+09
1.699893944028871059e+09
1.699893945419245958e+09
1.699893946796344042e+09
1.699893948177108049e+09
1.699893949566260099e+09
1.699893950952651978e+09
1.699893952334074020e+09
1.699893953716957092e+09
1.699893955097713947e+09
1.699893956479866028e+09
1.699893957863451958e+09
1.699893959246336937e+09
1.699893960646584034e+09
1.699893962047679901e+09
1.699893963427164078e+09
1.699893964805610895e+09
1.699893966189002991e+09
1.699893967573466063e+09
1.699893968957355976e+09
1.699893970340969086e+09
1.699893971727433920e+09
1.699893973109388113e+09
1.699893974492415905e+09
1.699893975880285978e+09
1.699893977292551041e+09
1.699893978685019016e+09
1.699893980071641922e+09
1.699893981468950033e+09
1.699893982854908943e+09
1.699893984239952087e+09
1.699893985618932009e+09
1.699893987001807928e+09
1.699893988381740093e+09
1.699893989764760017e+09
1.699893991148566961e+09
1.699893992530035973e+09
1.699893993918837070e+09
1.699893995303756952e+09
1.699893996686307907e+09
1.699893998070825100e+09
1.699893999456538916e+09
1.699894000842636108e+09
1.699894002229773045e+09
1.699894003628173113e+09
1.699894005008573055e+09
1.699894006393385887e+09
1.699894007777762890e+09
1.699894009158019066e+09
1.699894010543659925e+09
1.699894011926589966e+09
1.699894013309225082e+09
1.699894014701211929e+09
1.699894016086945057e+09
1.699894017469577074e+09
1.699894018857285023e+09
1.699894020235899925e+09
1.699894021621426105e+09
1.699894023020541906e+09
1.699894024422694921e+09
1.699894025809648037e+09
1.699894027192802906e+09
1.699894028575149059e+09
1.699894029955271006e+09
1.699894031341005087e+09
1.699894032723323107e+09
1.699894034106015921e+09
1.699894035485516071e+09
1.699894036871355057e+09
1.699894038254404068e+09
1.699894039635318041e+09
1.699894041025289059e+09
1.699894042430782080e+09
1.699894043812232018e+09
1.699894045192723036e+09
1.699894046570209026e+09
1.699894047957185030e+09
1.699894049334536076e+09
1.699894050713803053e+09
1.699894052092638016e+09
1.699894053477247953e+09
1.699894054868957996e+09
1.699894056258028030e+09
1.699894057655503035e+09
1.699894059036870003e+09
1.699894060419570923e+09
1.699894061804691076e+09
1.699894063183301926e+09
1.699894064565416098e+09
1.699894065947973967e+09
1.699894067333568096e+09
1.699894068723803043e+09
1.699894070116378069e+09
1.699894071506838083e+09
1.699894072888453960e+09
1.699894074283015013e+09
1.699894075678392887e+09
1.699894077059016943e+09
1.699894078443150997e+09
1.699894079828763962e+09
1.699894081204834938e+09
1.699894082587837934e+09
1.699894083971676111e+09
1.699894085358464003e+09
1.699894086741090059e+09
1.699894088127983093e+09
1.699894089506803989e+09
1.699894090895263910e+09
1.699894092276758909e+09
1.699894093660151005e+09
1.699894095040616989e+09
1.699894096420258999e+09
1.699894097803605080e+09
1.699894099188472033e+09
1.699894100568448067e+09
1.699894101947918892e+09
1.699894103331043959e+09
1.699894104712760925e+09
1.699894106107702971e+09
1.699894107520593882e+09
1.699894108903194904e+09
1.699894110299823046e+09
1.699894111701488972e+09
1.699894113092428923e+09
1.699894114485109091e+09
1.699894115873342991e+09
1.699894117258070946e+09
1.699894118650707960e+09
1.699894120030446053e+09
1.699894121411000013e+09
1.699894122795677900e+09
1.699894124181391954e+09
1.699894125563430071e+09
1.699894126945326090e+09
1.699894128330573082e+09
1.699894129723329067e+09
1.699894131110662937e+09
1.699894132496817112e+09
1.699894133888930082e+09
1.699894135273735046e+09
1.699894136650856972e+09
1.699894138040394068e+09
1.699894139430943012e+09
1.699894140827610016e+09
1.699894142232444048e+09
1.699894143643760920e+09
1.699894145055191994e+09
1.699894146452414036e+09
1.699894147843394041e+09
1.699894149226072073e+09
1.699894150610327959e+09
1.699894151991482973e+09
1.699894153382163048e+09
1.699894154783510923e+09
1.699894156169207096e+09
1.699894157557133913e+09
1.699894158950424910e+09
1.699894160333621979e+09
1.699894161718044996e+09
1.699894163110342026e+09
1.699894164497782946e+09
1.699894165884622097e+09
1.699894167267596960e+09
1.699894168648099899e+09
1.699894170031213045e+09
1.699894171414274931e+09
1.699894172810347080e+09
1.699894174209692001e+09
1.699894175602813959e+09
1.699894177005270004e+09
1.699894178390058041e+09
1.699894179770706892e+09
1.699894181153425932e+09
1.699894182537648916e+09
1.699894183933774948e+09
1.699894185337053061e+09
1.699894186727911949e+09
1.699894188110302925e+09
1.699894189489475965e+09
1.699894190877633095e+09
1.699894192266166925e+09
1.699894193677010059e+09
1.699894195060600996e+09
1.699894196440402985e+09
1.699894197825959921e+09
1.699894199209467888e+09
1.699894200591783047e+09
1.699894201974359989e+09
1.699894203358604908e+09
1.699894204742950916e+09
1.699894206128081083e+09
1.699894207518404961e+09
1.699894208903661966e+09
1.699894210295892954e+09
1.699894211681412935e+09
1.699894213067819118e+09
1.699894214464407921e+09
1.699894215878753901e+09
1.699894217263853073e+09
1.699894218651555061e+09
1.699894220036191940e+09
1.699894221417546988e+09
1.699894222798906088e+09
1.699894224181253910e+09
1.699894225566854000e+09
1.699894226951147079e+09
1.699894228328252077e+09
1.699894229719609976e+09
1.699894231098463058e+09
1.699894232482161999e+09
1.699894233867125034e+09
1.699894235250961065e+09
1.699894236632173061e+09
1.699894238017155886e+09
1.699894239398215055e+09
1.699894240777295113e+09
1.699894242157666922e+09
1.699894243550559998e+09
1.699894244935291052e+09
1.699894246318489075e+09
1.699894247717405081e+09
1.699894249121372938e+09
1.699894250503787041e+09
1.699894251886298895e+09
1.699894253271557093e+09
1.699894254646379948e+09
1.699894256028404951e+09
1.699894257404417038e+09
1.699894258783480883e+09
1.699894260171338081e+09
1.699894261566559076e+09
1.699894262947845936e+09
1.699894264332739115e+09
1.699894265716350079e+09
1.699894267099863052e+09
1.699894268483227968e+09
1.699894269863251925e+09
1.699894271251409054e+09
1.699894272642134905e+09
1.699894274047444105e+09
1.699894275429749966e+09
1.699894276820800066e+09
1.699894278207290888e+09
1.699894279593132019e+09
1.699894280972094059e+09
1.699894282356476068e+09
1.699894283741576910e+09
1.699894285120759010e+09
1.699894286515820980e+09
1.699894287906181097e+09
1.699894289289087057e+09
1.699894290672205925e+09
1.699894292055660009e+09
1.699894293441550970e+09
1.699894294829006910e+09
1.699894296212543964e+09
1.699894297597382069e+09
1.699894298980593920e+09
1.699894300374696016e+09
1.699894301770397902e+09
1.699894303151098967e+09
1.699894304542753935e+09
1.699894305927671909e+09
1.699894307309950113e+09
1.699894308692414045e+09
1.699894310074032068e+09
1.699894311465676069e+09
1.699894312865432024e+09
1.699894314256431103e+09
1.699894315661787987e+09
1.699894317046250105e+09
1.699894318453139067e+09
1.699894319843589067e+09
1.699894321232578993e+09
1.699894322629431963e+09
1.699894324022551060e+09
1.699894325346256018e+09
1.699894326652884007e+09
1.699894327955033064e+09
1.699894329261189938e+09
1.699894330653186083e+09
1.699894332039834976e+09
1.699894333426923037e+09
1.699894334812202930e+09
1.699894336195122004e+09
1.699894337581026077e+09
1.699894338968518019e+09
1.699894340350205898e+09
1.699894341733503103e+09
1.699894343121104956e+09
1.699894344507213116e+09
1.699894345887614012e+09
1.699894347277585983e+09
1.699894348662672997e+09
1.699894350042284012e+09
1.699894351428832054e+09
1.699894352810395002e+09
1.699894354201930046e+09
1.699894355596693993e+09
1.699894356986687899e+09
1.699894358368227005e+09
1.699894359753158092e+09
1.699894361136424065e+09
1.699894362517271042e+09
1.699894363910429955e+09
1.699894365325649977e+09
1.699894366713495016e+09
1.699894368101234913e+09
1.699894369486076117e+09
1.699894370868535995e+09
1.699894372255423069e+09
1.699894373642379999e+09
1.699894375024816036e+09
1.699894376420814991e+09
1.699894377832638979e+09
1.699894379215306997e+09
1.699894380597157955e+09
1.699894381985569954e+09
1.699894383365761995e+09
1.699894384756758928e+09
1.699894386164275885e+09
1.699894387549649000e+09
1.699894388933886051e+09
1.699894390321542978e+09
1.699894391704497099e+09
1.699894393094569921e+09
1.699894394498079062e+09
1.699894395881602049e+09
1.699894397270483971e+09
1.699894398655158043e+09
1.699894400041066885e+09
1.699894401425966978e+09
1.699894402807200909e+09
1.699894404196872950e+09
1.699894405585745096e+09
1.699894406978326082e+09
1.699894408363369942e+09
1.699894409755211115e+09
1.699894411150113106e+09
1.699894412533515930e+09
1.699894413919436932e+09
1.699894415318027020e+09
1.699894416702645063e+09
1.699894418087600946e+09
1.699894419471040964e+09
1.699894420856599092e+09
1.699894422238770008e+09
1.699894423617815018e+09
1.699894425002382994e+09
1.699894426395181894e+09
1.699894427784178972e+09
1.699894429169451952e+09
1.699894430551445007e+09
1.699894431947560072e+09
1.699894433350538015e+09
1.699894434742249012e+09
1.699894436145776987e+09
1.699894437449538946e+09
1.699894438751713037e+09
1.699894440054089069e+09
1.699894441368200064e+09
1.699894442753854990e+09
1.699894444136339903e+09
1.699894445517798901e+09
1.699894446905442953e+09
1.699894448289949894e+09
1.699894449670224905e+09
1.699894451061065912e+09
1.699894452442214966e+09
1.699894453826503992e+09
1.699894455209800005e+09
1.699894456592427969e+09
1.699894457985239029e+09
1.699894459382635117e+09
1.699894460767407894e+09
1.699894462153776884e+09
1.699894463538136959e+09
1.699894464925774097e+09
1.699894466317492962e+09
1.699894467698168993e+09
1.699894469087743044e+09
1.699894470479463100e+09
1.699894471866698980e+09
1.699894473253629923e+09
1.699894474641341925e+09
1.699894476025229931e+09
1.699894477418430090e+09
1.699894478816107988e+09
1.699894480199174881e+09
1.699894481583086967e+09
1.699894482963495970e+09
1.699894484347064972e+09
1.699894485724481106e+09
1.699894487105871916e+09
1.699894488485009909e+09
1.699894489872747898e+09
1.699894491254127979e+09
1.699894492569341898e+09
1.699894493874277115e+09
1.699894495178021908e+09
1.699894496506474972e+09
1.699894497897604942e+09
1.699894499280170918e+09
1.699894500669081926e+09
1.699894502054456949e+09
1.699894503435117006e+09
1.699894504824943066e+09
1.699894506209903002e+09
1.699894507593558073e+09
1.699894508979065895e+09
1.699894510367717028e+09
1.699894511753328085e+09
1.699894513145404100e+09
1.699894514549688101e+09
1.699894515930692911e+09
1.699894517317353964e+09
1.699894518703232050e+09
1.699894520090563059e+09
1.699894521480499029e+09
1.699894522865288973e+09
1.699894524250078917e+09
1.699894525627010107e+09
1.699894526930006981e+09
1.699894528232311010e+09
1.699894529535306931e+09
1.699894530867325068e+09
1.699894532261595964e+09
1.699894533659452915e+09
1.699894535041856050e+09
1.699894536429544926e+09
1.699894537818331003e+09
1.699894539196965933e+09
1.699894540584182024e+09
1.699894541972436905e+09
1.699894543355230093e+09
1.699894544734649897e+09
1.699894546121314049e+09
1.699894547508488894e+09
1.699894548888346910e+09
1.699894550271065950e+09
1.699894551654687881e+09
1.699894553037245989e+09
1.699894554424501896e+09
1.699894555805969000e+09
1.699894557189822912e+09
1.699894558577894926e+09
1.699894559957580090e+09
1.699894561337307930e+09
1.699894562721899986e+09
1.699894564103733063e+09
1.699894565496325016e+09
1.699894566884896040e+09
1.699894568282581091e+09
1.699894569680670977e+09
1.699894571072803020e+09
1.699894572484438896e+09
1.699894573883477926e+09
1.699894575276521921e+09
1.699894576664828062e+09
1.699894578046539068e+09
1.699894579433335066e+09
1.699894580815257072e+09
1.699894582198072910e+09
1.699894583589145899e+09
1.699894584981961966e+09
1.699894586373959064e+09
1.699894587772351980e+09
1.699894589163085938e+09
1.699894590554404974e+09
1.699894591965370893e+09
1.699894593353492022e+09
1.699894594741204977e+09
1.699894596123580933e+09
1.699894597508518934e+09
1.699894598893327951e+09
1.699894600287520885e+09
1.699894601687592030e+09
1.699894603071301937e+09
1.699894604461783886e+09
1.699894605843585968e+09
1.699894607224334002e+09
1.699894608609731913e+09
1.699894610009670973e+09
1.699894611395287991e+09
1.699894612775846958e+09
1.699894614156449080e+09
1.699894615540911913e+09
1.699894616926882982e+09
1.699894618311930895e+09
1.699894619703269005e+09
1.699894621087754965e+09
1.699894622476195097e+09
1.699894623861541033e+09
1.699894625245244026e+09
1.699894626634124041e+09
1.699894628017779112e+09
1.699894629396811008e+09
1.699894630783528090e+09
1.699894632170696020e+09
1.699894633561295033e+09
1.699894634961203098e+09
1.699894636355334044e+09
1.699894637748512030e+09
1.699894639134141922e+09
1.699894640518614054e+09
1.699894641905348063e+09
1.699894643293118000e+09
1.699894644673152924e+09
1.699894646057063103e+09
1.699894647444284916e+09
1.699894648832614899e+09
1.699894650237788916e+09
1.699894651638402939e+09
1.699894653027333021e+09
1.699894654413086891e+09
1.699894655799045086e+09
1.699894657186388016e+09
1.699894658573085070e+09
1.699894659962752104e+09
1.699894661350922108e+09
1.699894662735263109e+09
1.699894664121114969e+09
1.699894665513876915e+09
1.699894666914398909e+09
1.699894668302623987e+09
1.699894669684094906e+09
1.699894671069626093e+09
1.699894672455600977e+09
1.699894673832271099e+09
1.699894675221438885e+09
1.699894676598165035e+09
1.699894677987396002e+09
1.699894679379112005e+09
1.699894680766509056e+09
1.699894682158912897e+09
1.699894683538368940e+09
1.699894684938843966e+09
1.699894686333174944e+09
1.699894687727452993e+09
1.699894689126796007e+09
1.699894690510780096e+09
1.699894691892498970e+09
1.699894693279522896e+09
1.699894694663110971e+09
1.699894696044544935e+09
1.699894697424436092e+09
1.699894698809844971e+09
1.699894700195085049e+09
1.699894701584691048e+09
1.699894702970448017e+09
1.699894704351752043e+09
1.699894705729280949e+09
1.699894707111675024e+09
1.699894708489639997e+09
1.699894709876948118e+09
1.699894711263725042e+09
1.699894712651735067e+09
1.699894714040501118e+09
1.699894715427350998e+09
1.699894716805377960e+09
1.699894718193831921e+09
1.699894719573581934e+09
1.699894720956857920e+09
1.699894722343554020e+09
1.699894723727833986e+09
1.699894725112189054e+09
1.699894726494746923e+09
1.699894727876782894e+09
1.699894729266362906e+09
1.699894730648777962e+09
1.699894732035795927e+09
1.699894733415745020e+09
1.699894734802690983e+09
1.699894736192812920e+09
1.699894737594319105e+09
1.699894738974709988e+09
1.699894740359174967e+09
1.699894741742281914e+09
1.699894743134251118e+09
1.699894744522952080e+09
1.699894745907598972e+09
1.699894747299694061e+09
1.699894748685780048e+09
1.699894750065723896e+09
1.699894751450424910e+09
1.699894752826791048e+09
1.699894754215637922e+09
1.699894755591593027e+09
1.699894756972585917e+09
1.699894758354499102e+09
1.699894759738516092e+09
1.699894761125020027e+09
1.699894762510250092e+09
1.699894763894525051e+09
1.699894765280482054e+09
1.699894766665605068e+09
1.699894768049051046e+09
1.699894769441065073e+09
1.699894770825437069e+09
1.699894772213001966e+09
1.699894773598618031e+09
1.699894774987185955e+09
1.699894776368278027e+09
1.699894777752793074e+09
1.699894779146462917e+09
1.699894780543436050e+09
1.699894781926079035e+09
1.699894783311064005e+09
1.699894784701565027e+09
1.699894786083895922e+09
1.699894787467191935e+09
1.699894788854827881e+09
1.699894790241055965e+09
1.699894791625830889e+09
1.699894793011652946e+09
1.699894794396490097e+09
1.699894795783379078e+09
1.699894797165327072e+09
1.699894798550101995e+09
1.699894799932707071e+09
1.699894801315618038e+09
1.699894802706792116e+09
1.699894804086193085e+09
1.699894805466502905e+09
1.699894806849005938e+09
1.699894808232903957e+09
1.699894809617345095e+09
1.699894810998886108e+09
1.699894812385472059e+09
1.699894813776866913e+09
1.699894815182725906e+09
1.699894816568167925e+09
1.699894817959778070e+09
1.699894819368767977e+09
1.699894820750736952e+09
1.699894822127448082e+09
1.699894823506226063e+09
1.699894824893244982e+09
1.699894826278877020e+09
1.699894827661189079e+09
1.699894829047394037e+09
1.699894830435403109e+09
1.699894831817007065e+09
1.699894833199338913e+09
1.699894834583429098e+09
1.699894835978411913e+09
1.699894837377374887e+09
1.699894838758619070e+09
1.699894840144269943e+09
1.699894841543845892e+09
1.699894842929151058e+09
1.699894844307404995e+09
1.699894845693732977e+09
1.699894847078418970e+09
1.699894848458973885e+09
1.699894849846318960e+09
1.699894851231453896e+09
1.699894852615542889e+09
1.699894853996402979e+09
1.699894855383028030e+09
1.699894856726002932e+09
1.699894858034580946e+09
1.699894859337621927e+09
1.699894860640340090e+09
1.699894861996921062e+09
1.699894863388222933e+09
1.699894864776710033e+09
1.699894866165473938e+09
1.699894867551739931e+09
1.699894868938358068e+09
1.699894870321906090e+09
1.699894871706676006e+09
1.699894873086765051e+09
1.699894874470798969e+09
1.699894875848674059e+09
1.699894877228306055e+09
1.699894878607836008e+09
1.699894879989062071e+09
1.699894881384924889e+09
1.699894882792202950e+09
1.699894884181600094e+09
1.699894885568546057e+09
1.699894886956793070e+09
1.699894888346396923e+09
1.699894889734807968e+09
1.699894891123096943e+09
1.699894892511732101e+09
1.699894893891807079e+09
1.699894895284437895e+09
1.699894896676501036e+09
1.699894898059552908e+09
1.699894899454288006e+09
1.699894900865521908e+09
1.699894902257396936e+09
1.699894903646336079e+09
1.699894905033355951e+09
1.699894906419171095e+09
1.699894907804081917e+09
1.699894909189969063e+09
1.699894910567044020e+09
1.699894911952286005e+09
1.699894913345207930e+09
1.699894914727502108e+09
1.699894916111062050e+09
1.699894917493987083e+09
1.699894918886367083e+09
1.699894920270765066e+09
1.699894921662626982e+09
1.699894923044092894e+09
1.699894924430274963e+09
1.699894925815047979e+09
1.699894927200376987e+09
1.699894928585884094e+09
1.699894929971223116e+09
1.699894931359055996e+09
1.699894932741981030e+09
1.699894934137351990e+09
1.699894935544583082e+09
1.699894936931721926e+09
1.699894938317167997e+09
1.699894939699194908e+09
1.699894941087378979e+09
1.699894942469662905e+09
1.699894943862878084e+09
1.699894945266293049e+09
1.699894946660166979e+09
1.699894948045849085e+09
1.699894949429544926e+09
1.699894950823291063e+09
1.699894952231436968e+09
1.699894953615000010e+09
1.699894955000807047e+09
1.699894956389909029e+09
1.699894957775830984e+09
1.699894959161874056e+09
1.699894960544837952e+09
1.699894961927498102e+09
1.699894963313002110e+09
1.699894964694344044e+09
1.699894966074830055e+09
1.699894967460472107e+09
1.699894968845695019e+09
1.699894970234713078e+09
1.699894971619605064e+09
1.699894973007653952e+09
1.699894974396528006e+09
1.699894975781574965e+09
1.699894977156856060e+09
1.699894978541125059e+09
1.699894979923729897e+09
1.699894981301302910e+09
1.699894982682271957e+09
1.699894984068336010e+09
1.699894985457567930e+09
1.699894986839539051e+09
1.699894988229703903e+09
1.699894989620955944e+09
1.699894991002266884e+09
1.699894992387862921e+09
1.699894993778184891e+09
1.699894995153755903e+09
1.699894996541763067e+09
1.699894997938693047e+09
1.699894999348758936e+09
1.699895000737863064e+09
1.699895002120101929e+09
1.699895003523346901e+09
1.699895004926366091e+09
1.699895006313503027e+09
1.699895007700403929e+09
1.699895009083549976e+09
1.699895010469095945e+09
1.699895011853823900e+09
1.699895013251197100e+09
1.699895014656861067e+09
1.699895016045779943e+09
1.699895017431103945e+09
1.699895018811662912e+09
1.699895020191339016e+09
1.699895021578303099e+09
1.699895022959053993e+09
1.699895024342662096e+09
1.699895025730294943e+09
1.699895027111135960e+09
1.699895028493659019e+09
1.699895029876246929e+09
1.699895031267766953e+09
1.699895032653578043e+09
1.699895034035887957e+09
1.699895035422741890e+09
1.699895036809170961e+09
1.699895038191348076e+09
1.699895039576493025e+09
1.699895040960194111e+09
1.699895042339253902e+09
1.699895043725975037e+09
1.699895045113508940e+09
1.699895046492850065e+09
1.699895047878097057e+09
1.699895049266212940e+09
1.699895050648498058e+09
1.699895052029616117e+09
1.699895053414885998e+09
1.699895054801428080e+09
1.699895056187875986e+09
1.699895057579009056e+09
1.699895058957216978e+09
1.699895060335712910e+09
1.699895061719964027e+09
1.699895063107677937e+09
1.699895064499737978e+09
1.699895065885771990e+09
1.699895067263057947e+09
1.699895068637727022e+09
1.699895070025176048e+09
1.699895071412600994e+09
1.699895072809124947e+09
1.699895074215735912e+09
1.699895075615564108e+09
1.699895077003417015e+09
1.699895078400511026e+09
1.699895079790316105e+09
1.699895081173269033e+09
1.699895082551645994e+09
1.699895083937122107e+09
1.699895085318501949e+09
1.699895086702467918e+09
1.699895088085156918e+09
1.699895089469485998e+09
1.699895090847904921e+09
1.699895092235290051e+09
1.699895093617225885e+09
1.699895095002751112e+09
1.699895096387155056e+09
1.699895097785278082e+09
1.699895099186697006e+09
1.699895100571362972e+09
1.699895101956804037e+09
1.699895103357618093e+09
1.699895104761733055e+09
1.699895106154594898e+09
1.699895107552653074e+09
1.699895108938194990e+09
1.699895110320892096e+09
1.699895111698014975e+09
1.699895113086313009e+09
1.699895114468472004e+09
1.699895115853889942e+09
1.699895117245836020e+09
1.699895118638300896e+09
1.699895120019371986e+09
1.699895121406452894e+09
1.699895122798346996e+09
1.699895124191091061e+09
1.699895125575732946e+09
1.699895126960814953e+09
1.699895128351474047e+09
1.699895129750821114e+09
1.699895131131480932e+09
1.699895132515171051e+09
1.699895133897186995e+09
1.699895135284919977e+09
1.699895136671878099e+09
1.699895138057383060e+09
1.699895139438188076e+09
1.699895140820329905e+09
1.699895142202969074e+09
1.699895143586808920e+09
1.699895144974675894e+09
1.699895146375318050e+09
1.699895147769336939e+09
1.699895149155952930e+09
1.699895150543575048e+09
1.699895151927587986e+09
1.699895153315939903e+09
1.699895154704113960e+09
1.699895156087831020e+09
1.699895157465192080e+09
1.699895158847932100e+09
1.699895160236727953e+09
1.699895161616296053e+09
1.699895163007806063e+09
1.699895164417146921e+09
1.699895165807615995e+09
1.699895167197920084e+09
1.699895168592793941e+09
1.699895169969947100e+09
1.699895171359184980e+09
1.699895172745408058e+09
1.699895174123816967e+09
1.699895175502918005e+09
1.699895176888425112e+09
1.699895178271893978e+09
1.699895179657726049e+09
1.699895181042610884e+09
1.699895182428844929e+09
1.699895183812186003e+09
1.699895185199103117e+09
1.699895186586657047e+09
1.699895187969338894e+09
1.699895189354619980e+09
1.699895190744569063e+09
1.699895192126593113e+09
1.699895193512964010e+09
1.699895194899162054e+09
1.699895196285929918e+09
1.699895197673713923e+09
1.699895199063457966e+09
1.699895200447325945e+09
1.699895201831547976e+09
1.699895203208283901e+09
1.699895204606199026e+09
1.699895205995896101e+09
1.699895207389307976e+09
1.699895208787178993e+09
1.699895210167849064e+09
1.699895211562750101e+09
1.699895212954384089e+09
1.699895214336344004e+09
1.699895215724529028e+09
1.699895217112225056e+09
1.699895218493248940e+09
1.699895219878170967e+09
1.699895221258564949e+09
1.699895222643551111e+09
1.699895224033842087e+09
1.699895225418072939e+09
1.699895226805983067e+09
1.699895228191492081e+09
1.699895229577040911e+09
1.699895230968862057e+09
1.699895232360784054e+09
1.699895233760874987e+09
1.699895235143295050e+09
1.699895236532677889e+09
1.699895237927434921e+09
1.699895239321316004e+09
1.699895240711755037e+09
1.699895242102868080e+09
1.699895243486418962e+09
1.699895244866799116e+09
1.699895246265048981e+09
1.699895247660151958e+09
1.699895249044460058e+09
1.699895250431248903e+09
1.699895251823379040e+09
1.699895253237103939e+09
1.699895254645684958e+09
1.699895256040968895e+09
1.699895257458758116e+09
1.699895258862185001e+09
1.699895260245719910e+09
1.699895261624759912e+09
1.699895263009864092e+09
1.699895264392879009e+09
1.699895265783915043e+09
1.699895267168334961e+09
1.699895268559504032e+09
1.699895269941274881e+09
1.699895271325772047e+09
1.699895272709147930e+09
1.699895274096393108e+09
1.699895275478946924e+09
1.699895276862510920e+09
1.699895278249190092e+09
1.699895279639244080e+09
1.699895281032288074e+09
1.699895282421583891e+09
1.699895283811691046e+09
1.699895285200719118e+09
1.699895286591942072e+09
1.699895287995193958e+09
1.699895289382036924e+09
1.699895290778265953e+09
1.699895292174988985e+09
1.699895293557436943e+09
1.699895294939939022e+09
1.699895296322804928e+09
1.699895297705585957e+09
1.699895299087244987e+09
1.699895300470844030e+09
1.699895301862565041e+09
1.699895303250623941e+09
1.699895304631751060e+09
1.699895306019805908e+09
1.699895307407329082e+09
1.699895308791555882e+09
1.699895310176351070e+09
1.699895311558064938e+09
1.699895312943480015e+09
1.699895314332210064e+09
1.699895315714737892e+09
1.699895317112545967e+09
1.699895318518551111e+09
1.699895319918730974e+09
1.699895321302979946e+09
1.699895322703738928e+09
1.699895324111042023e+09
1.699895325504475117e+09
1.699895326891491890e+09
1.699895328274544954e+09
1.699895329665836096e+09
1.699895331052762032e+09
1.699895332432241917e+09
1.699895333814008951e+09
1.699895335215456963e+09
1.699895336617304087e+09
1.699895338037120104e+09
1.699895339432948112e+09
1.699895340819945097e+09
1.699895342221677065e+09
1.699895343625818014e+09
1.699895345022479057e+09
1.699895346430336952e+09
1.699895347821980000e+09
1.699895349228538990e+09
1.699895350610297918e+09
1.699895351995896101e+09
1.699895353380887985e+09
1.699895354767679930e+09
1.699895356152847052e+09
1.699895357545291901e+09
1.699895358924941063e+09
1.699895360310755968e+09
1.699895361698163986e+09
1.699895363081598997e+09
1.699895364476526022e+09
1.699895365882942915e+09
1.699895367275310040e+09
1.699895368668566942e+09
1.699895370050117970e+09
1.699895371442841053e+09
1.699895372831137896e+09
1.699895374215784073e+09
1.699895375597690105e+09
1.699895376981626034e+09
1.699895378365555048e+09
1.699895379760121107e+09
1.699895381141613960e+09
1.699895382523627996e+09
1.699895383910881996e+09
1.699895385295566082e+09
1.699895386683686972e+09
1.699895388067862988e+09
1.699895389460395098e+09
1.699895390860830069e+09
1.699895392241074085e+09
1.699895393618443966e+09
1.699895395001900911e+09
1.699895396393023014e+09
1.699895397775290966e+09
1.699895399158691883e+09
1.699895400550518990e+09
1.699895401930157900e+09
1.699895403316771030e+09
1.699895404703027964e+09
1.699895406085374117e+09
1.699895407467879057e+09
1.699895408847652912e+09
1.699895410228550911e+09
1.699895411610987902e+09
1.699895412987948895e+09
1.699895414375128031e+09
1.699895415759146929e+09
1.699895417138628960e+09
1.699895418524755955e+09
1.699895419910553932e+09
1.699895421301827908e+09
1.699895422686192036e+09
1.699895424075361967e+09
1.699895425458930969e+09
1.699895426836777925e+09
1.699895428227922916e+09
1.699895429622956991e+09
1.699895431005696058e+09
1.699895432391899109e+09
1.699895433775480986e+09
1.699895435152971983e+09
1.699895436550129890e+09
1.699895437947254896e+09
1.699895439335468054e+09
1.699895440720251083e+09
1.699895442105549097e+09
1.699895443495953083e+09
1.699895444881454945e+09
1.699895446269968987e+09
1.699895447651932001e+09
1.699895449034300089e+09
1.699895450422148943e+09
1.699895451805747986e+09
1.699895453202066898e+09
1.699895454615641117e+09
1.699895455998527050e+09
1.699895457386404037e+09
1.699895458777195930e+09
1.699895460160922050e+09
1.699895461538899899e+09
1.699895462925978899e+09
1.699895464312496901e+09
1.699895465699501991e+09
1.699895467081696033e+09
1.699895468471427917e+09
1.699895469857438087e+09
1.699895471242633104e+09
1.699895472628825903e+09
1.699895474012267113e+09
1.699895475393491983e+09
1.699895476788862944e+09
1.699895478191937923e+09
1.699895479585931063e+09
1.699895480972594023e+09
1.699895482357533932e+09
1.699895483742635012e+09
1.699895485132906914e+09
1.699895486526957989e+09
1.699895487934267044e+09
1.699895489314182043e+09
1.699895490700655937e+09
1.699895492086744070e+09
1.699895493470467091e+09
1.699895494858381987e+09
1.699895496253998041e+09
1.699895497664063931e+09
1.699895499050266027e+09
1.699895500439197063e+09
1.699895501825670004e+09
1.699895503205915928e+09
1.699895504599731922e+09
1.699895506000855923e+09
1.699895507384088039e+09
1.699895508763170958e+09
1.699895510150676966e+09
1.699895511532541990e+09
1.699895512922108889e+09
1.699895514306719065e+09
1.699895515691679955e+09
1.699895517071844101e+09
1.699895518471311092e+09
1.699895519868671894e+09
1.699895521254439116e+09
1.699895522645298958e+09
1.699895524030237913e+09
1.699895525417795897e+09
1.699895526805461884e+09
1.699895528193317890e+09
1.699895529589947939e+09
1.699895530985469103e+09
1.699895532376260996e+09
1.699895533775868893e+09
1.699895535166013956e+09
1.699895536569036961e+09
1.699895537963059902e+09
1.699895539373564005e+09
1.699895540755454063e+09
1.699895542140842915e+09
1.699895543526318073e+09
1.699895544907939911e+09
1.699895546298885107e+09
1.699895547685158968e+09
1.699895549068770885e+09
1.699895550471401930e+09
1.699895551866697073e+09
1.699895553252055883e+09
1.699895554632333040e+09
1.699895556012300014e+09
1.699895557407426119e+09
1.699895558814403057e+09
1.699895560202692032e+09
1.699895561593184948e+09
1.699895563004868031e+09
1.699895564407078981e+09
1.699895565793651104e+09
1.699895567177598953e+09
1.699895568567410946e+09
1.699895569953727961e+09
1.699895571336565018e+09
1.699895572721930981e+09
1.699895574103790045e+09
1.699895575495197058e+09
1.699895576886198997e+09
1.699895578282526970e+09
1.699895579687036991e+09
1.699895581074714899e+09
1.699895582465224981e+09
1.699895583853460073e+09
1.699895585240603924e+09
1.699895586625585079e+09
1.699895588009129047e+09
1.699895589392787933e+09
1.699895590781932116e+09
1.699895592164731026e+09
1.699895593552201986e+09
1.699895594941828966e+09
1.699895596330069065e+09
1.699895597721648932e+09
1.699895599115586996e+09
1.699895600500819921e+09
1.699895601889940977e+09
1.699895603280405998e+09
1.699895604665762901e+09
1.699895606054186106e+09
1.699895607435636044e+09
1.699895608821796894e+09
1.699895610202359915e+09
1.699895611580281019e+09
1.699895612965715885e+09
1.699895614347559929e+09
1.699895615731066942e+09
1.699895617115506887e+09
1.699895618499558926e+09
1.699895619879921913e+09
1.699895621275731087e+09
1.699895622666332960e+09
1.699895624062275887e+09
1.699895625456262112e+09
1.699895626848750114e+09
1.699895628232328892e+09
1.699895629617279053e+09
1.699895631006784916e+09
1.699895632409420967e+09
1.699895633804548025e+09
1.699895635189229012e+09
1.699895636567183018e+09
1.699895637948396921e+09
1.699895639330986977e+09
1.699895640717868090e+09
1.699895642102763891e+09
1.699895643492645979e+09
1.699895644876523018e+09
1.699895646261323929e+09
1.699895647650132895e+09
1.699895649033957958e+09
1.699895650414057970e+09
1.699895651795077085e+09
1.699895653189948082e+09
1.699895654598814011e+09
1.699895655984957933e+09
1.699895657376188993e+09
1.699895658766294956e+09
1.699895660163099051e+09
1.699895661563215971e+09
1.699895662945179939e+09
1.699895664327677011e+09
1.699895665717212915e+09
1.699895667114177942e+09
1.699895668501614094e+09
1.699895669887079000e+09
1.699895671270344019e+09
1.699895672657094955e+09
1.699895674049563885e+09
1.699895675447247982e+09
1.699895676824227095e+09
1.699895678206099033e+09
1.699895679590187073e+09
1.699895680973361969e+09
1.699895682362179041e+09
1.699895683755203009e+09
1.699895685135261059e+09
1.699895686527837038e+09
1.699895687929882050e+09
1.699895689319775105e+09
1.699895690705513000e+09
1.699895692089065075e+09
1.699895693471230030e+09
1.699895694856477022e+09
1.699895696232160091e+09
1.699895697609711885e+09
1.699895698994465113e+09
1.699895700380223989e+09
1.699895701764668941e+09
1.699895703157286882e+09
1.699895704549521923e+09
1.699895705936642885e+09
1.699895707337697983e+09
1.699895708734244108e+09
1.699895710123405933e+09
1.699895711516419888e+09
1.699895712901657104e+09
1.699895714287695885e+09
1.699895715669511080e+09
1.699895717065701008e+09
1.699895718456392050e+09
1.699895719844592094e+09
1.699895721241590023e+09
1.699895722627357960e+09
1.699895724012547016e+09
1.699895725396676064e+09
1.699895726780421019e+09
1.699895728160969973e+09
1.699895729544137955e+09
1.699895730930190086e+09
1.699895732318332911e+09
1.699895733700803041e+09
1.699895735086114883e+09
1.699895736470104933e+09
1.699895737851351976e+09
1.699895739234802008e+09
1.699895740623291016e+09
1.699895742007550001e+09
1.699895743393784046e+09
1.699895744785196066e+09
1.699895746168493986e+09
1.699895747554847002e+09
1.699895748939563990e+09
1.699895750326997042e+09
1.699895751717473984e+09
1.699895753104675055e+09
1.699895754486093998e+09
1.699895755870774984e+09
1.699895757275574923e+09
1.699895758677184105e+09
1.699895760061800003e+09
1.699895761444848061e+09
1.699895762839660883e+09
1.699895764256340027e+09
1.699895765650516033e+09
1.699895767031039953e+09
1.699895768431312084e+09
1.699895769830194950e+09
1.699895771215653896e+09
1.699895772606537104e+09
1.699895773994052887e+09
1.699895775377628088e+09
1.699895776764234066e+09
1.699895778146564960e+09
1.699895779529624939e+09
1.699895780907809973e+09
1.699895782295797110e+09
1.699895783682163954e+09
1.699895785062175035e+09
1.699895786443851948e+09
1.699895787837863922e+09
1.699895789229482889e+09
1.699895790622276068e+09
1.699895792003737926e+09
1.699895793392916918e+09
1.699895794775299072e+09
1.699895796158289909e+09
1.699895797541774988e+09
1.699895798922246933e+09
1.699895800308269024e+09
1.699895801688560963e+09
1.699895803068907976e+09
1.699895804456434965e+09
1.699895805853161097e+09
1.699895807253705978e+09
1.699895808642054081e+09
1.699895810030469894e+09
1.699895811423751116e+09
1.699895812814380884e+09
1.699895814199460983e+09
1.699895815598423958e+09
1.699895816985810995e+09
1.699895818370847940e+09
1.699895819753575087e+09
1.699895821145243883e+09
1.699895822543322086e+09
1.699895823929240942e+09
1.699895825319691896e+09
1.699895826724736929e+09
1.699895828135633945e+09
1.699895829521804094e+09
1.699895830906500101e+09
1.699895832293226957e+09
1.699895833679040909e+09
1.699895835063838959e+09
1.699895836446901083e+09
1.699895837828707933e+09
1.699895839218533993e+09
1.699895840609652042e+09
1.699895841998467922e+09
1.699895843386750937e+09
1.699895844780983925e+09
1.699895846182988882e+09
1.699895847573518991e+09
1.699895848965414047e+09
1.699895850356528044e+09
1.699895851744328976e+09
1.699895853135337114e+09
1.699895854528458118e+09
1.699895855918379068e+09
1.699895857301523924e+09
1.699895858688479900e+09
1.699895860071412086e+09
1.699895861456371069e+09
1.699895862843483925e+09
1.699895864224584103e+09
1.699895865605118036e+09
1.699895866991018057e+09
1.699895868375525951e+09
1.699895869761141062e+09
1.699895871147034883e+09
1.699895872529737949e+09
1.699895873910125971e+09
1.699895875297874928e+09
1.699895876681751966e+09
1.699895878068511963e+09
1.699895879455513954e+09
1.699895880840956926e+09
1.699895882224915981e+09
1.699895883612788916e+09
1.699895885004132986e+09
1.699895886388254881e+09
1.699895887772852898e+09
1.699895889157963037e+09
1.699895890546394110e+09
1.699895891927474976e+09
1.699895893316512108e+09
1.699895894701715946e+09
1.699895896085330009e+09
1.699895897482860088e+09
1.699895898878217936e+09
1.699895900260361910e+09
1.699895901649281025e+09
1.699895903034430981e+09
1.699895904415818930e+09
1.699895905808600903e+09
1.699895907203301907e+09
1.699895908602943897e+09
1.699895909997000933e+09
1.699895911400185108e+09
1.699895912789577007e+09
1.699895914181421041e+09
1.699895915565993071e+09
1.699895916948401928e+09
1.699895918329771042e+09
1.699895919718620062e+09
1.699895921102396965e+09
1.699895922491024971e+09
1.699895923877829075e+09
1.699895925264611959e+09
1.699895926644468069e+09
1.699895928031070948e+09
1.699895929417249918e+09
1.699895930796391964e+09
1.699895932180536032e+09
1.699895933569540977e+09
1.699895934948577881e+09
1.699895936355864048e+09
1.699895937766753912e+09
1.699895939147927046e+09
1.699895940538125992e+09
1.699895941924401045e+09
1.699895943307142019e+09
1.699895944685826063e+09
1.699895946076922894e+09
1.699895947462553978e+09
1.699895948847269058e+09
1.699895950233779907e+09
1.699895951631913900e+09
1.699895953021855116e+09
1.699895954406852961e+09
1.699895955795042038e+09
1.699895957177124023e+09
1.699895958559026003e+09
1.699895959947807074e+09
1.699895961334151983e+09
1.699895962716204882e+09
1.699895964105777025e+09
1.699895965491271019e+09
1.699895966875689983e+09
1.699895968261441946e+09
1.699895969648456097e+09
1.699895971037111998e+09
1.699895972422878981e+09
1.699895973817981005e+09
1.699895975219310999e+09
1.699895976599735022e+09
1.699895977983144999e+09
1.699895979368408918e+09
1.699895980757456064e+09
1.699895982141469955e+09
1.699895983531048059e+09
1.699895984922563076e+09
1.699895986302814007e+09
1.699895987686444998e+09
1.699895989069875956e+09
1.699895990460325956e+09
1.699895991866790056e+09
1.699895993252716064e+09
1.699895994646595001e+09
1.699895996056586981e+09
1.699895997443887949e+09
1.699895998829509974e+09
1.699896000215234041e+09
1.699896001598337889e+09
1.699896002985142946e+09
1.699896004369834900e+09
1.699896005758512974e+09
1.699896007142723083e+09
1.699896008524581909e+09
1.699896009911242962e+09
1.699896011298729897e+09
1.699896012684103012e+09
1.699896014076826096e+09
1.699896015466397047e+09
1.699896016852937937e+09
1.699896018239861012e+09
1.699896019630534887e+09
1.699896021031088114e+09
1.699896022421325922e+09
1.699896023806364059e+09
1.699896025197613955e+09
1.699896026599896908e+09
1.699896027984520912e+09
1.699896029370850086e+09
1.699896030761164904e+09
1.699896032152364016e+09
1.699896033550228119e+09
1.699896034947638988e+09
1.699896036331048012e+09
1.699896037718811989e+09
1.699896039105379105e+09
1.699896040495763063e+09
1.699896041879036903e+09
1.699896043263828993e+09
1.699896044658834934e+09
1.699896046047806978e+09
1.699896047434660912e+09
1.699896048824621916e+09
1.699896050210701942e+09
1.699896051594115973e+09
1.699896052980417013e+09
1.699896054376748085e+09
1.699896055779812098e+09
1.699896057173599005e+09
1.699896058571224928e+09
1.699896059957344055e+09
1.699896061338943005e+09
1.699896062725375891e+09
1.699896064118058920e+09
1.699896065501739025e+09
1.699896066885163069e+09
1.699896068271811008e+09
1.699896069653810978e+09
1.699896071037724972e+09
1.699896072427040100e+09
1.699896073822705030e+09
1.699896075232661963e+09
1.699896076610074043e+09
1.699896077995534897e+09
1.699896079380691051e+09
1.699896080772794008e+09
1.699896082160737038e+09
1.699896083550851107e+09
1.699896084934792042e+09
1.699896086334511995e+09
1.699896087733882904e+09
1.699896089121726036e+09
1.699896090508702040e+09
1.699896091898226976e+09
1.699896093283373117e+09
1.699896094669728994e+09
1.699896096054146051e+09
1.699896097443501949e+09
1.699896098828078032e+09
1.699896100218106031e+09
1.699896101604723930e+09
1.699896102992088079e+09
1.699896104382416964e+09
1.699896105783353090e+09
1.699896107165982962e+09
1.699896108555087090e+09
1.699896109935683966e+09
1.699896111324467897e+09
1.699896112715246916e+09
1.699896114098541975e+09
1.699896115488331079e+09
1.699896116884504080e+09
1.699896118283333063e+09
1.699896119671592951e+09
1.699896121053034067e+09
1.699896122443254948e+09
1.699896123828898907e+09
1.699896125220141888e+09
1.699896126634627104e+09
1.699896128020765066e+09
1.699896129411137104e+09
1.699896130799268007e+09
1.699896132183686972e+09
1.699896133564722061e+09
1.699896134958298922e+09
1.699896136356276989e+09
1.699896137744180918e+09
1.699896139125813007e+09
1.699896140510658979e+09
1.699896141894613028e+09
1.699896143275665045e+09
1.699896144663254976e+09
1.699896146055373907e+09
1.699896147436268091e+09
1.699896148819897890e+09
1.699896150202986002e+09
1.699896151590327978e+09
1.699896152970397949e+09
1.699896154357417107e+09
1.699896155743828058e+09
1.699896157125118017e+09
1.699896158510828972e+09
1.699896159903584003e+09
1.699896161305052996e+09
1.699896162689665079e+09
1.699896164072488070e+09
1.699896165453933954e+09
1.699896166856766939e+09
1.699896168260543108e+09
1.699896169651710033e+09
1.699896171048741102e+09
1.699896172458811045e+09
1.699896173840877056e+09
1.699896175233968019e+09
1.699896176622972012e+09
1.699896178012223005e+09
1.699896179399880886e+09
1.699896180789982080e+09
1.699896182192778111e+09
1.699896183580188990e+09
1.699896184974812984e+09
1.699896186364909887e+09
1.699896187750694036e+09
1.699896189131232977e+09
1.699896190515511036e+09
1.699896191898762941e+09
1.699896193281372070e+09
1.699896194664330959e+09
1.699896196045998096e+09
1.699896197428627014e+09
1.699896198813772917e+09
1.699896200218924999e+09
1.699896201615561962e+09
1.699896203000113964e+09
1.699896204381776094e+09
1.699896205767846107e+09
1.699896207161472082e+09
1.699896208564591885e+09
1.699896209951257944e+09
1.699896211351046085e+09
1.699896212755054951e+09
1.699896214137156010e+09
1.699896215528181076e+09
1.699896216915385962e+09
1.699896218300980091e+09
1.699896219693352938e+09
1.699896221078128099e+09
1.699896222462069988e+09
1.699896223849503040e+09
1.699896225238315105e+09
1.699896226625998974e+09
1.699896228014602900e+09
1.699896229406863928e+09
1.699896230793185949e+09
1.699896232176801920e+09
1.699896233568375111e+09
1.699896234967675924e+09
1.699896236388641119e+09
1.699896237805162907e+09
1.699896239192106962e+09
1.699896240578915119e+09
1.699896241968149900e+09
1.699896243350317001e+09
1.699896244741477013e+09
1.699896246125691891e+09
1.699896247516447067e+09
1.699896248904371023e+09
1.699896250289252043e+09
1.699896251669789076e+09
1.699896253061074972e+09
1.699896254450612068e+09
1.699896255831609964e+09
1.699896257217258930e+09
1.699896258605982065e+09
1.699896259999646902e+09
1.699896261375308037e+09
1.699896262765197039e+09
1.699896264153557062e+09
1.699896265537478924e+09
1.699896266925872087e+09
1.699896268328509092e+09
1.699896269722970009e+09
1.699896271119617939e+09
1.699896272523958921e+09
1.699896273908560038e+09
1.699896275291456938e+09
1.699896276674015999e+09
1.699896278058756113e+09
1.699896279442589045e+09
1.699896280830507040e+09
1.699896282216829062e+09
1.699896283605084896e+09
1.699896284991439104e+09
1.699896286377351046e+09
1.699896287764178991e+09
1.699896289146481991e+09
1.699896290539849997e+09
1.699896291938486099e+09
1.699896293323810101e+09
1.699896294710114956e+09
1.699896296092932940e+09
1.699896297472647905e+09
1.699896298854840040e+09
1.699896300241379976e+09
1.699896301625133991e+09
1.699896303000941992e+09
1.699896304384928942e+09
1.699896305766381979e+09
1.699896307154664040e+09
1.699896308541021109e+09
1.699896309935697079e+09
1.699896311325963974e+09
1.699896312719873905e+09
1.699896314112919092e+09
1.699896315496572018e+09
1.699896316884840012e+09
1.699896318272929907e+09
1.699896319660096884e+09
1.699896321047255039e+09
1.699896322428730011e+09
1.699896323812702894e+09
1.699896325199892044e+09
1.699896326587075949e+09
1.699896327976732016e+09
1.699896329358175039e+09
1.699896330752377033e+09
1.699896332142896891e+09
1.699896333527167082e+09
1.699896334913460016e+09
1.699896336302136898e+09
1.699896337686273098e+09
1.699896339074104071e+09
1.699896340459583044e+09
1.699896341843725920e+09
1.699896343239476919e+09
1.699896344637103081e+09
1.699896346020741940e+09
1.699896347417192936e+09
1.699896348823085070e+09
1.699896350214891911e+09
1.699896351602513075e+09
1.699896352986206055e+09
1.699896354369891882e+09
1.699896355756701946e+09
1.699896357134610891e+09
1.699896358529336929e+09
1.699896359920291901e+09
1.699896361304546118e+09
1.699896362693368912e+09
1.699896364083555937e+09
1.699896365471173048e+09
1.699896366857180119e+09
1.699896368247522116e+09
1.699896369640975952e+09
1.699896371051687002e+09
1.699896372438973904e+09
1.699896373832818985e+09
1.699896375225471020e+09
1.699896376623248100e+09
1.699896378026846886e+09
1.699896379418975115e+09
1.699896380806627035e+09
1.699896382192775011e+09
1.699896383581799030e+09
1.699896384974865913e+09
1.699896386385411024e+09
1.699896387775420904e+09
1.699896389168270111e+09
1.699896390590471029e+09
1.699896392010112047e+09
1.699896393396346092e+09
1.699896394781704903e+09
1.699896396164697886e+09
1.699896397550606012e+09
1.699896398934793949e+09
1.699896400319174051e+09
1.699896401706710100e+09
1.699896403112620115e+09
1.699896404527622938e+09
1.699896405913362980e+09
1.699896407300393105e+09
1.699896408684716940e+09
1.699896410077346087e+09
1.699896411464617968e+09
1.699896412846113920e+09
1.699896414236423016e+09
1.699896415623826981e+09
1.699896417010934114e+09
1.699896418399269104e+09
1.699896419789237022e+09
1.699896421173953056e+09
1.699896422562191963e+09
1.699896423943631887e+09
1.699896425337987900e+09
1.699896426737108946e+09
1.699896428120796919e+09
1.699896429504256964e+09
1.699896430892735004e+09
1.699896432277575016e+09
1.699896433660321951e+09
1.699896435043462992e+09
1.699896436436392069e+09
1.699896437835069895e+09
1.699896439224304914e+09
1.699896440618115902e+09
1.699896442001800060e+09
1.699896443379930019e+09
1.699896444765610933e+09
1.699896446150018930e+09
1.699896447529212952e+09
1.699896448918919086e+09
1.699896450308387041e+09
1.699896451690988064e+09
1.699896453079561949e+09
1.699896454462554932e+09
1.699896455841644049e+09
1.699896457240231037e+09
1.699896458645879984e+09
1.699896460031145096e+09
1.699896461417332888e+09
1.699896462802504063e+09
1.699896464193123102e+09
1.699896465581959009e+09
1.699896466965316057e+09
1.699896468361882925e+09
1.699896469753380060e+09
1.699896471138614893e+09
1.699896472523911953e+09
1.699896473917572021e+09
1.699896475304927111e+09
1.699896476690537930e+09
1.699896478075372934e+09
1.699896479466255903e+09
1.699896480858391047e+09
1.699896482245172977e+09
1.699896483627476931e+09
1.699896485015549898e+09
1.699896486401976109e+09
1.699896487781822920e+09
1.699896489167643070e+09
1.699896490557010889e+09
1.699896491940325975e+09
1.699896493322964907e+09
1.699896494710313082e+09
1.699896496096549988e+09
1.699896497476471901e+09
1.699896498864794016e+09
1.699896500252940893e+09
1.699896501640701056e+09
1.699896503024372101e+09
1.699896504410741091e+09
1.699896505797528982e+09
1.699896507194356918e+09
1.699896508590588093e+09
1.699896509970082045e+09
1.699896511363594055e+09
1.699896512749285936e+09
1.699896514130788088e+09
1.699896515511893988e+09
1.699896516898109913e+09
1.699896518287278891e+09
1.699896519675935030e+09
1.699896521063008070e+09
1.699896522452311993e+09
1.699896523842928886e+09
1.699896525222476006e+09
1.699896526604958057e+09
1.699896527994122028e+09
1.699896529383306980e+09
1.699896530770030022e+09
1.699896532149549961e+09
1.699896533533559084e+09
1.699896534922044992e+09
1.699896536304538012e+09
1.699896537690812111e+09
1.699896539073378086e+09
1.699896540459306955e+09
1.699896541843569040e+09
1.699896543236465931e+09
1.699896544625729084e+09
1.699896546016875982e+09
1.699896547409188032e+09
1.699896548796516895e+09
1.699896550184362888e+09
1.699896551576982975e+09
1.699896552967246056e+09
1.699896554352655888e+09
1.699896555742315054e+09
1.699896557130601883e+09
1.699896558516330957e+09
1.699896559904969931e+09
1.699896561292690039e+09
1.699896562687689066e+09
1.699896564076739073e+09
1.699896565469289064e+09
1.699896566852879047e+09
1.699896568234462023e+09
1.699896569626473904e+09
1.699896571010087967e+09
1.699896572394145966e+09
1.699896573779011965e+09
1.699896575160229921e+09
1.699896576543921947e+09
1.699896577932286024e+09
1.699896579319744110e+09
1.699896580706981897e+09
1.699896582093950033e+09
1.699896583475465059e+09
1.699896584857028008e+09
1.699896586245014906e+09
1.699896587629579067e+09
1.699896589010852098e+09
1.699896590398298979e+09
1.699896591779443026e+09
1.699896593166188002e+09
1.699896594557684898e+09
1.699896595940845966e+09
1.699896597330095053e+09
1.699896598715713978e+09
1.699896600097035885e+09
1.699896601483163118e+09
1.699896602875947952e+09
1.699896604265266895e+09
1.699896605657742023e+09
1.699896607044481039e+09
1.699896608433547974e+09
1.699896609824104071e+09
1.699896611216579914e+09
1.699896612600334883e+09
1.699896613987916946e+09
1.699896615371807098e+09
1.699896616755513906e+09
1.699896618153491020e+09
1.699896619548744917e+09
1.699896620943258047e+09
1.699896622332384109e+09
1.699896623716213942e+09
1.699896625099103928e+09
1.699896626487582922e+09
1.699896627878072977e+09
1.699896629263940096e+09
1.699896630653829098e+09
1.699896632045339108e+09
1.699896633431879997e+09
1.699896634820384026e+09
1.699896636198061943e+09
1.699896637578671932e+09
1.699896638967077017e+09
1.699896640351857901e+09
1.699896641741014957e+09
1.699896643126177073e+09
1.699896644512573957e+09
1.699896645895550966e+09
1.699896647276089907e+09
1.699896648659393072e+09
1.699896650043190002e+09
1.699896651424634933e+09
1.699896652820713043e+09
1.699896654212210894e+09
1.699896655597537041e+09
1.699896656985264063e+09
1.699896658373840094e+09
1.699896659753736973e+09
1.699896661136648893e+09
1.699896662521739960e+09
1.699896663912967920e+09
1.699896665303416967e+09
1.699896666701143026e+09
1.699896668101037025e+09
1.699896669490545034e+09
1.699896670872896910e+09
1.699896672259715080e+09
1.699896673661552906e+09
1.699896675067806959e+09
1.699896676458949089e+09
1.699896677847171068e+09
1.699896679242494106e+09
1.699896680635370016e+09
1.699896682025675058e+09
1.699896683415704012e+09
1.699896684806884050e+09
1.699896686194086075e+09
1.699896687575968981e+09
1.699896688966531992e+09
1.699896690354151964e+09
1.699896691748889923e+09
1.699896693152766943e+09
1.699896694550856113e+09
1.699896695941212893e+09
1.699896697328732014e+09
1.699896698711788893e+09
1.699896700098449945e+09
1.699896701489717007e+09
1.699896702868892908e+09
1.699896704250381947e+09
1.699896705640427113e+09
1.699896706957156897e+09
1.699896708259169102e+09
1.699896709560996056e+09
1.699896710869534969e+09
1.699896712259843111e+09
1.699896713650548935e+09
1.699896715038851023e+09
1.699896716430126905e+09
1.699896717810260057e+09
1.699896719205101013e+09
1.699896720591161013e+09
1.699896721972404957e+09
1.699896723355360031e+09
1.699896724741771936e+09
1.699896726140324116e+09
1.699896727558898926e+09
1.699896728949137926e+09
1.699896730336823940e+09
1.699896731723669052e+09
1.699896733110795975e+09
1.699896734502866030e+09
1.699896735887708902e+09
1.699896737275971889e+09
1.699896738667912006e+09
1.699896740054122925e+09
1.699896741441433907e+09
1.699896742826787949e+09
1.699896744213769913e+09
1.699896745595627069e+09
1.699896746982254982e+09
1.699896748364984035e+09
1.699896749755270958e+09
1.699896751160954952e+09
1.699896752547725916e+09
1.699896753928153992e+09
1.699896755318619013e+09
1.699896756706202984e+09
1.699896758089653969e+09
1.699896759469491005e+09
1.699896760861718893e+09
1.699896762253462076e+09
1.699896763639525890e+09
1.699896765022418976e+09
1.699896766413280964e+09
1.699896767798048019e+09
1.699896769186165094e+09
1.699896770574078083e+09
1.699896771960515976e+09
1.699896773347291946e+09
1.699896774734872103e+09
1.699896776120547056e+09
1.699896777433233023e+09
1.699896778736727953e+09
1.699896780040761948e+09
1.699896781359127045e+09
1.699896782743807077e+09
1.699896784130345106e+09
1.699896785517569065e+09
1.699896786903673887e+09
1.699896788290555954e+09
1.699896789676459074e+09
1.699896791061244011e+09
1.699896792444669008e+09
1.699896793835612059e+09
1.699896795223076105e+09
1.699896796612648964e+09
1.699896798018847942e+09
1.699896799414078951e+09
1.699896800824367046e+09
1.699896802229079962e+09
1.699896803621460915e+09
1.699896805011821032e+09
1.699896806394248009e+09
1.699896807797667027e+09
1.699896809201694012e+09
1.699896810598844051e+09
1.699896811991180897e+09
1.699896813378338099e+09
1.699896814770723104e+09
1.699896816161618948e+09
1.699896817551091909e+09
1.699896818934773922e+09
1.699896820320307970e+09
1.699896821708527088e+09
1.699896823094305038e+09
1.699896824486416101e+09
1.699896825875735998e+09
1.699896827260363102e+09
1.699896828646066904e+09
1.699896830031532049e+09
1.699896831421358109e+09
1.699896832812582016e+09
1.699896834203263998e+09
1.699896835586503983e+09
1.699896836973198891e+09
1.699896838363311052e+09
1.699896839753092051e+09
1.699896841135133982e+09
1.699896842515853882e+09
1.699896843903655052e+09
1.699896845288490057e+09
1.699896846672940969e+09
1.699896848058463097e+09
1.699896849459788084e+09
1.699896850848799944e+09
1.699896852239272118e+09
1.699896853625169992e+09
1.699896855016781092e+09
1.699896856398252964e+09
1.699896857787084103e+09
1.699896859171533108e+09
1.699896860556399107e+09
1.699896861947962999e+09
1.699896863338088036e+09
1.699896864723062992e+09
1.699896866114662886e+09
1.699896867502444029e+09
1.699896868891459942e+09
1.699896870283595085e+09
1.699896871676640034e+09
1.699896873061891079e+09
1.699896874458224058e+09
1.699896875847574949e+09
1.699896877239006042e+09
1.699896878629914045e+09
1.699896880015124083e+09
1.699896881406920910e+09
1.699896882807436943e+09
1.699896884196662903e+09
1.699896885581291914e+09
1.699896886968939066e+09
1.699896888363030910e+09
1.699896889745956898e+09
1.699896891131494045e+09
1.699896892514651060e+09
1.699896893911068916e+09
1.699896895300765038e+09
1.699896896687762022e+09
1.699896898080626965e+09
1.699896899467519045e+09
1.699896900848997116e+09
1.699896902235611916e+09
1.699896903619476080e+09
1.699896905003691912e+09
1.699896906388144970e+09
1.699896907772408009e+09
1.699896909154275894e+09
1.699896910542449951e+09
1.699896911925445080e+09
1.699896913313394070e+09
1.699896914700249910e+09
1.699896916087187052e+09
1.699896917493731976e+09
1.699896918910372972e+09
1.699896920295079947e+09
1.699896921690341949e+09
1.699896923100683928e+09
1.699896924488645077e+09
1.699896925877336979e+09
1.699896927268596888e+09
1.699896928653491974e+09
1.699896930031615973e+09
1.699896931425381899e+09
1.699896932818047047e+09
1.699896934206381083e+09
1.699896935594815016e+09
1.699896936977396011e+09
1.699896938367477894e+09
1.699896939753213882e+09
1.699896941136662006e+09
1.699896942525294065e+09
1.699896943909838915e+09
1.699896945291903973e+09
1.699896946684602022e+09
1.699896948070154905e+09
1.699896949457123995e+09
1.699896950841875076e+09
1.699896952227261066e+09
1.699896953610236883e+09
1.699896954994554996e+09
1.699896956376218081e+09
1.699896957767159939e+09
1.699896959147855043e+09
1.699896960543384075e+09
1.699896961948096991e+09
1.699896963349159956e+09
1.699896964734766006e+09
1.699896966117649078e+09
1.699896967503303051e+09
1.699896968889471054e+09
1.699896970272373915e+09
1.699896971671556950e+09
1.699896973058993101e+09
1.699896974456655979e+09
1.699896975842464924e+09
1.699896977235661983e+09
1.699896978617629051e+09
1.699896980004483938e+09
1.699896981397128105e+09
1.699896982786859035e+09
1.699896984169117928e+09
1.699896985559278965e+09
1.699896986946485996e+09
1.699896988326879978e+09
1.699896989721831083e+09
1.699896991116800070e+09
1.699896992508692026e+09
1.699896993902074099e+09
1.699896995303126097e+09
1.699896996696141958e+09
1.699896998082129002e+09
1.699896999463536024e+09
1.699897000852174044e+09
1.699897002239402056e+09
1.699897003623522997e+09
1.699897005014545918e+09
1.699897006408806086e+09
1.699897007810314894e+09
1.699897009197830915e+09
1.699897010584144115e+09
1.699897011972737074e+09
1.699897013367819071e+09
1.699897014768799067e+09
1.699897016154308081e+09
1.699897017534821033e+09
1.699897018926670074e+09
1.699897020312865019e+09
1.699897021699637890e+09
1.699897023089591026e+09
1.699897024473978043e+09
1.699897025855458021e+09
1.699897027252080917e+09
1.699897028640379906e+09
1.699897030028989077e+09
1.699897031431094885e+09
1.699897032829606056e+09
1.699897034216121912e+09
1.699897035604727983e+09
1.699897036997724056e+09
1.699897038413158894e+09
1.699897039802851915e+09
1.699897041187674046e+09
1.699897042588807106e+09
1.699897044000847101e+09
1.699897045394814014e+09
1.699897046781888962e+09
1.699897048165224075e+09
1.699897049547065973e+09
1.699897050932879925e+09
1.699897052317531109e+09
1.699897053693072081e+09
1.699897055076199055e+09
1.699897056461565018e+09
1.699897057850917101e+09
1.699897059241961002e+09
1.699897060629777908e+09
1.699897062014206886e+09
1.699897063404968977e+09
1.699897064795037031e+09
1.699897066185096025e+09
1.699897067569228888e+09
1.699897068961417913e+09
1.699897070357281923e+09
1.699897071744456053e+09
1.699897073128724098e+09
1.699897074511193991e+09
1.699897075888710022e+09
1.699897077193424940e+09
1.699897078497625113e+09
1.699897079800113916e+09
1.699897081114861965e+09
1.699897082501532078e+09
1.699897083902952909e+09
1.699897085315294981e+09
1.699897086706501007e+09
1.699897088103053093e+09
1.699897089515233040e+09
1.699897090902134895e+09
1.699897092293042898e+09
1.699897093681428909e+09
1.699897095064409018e+09
1.699897096452562094e+09
1.699897097841387987e+09
1.699897099228338957e+09
1.699897100610496998e+09
1.699897101999250889e+09
1.699897103389192104e+09
1.699897104771559954e+09
1.699897106175896883e+09
1.699897107592232943e+09
1.699897108980372906e+09
1.699897110374852896e+09
1.699897111759877920e+09
1.699897113144548893e+09
1.699897114530116081e+09
1.699897115917203903e+09
1.699897117300868034e+09
1.699897118685662985e+09
1.699897120070031881e+09
1.699897121456366062e+09
1.699897122837022066e+09
1.699897124224962950e+09
1.699897125612390995e+09
1.699897126990164042e+09
1.699897128371886015e+09
1.699897129755278111e+09
1.699897131144535065e+09
1.699897132534832001e+09
1.699897133926938057e+09
1.699897135310317993e+09
1.699897136688620090e+09
1.699897138084614038e+09
1.699897139475545883e+09
1.699897140862334013e+09
1.699897142244941950e+09
1.699897143632127047e+09
1.699897145013659000e+09
1.699897146401103020e+09
1.699897147788907051e+09
1.699897149169822931e+09
1.699897150558259010e+09
1.699897151946100950e+09
1.699897153331577063e+09
1.699897154717133045e+09
1.699897156109020948e+09
1.699897157501775980e+09
1.699897158884998083e+09
1.699897160287210941e+09
1.699897161690536022e+09
1.699897163076384068e+09
1.699897164466754913e+09
1.699897165858900070e+09
1.699897167236649990e+09
1.699897168628740072e+09
1.699897170020227909e+09
1.699897171414707899e+09
1.699897172825566053e+09
1.699897174217015028e+09
1.699897175608536959e+09
1.699897176996320963e+09
1.699897178385206938e+09
1.699897179773336887e+09
1.699897181172200918e+09
1.699897182560492039e+09
1.699897183943218946e+09
1.699897185343096972e+09
1.699897186755580902e+09
1.699897188159657955e+09
1.699897189553672075e+09
1.699897190949023962e+09
1.699897192334148884e+09
1.699897193724400997e+09
1.699897195119541883e+09
1.699897196511898041e+09
1.699897197901197910e+09
1.699897199304155111e+09
1.699897200703682899e+09
1.699897202089812994e+09
1.699897203477257013e+09
1.699897204863807917e+09
1.699897206250509977e+09
1.699897207637458086e+09
1.699897209021275997e+09
1.699897210415611982e+09
1.699897211803941011e+09
1.699897213195209026e+09
1.699897214591634035e+09
1.699897215977971077e+09
1.699897217364800930e+09
1.699897218745551109e+09
1.699897220132514000e+09
1.699897221517335892e+09
1.699897222905364037e+09
1.699897224305634975e+09
1.699897225713373899e+09
1.699897227106734037e+09
1.699897228509001017e+09
1.699897229888554096e+09
1.699897231277950048e+09
1.699897232666312933e+09
1.699897234055905104e+09
1.699897235437603951e+09
1.699897236833398104e+09
1.699897238237715006e+09
1.699897239623447895e+09
1.699897241015263081e+09
1.699897242404927015e+09
1.699897243790254116e+09
1.699897245176359892e+09
1.699897246564996958e+09
1.699897247953553915e+09
1.699897249345204115e+09
1.699897250734504938e+09
1.699897252120304108e+09
1.699897253510139942e+09
1.699897254908392906e+09
1.699897256315715075e+09
1.699897257619400978e+09
1.699897258926768064e+09
1.699897260234364033e+09
1.699897261559117079e+09
1.699897262945609093e+09
1.699897264332555056e+09
1.699897265717303991e+09
1.699897267103111982e+09
1.699897268489682913e+09
1.699897269877368927e+09
1.699897271274113894e+09
1.699897272680355072e+09
1.699897274063637018e+09
1.699897275442862034e+09
1.699897276828187943e+09
1.699897278219156981e+09
1.699897279611116886e+09
1.699897280998965979e+09
1.699897282386249065e+09
1.699897283777743101e+09
1.699897285175079107e+09
1.699897286582626104e+09
1.699897287963588953e+09
1.699897289346884966e+09
1.699897290730237961e+09
1.699897292112941027e+09
1.699897293507766008e+09
1.699897294908350945e+09
1.699897296294706106e+09
1.699897297683845043e+09
1.699897299072772980e+09
1.699897300459116936e+09
1.699897301851423025e+09
1.699897303244926929e+09
1.699897304648227930e+09
1.699897306037118912e+09
1.699897307430202961e+09
1.699897308823761940e+09
1.699897310210664988e+09
1.699897311598613977e+09
1.699897312986797094e+09
1.699897314294920921e+09
