1.703088659851674080e+09
1.703088674192812920e+09
1.703088688217925072e+09
1.703088701935578108e+09
1.703088715744620085e+09
1.703088729708332062e+09
1.703088743733990908e+09
1.703088757572345972e+09
1.703088771778973103e+09
1.703088785485606909e+09
1.703088799511965036e+09
1.703088813533504963e+09
1.703088827543261051e+09
1.703088841697981119e+09
1.703088855891168118e+09
1.703088869953260899e+09
1.703088883744829893e+09
1.703088897935678959e+09
1.703088911963645935e+09
1.703088926304279089e+09
1.703088940277271032e+09
1.703088954032265902e+09
1.703088968162863970e+09
1.703088982384049892e+09
1.703088996101581097e+09
1.703089010425177097e+09
1.703089024446674109e+09
1.703089038536032915e+09
1.703089052791380882e+09
1.703089066823096037e+09
1.703089081153254032e+09
1.703089095177638054e+09
1.703089109129205942e+09
1.703089123222184896e+09
1.703089137297377110e+09
1.703089151397149086e+09
1.703089165298521996e+09
1.703089179318064928e+09
1.703089192993318081e+09
1.703089207324992895e+09
1.703089221654097080e+09
1.703089235868702888e+09
1.703089250001568079e+09
1.703089264334908009e+09
1.703089278358736992e+09
1.703089292684401035e+09
1.703089306707070112e+09
1.703089321048505068e+09
1.703089335066982985e+09
1.703089349119777918e+09
1.703089363124941111e+09
1.703089377353715897e+09
1.703089391292217016e+09
1.703089405165894032e+09
1.703089419225609064e+09
1.703089433510314941e+09
1.703089447836549997e+09
1.703089462185070038e+09
1.703089476518835068e+09
1.703089490842855930e+09
1.703089505180680037e+09
1.703089519516277075e+09
1.703089533538609028e+09
1.703089547854336023e+09
1.703089562195694923e+09
1.703089576530699015e+09
1.703089590860812902e+09
1.703089605188235998e+09
1.703089619213995934e+09
1.703089633566132069e+09
1.703089647582954884e+09
1.703089661296565056e+09
1.703089675143954039e+09
1.703089688759470940e+09
1.703089702533742905e+09
1.703089716376751900e+09
1.703089730440937996e+09
1.703089744790760994e+09
1.703089758883824110e+09
1.703089772572937012e+09
1.703089786653515100e+09
1.703089800737680912e+09
1.703089814779112101e+09
1.703089828796875954e+09
1.703089842695117950e+09
1.703089856961724043e+09
1.703089871022248030e+09
1.703089885093229055e+09
1.703089898920737028e+09
1.703089913205899954e+09
1.703089927249470949e+09
1.703089941328689098e+09
1.703089955059819937e+09
1.703089969124114037e+09
1.703089983206279039e+09
1.703089997017709970e+09
1.703090011366384029e+09
1.703090025146574020e+09
1.703090039290807009e+09
1.703090053567401886e+09
1.703090067628971100e+09
1.703090081697299004e+09
1.703090095752315998e+09
1.703090109819137096e+09
1.703090123924843073e+09
1.703090137993936062e+09
1.703090152054429054e+09
1.703090166187695980e+09
1.703090180260756016e+09
1.703090194011599064e+09
1.703090208096092939e+09
1.703090222168927908e+09
1.703090236251720905e+09
1.703090250372291088e+09
1.703090264442316055e+09
1.703090278564481020e+09
1.703090292587789059e+09
1.703090306641897917e+09
1.703090320756144047e+09
1.703090334820166111e+09
1.703090348948375940e+09
1.703090362981395960e+09
1.703090377053380013e+09
1.703090390870995998e+09
1.703090404950536013e+09
1.703090419032653093e+09
1.703090433408711910e+09
1.703090447194277048e+09
1.703090461259516001e+09
1.703090475353652000e+09
1.703090489362761021e+09
1.703090503226881981e+09
1.703090517258677959e+09
1.703090531320461035e+09
1.703090545401674032e+09
1.703090559470967054e+09
1.703090573477998972e+09
1.703090587618225098e+09
1.703090601735845089e+09
1.703090615787501097e+09
1.703090629862008095e+09
1.703090643936384916e+09
1.703090658000201941e+09
1.703090672079600096e+09
1.703090686169434071e+09
1.703090700229110003e+09
1.703090714314080000e+09
1.703090728384891987e+09
1.703090742409034014e+09
1.703090756512437105e+09
1.703090770583376884e+09
1.703090784680687904e+09
1.703090798753650904e+09
1.703090812848248005e+09
1.703090826919171095e+09
1.703090841017121077e+09
1.703090855102381945e+09
1.703090869137425900e+09
1.703090883202097893e+09
1.703090897287583113e+09
1.703090911379772902e+09
1.703090925463494062e+09
1.703090939496469021e+09
1.703090953562367916e+09
1.703090967584489107e+09
1.703090981357546091e+09
1.703090995731297970e+09
1.703091009807384014e+09
1.703091023735217094e+09
1.703091037962681055e+09
1.703091052057343006e+09
1.703091065986134052e+09
1.703091080145575047e+09
1.703091094226650000e+09
1.703091108305746078e+09
1.703091122438097954e+09
1.703091136536128044e+09
1.703091150619213104e+09
1.703091164649513006e+09
1.703091178709603071e+09
1.703091192814615011e+09
1.703091206872107029e+09
1.703091220962193966e+09
1.703091235026014090e+09
1.703091249053143978e+09
1.703091263122483015e+09
1.703091277158849001e+09
1.703091291323004961e+09
1.703091305404424906e+09
1.703091319469605923e+09
1.703091333572182894e+09
1.703091347686821938e+09
1.703091361837382078e+09
1.703091375929414988e+09
1.703091390051919937e+09
1.703091404090922117e+09
1.703091418191833973e+09
1.703091432283974886e+09
1.703091446347599983e+09
1.703091460694650888e+09
1.703091474788337946e+09
1.703091488870606899e+09
1.703091503003846884e+09
1.703091517015326977e+09
1.703091531150348902e+09
1.703091545241533995e+09
1.703091559315975904e+09
1.703091573094512939e+09
1.703091587174534082e+09
1.703091601243721962e+09
1.703091615370532036e+09
1.703091629435709953e+09
1.703091643215626001e+09
1.703091657315260887e+09
1.703091671390714884e+09
1.703091685472484112e+09
1.703091699552423954e+09
1.703091713630439043e+09
1.703091727776904106e+09
1.703091741868443012e+09
1.703091755976659060e+09
1.703091770093960047e+09
1.703091784176806927e+09
1.703091798187374115e+09
1.703091812323618889e+09
1.703091826410665989e+09
1.703091840523124933e+09
1.703091854621176004e+09
1.703091868728568077e+09
1.703091882860943079e+09
1.703091896967653036e+09
1.703091911053853989e+09
1.703091925136373043e+09
1.703091939524281025e+09
1.703091953628032923e+09
1.703091967762157917e+09
1.703091981848010063e+09
1.703091995981041908e+09
1.703092010056879997e+09
1.703092024158469915e+09
1.703092038188522100e+09
1.703092052282150030e+09
1.703092066374022961e+09
1.703092080495405912e+09
1.703092094618155956e+09
1.703092108704139948e+09
1.703092122485230923e+09
1.703092136582161903e+09
1.703092150706479073e+09
1.703092164535134077e+09
1.703092178898520947e+09
1.703092193014818907e+09
1.703092207152307987e+09
1.703092221238085985e+09
1.703092235321867943e+09
1.703092249432173014e+09
1.703092263520647049e+09
1.703092277631428003e+09
1.703092291723690033e+09
1.703092297943747044e+09
