5.346820677669041066e-03
3.517873600634124822e-03
4.007232251489172697e-03
3.651752644214604701e-03
3.663345712045548968e-03
4.073274706478933506e-03
4.990152102264304099e-03
3.992153370893665627e-03
3.503576670079861389e-03
4.142384989023795844e-03
3.675763034247955894e-03
3.880938303559794064e-03
3.369387288390644861e-03
3.702744057398831348e-03
3.615525709147323838e-03
4.470720749848713579e-03
4.400154329767269785e-03
3.307410193938657445e-03
4.079127222512095655e-03
4.204249801369146569e-03
nan
3.516857926184967665e-03
3.035468916517613039e-03
4.268749905368495953e-03
3.676335395629097818e-03
4.397085536435449242e-03
3.087633023246147412e-03
4.204765108312563844e-03
3.536954596884523284e-03
4.527420990892200639e-03
5.363429517603862835e-03
3.421126720600758345e-03
4.291715155152817443e-03
3.409143158475791413e-03
4.174039427071776429e-03
4.029951873541921456e-03
4.308622504015301516e-03
3.684250935333587516e-03
4.177883208677148769e-03
4.299741161350486077e-03
4.571386825971598608e-03
3.976517267303680651e-03
4.832017298315493051e-03
4.165493809144086082e-03
4.357221413611707915e-03
3.997356880688245941e-03
4.767037359758584912e-03
3.869589522581865903e-03
3.777080439055799030e-03
4.565328724698320025e-03
3.762505687162510676e-03
3.289757304044697763e-03
3.583866433637326356e-03
4.088210742366896362e-03
3.847805981154490268e-03
4.545994576232411863e-03
4.388749425407501709e-03
4.104596502709186197e-03
3.562632790763017171e-03
3.666074321829472429e-03
3.704760328473578716e-03
3.732985537741721673e-03
3.885785683691259530e-03
3.381678838479555693e-03
3.512339926697357478e-03
4.300545377114958420e-03
3.584526898657181427e-03
4.165079019630366260e-03
4.317545050773972590e-03
3.607425658704321164e-03
4.476848283667443987e-03
4.365019115941901409e-03
3.660562495328003457e-03
4.210043071973210496e-03
3.870577140212784137e-03
3.828968626119939617e-03
3.196152772188859577e-03
4.003462333008783042e-03
4.198818192103258642e-03
4.053481670227551681e-03
4.480408393489631463e-03
4.329738827470354032e-03
4.024360689634421881e-03
4.465026387998212963e-03
4.655433844937088665e-03
4.211189850301726330e-03
3.659001589776537770e-03
4.427841823195175289e-03
4.514309607439480863e-03
4.148388159631766388e-03
4.370239516562951856e-03
3.756450826262121810e-03
3.742323052336942162e-03
4.466841665679609566e-03
4.092520406481194722e-03
3.904497350736119230e-03
2.133851274411777566e-03
5.605126076745028073e-03
3.366109918976765720e-03
3.935703047614946305e-03
3.742344785268418746e-03
2.140742231763096727e-03
3.662252241111368673e-03
4.329067312697049488e-03
3.312598594410474766e-03
3.620943435422438288e-03
3.756297582855065015e-03
4.220124249508420446e-03
3.495130013337746644e-03
3.408943359701396055e-03
4.299316455124626429e-03
4.006143649109270011e-03
4.374836728276728856e-03
3.144548215709326317e-03
3.636928558355118860e-03
4.658145233084200199e-03
3.585069225905645508e-03
3.495226556604939371e-03
4.501038551969915695e-03
3.900092533270808123e-03
3.874830863456615350e-03
3.519902192172559650e-03
3.252499789360730267e-03
3.995322480165009252e-03
5.327231383050718729e-03
2.930565892353607666e-03
3.093376324828659742e-03
3.536143298510519093e-03
4.993907834255463009e-03
3.021456605323852729e-03
4.592615745081254919e-03
3.442224476268273322e-03
4.393407603413117431e-03
3.703688361994499165e-03
3.055291866602597751e-03
3.303028072317959734e-03
4.222175295544723997e-03
5.408551032697174119e-03
3.600855388266733896e-03
4.109443592463271101e-03
3.351082674947907045e-03
3.358040883687534676e-03
4.028655221301268886e-03
4.957843905455250680e-03
3.856022451568275142e-03
3.636144595620838249e-03
3.668065801078192797e-03
3.475282635848540164e-03
3.860242816335975654e-03
3.443764211156817492e-03
3.576467618571480770e-03
4.041511838476062254e-03
3.982562512654944792e-03
3.942391632867080740e-03
4.087847350908188279e-03
3.459225676777371791e-03
3.550444986325482048e-03
4.722862791439990347e-03
4.536714567368215628e-03
4.395657513972531065e-03
4.020992707849678320e-03
4.282994527436390607e-03
4.180689999440285326e-03
3.674580925818634637e-03
4.708303182446983357e-03
4.578211788331672076e-03
3.883465997401883314e-03
3.902101402238953784e-03
3.500752386302393923e-03
3.946686889130651514e-03
3.221299149672189523e-03
3.681209375379762387e-03
4.179111600957129656e-03
4.318571586849617727e-03
3.695273526597217442e-03
3.476448020318142606e-03
3.512925871521768023e-03
3.784851363879782309e-03
3.519362901856139519e-03
3.957112424092246172e-03
3.944922351807923083e-03
4.420580129675085249e-03
3.700515475091972848e-03
3.283079552301555130e-03
4.508128075259734344e-03
3.953730575037932987e-03
4.183701178947512797e-03
nan
3.455545003594329232e-03
3.994438643490790496e-03
3.187946420940119662e-03
3.423547326007663882e-03
3.898506932398542423e-03
4.178830307286841503e-03
4.925384545409209648e-03
3.379294536623301485e-03
4.329450893238872070e-03
2.904123212417837867e-03
4.699127702356056119e-03
3.732746638038215038e-03
4.576836393982540961e-03
3.562916120997920190e-03
4.043663851194798098e-03
4.035307131744535550e-03
3.971555222324963004e-03
4.241446453985609800e-03
3.906767328970170775e-03
4.267184715804568651e-03
4.302284846149561845e-03
4.920748374103901465e-03
3.361425239233606366e-03
3.761606029541584260e-03
4.166478041044831097e-03
3.237675221133342728e-03
3.364374900337723049e-03
4.508970301284764663e-03
5.047048091517156859e-03
3.442640822130031437e-03
4.044351991139230433e-03
3.665930446864447759e-03
3.384085502909481204e-03
5.052153749308583262e-03
3.531169480903457048e-03
3.017408866421369181e-03
4.393382084675397266e-03
4.071945211694171299e-03
3.059876681066140119e-03
4.566503182667372950e-03
3.980630279922428745e-03
3.726348022336116016e-03
5.545324920855801247e-03
3.929412459127546060e-03
3.783701733633529352e-03
4.142037381587812886e-03
3.935859264796908244e-03
4.334803583870755483e-03
4.382507314235415362e-03
5.234521129318671015e-03
3.658707516263837427e-03
4.004045500199142869e-03
3.813861335369553730e-03
3.496947312996416361e-03
5.384767587068022172e-03
4.278856491021445878e-03
3.979111746101085013e-03
3.608085057376600024e-03
3.399116172545697118e-03
5.176286157127245671e-03
4.606418071909006672e-03
3.984718273977276570e-03
3.963410811281828719e-03
3.291499548283413710e-03
3.422447976801573557e-03
3.841659951044241496e-03
4.457579745163604140e-03
3.990588148893517081e-03
4.315920692746231038e-03
4.209913457684258571e-03
4.782012092196205946e-03
3.426557830995582889e-03
4.650010309093842963e-03
3.539811966089048949e-03
3.476518468829887295e-03
4.030935447603405976e-03
3.885402400208769810e-03
3.951314556947158572e-03
5.026341500196915280e-03
3.278777444602899282e-03
2.957340757774928885e-03
4.016885895779740735e-03
4.259537886574270467e-03
3.436678336978498359e-03
3.569973270652312784e-03
3.559079716956646110e-03
4.647881777222179385e-03
3.801949799637229042e-03
4.791111929223827032e-03
3.576991915587823291e-03
3.394352491399394486e-03
3.892925186923040619e-03
3.882654772770729925e-03
3.914581267737042049e-03
3.857464048972800326e-03
3.344326682556607484e-03
4.602044429966340756e-03
4.581810321849597717e-03
4.132883665658801040e-03
3.793786142119385217e-03
4.332620313534001413e-03
4.246071225446308023e-03
4.110090926630305744e-03
3.268253545929730719e-03
3.881112339242431819e-03
4.056757215602773727e-03
3.662133268539931753e-03
4.474946576760770699e-03
3.274915342206366747e-03
3.864759191985134984e-03
3.600260602757126421e-03
3.564771564057170761e-03
4.382043265607483452e-03
4.372593832226632365e-03
4.216808823737598806e-03
3.623851694194366035e-03
4.584215670611597494e-03
3.308117018773712361e-03
4.040323032738536019e-03
3.614764326327047327e-03
4.301440464778004402e-03
4.020527215863418588e-03
3.954875454457683348e-03
4.108092044999119702e-03
3.378478084747471057e-03
4.316934298689122616e-03
3.665364766587524310e-03
3.808091737933206287e-03
4.429013123849818295e-03
3.620557107419950481e-03
3.351653495542253509e-03
3.497533404185885434e-03
4.287957018179679343e-03
4.286718573880158797e-03
3.727191079352806802e-03
3.776508295333290844e-03
4.070473480578019887e-03
5.025008190564521707e-03
3.850322285584511540e-03
4.004568796877734822e-03
4.110054850991628865e-03
3.698871782108690588e-03
5.087062389470042856e-03
4.273362832616880991e-03
3.694277707530289716e-03
3.713809050141897786e-03
3.550205449426270359e-03
4.550892032809317721e-03
3.632432228627791720e-03
3.782532845891022066e-03
4.441260910703256556e-03
3.947507313018515027e-03
3.798952287390105174e-03
3.510036687826501717e-03
3.847752544973778201e-03
3.872622563688852583e-03
3.207124037306976951e-03
4.213692949512118022e-03
3.501392680136617471e-03
3.430203901354584011e-03
3.924144722974368810e-03
3.983741634306944487e-03
3.220352061194005702e-03
3.881412458328610624e-03
3.683273369673162670e-03
3.872246724571440368e-03
3.681608529860141716e-03
3.799795920639409234e-03
3.605933425549645403e-03
3.909807926435135590e-03
4.771233480529748529e-03
3.539215395119398207e-03
3.389037876193681537e-03
4.153849334060937155e-03
4.179980701371693169e-03
3.167429198833639908e-03
3.606808831416118220e-03
3.954325035298884329e-03
3.906214719782413660e-03
3.586404508910794216e-03
3.110903522526767447e-03
3.522657304425443840e-03
4.526003401703178330e-03
4.170150754605940306e-03
3.605865324734468247e-03
3.621192661036693339e-03
4.821544587857813299e-03
4.638907291719377227e-03
4.241394624813045813e-03
3.653358936534672075e-03
3.651656364778987050e-03
3.641419682096405305e-03
4.155978375203092830e-03
3.531306499806300628e-03
3.786565724018407277e-03
3.804088567012171764e-03
4.199767032683587691e-03
4.263160279049455631e-03
3.853797477202611579e-03
4.173338555290201368e-03
3.677792881136303284e-03
3.416082879673868877e-03
4.519582914275786442e-03
5.104621356464485692e-03
3.615765885157642447e-03
3.924344784038702634e-03
4.103312737620736644e-03
4.067983501332820585e-03
nan
3.459475817830421924e-03
4.038267991996909861e-03
3.905232893016056302e-03
3.996681531353338257e-03
3.685108304167391234e-03
3.725371488495137027e-03
4.124608639263433948e-03
3.671892765311019369e-03
3.758017669324020035e-03
4.162315612346770277e-03
2.955792648248853956e-03
3.787030238407299802e-03
3.949953565381058782e-03
4.574046838173199264e-03
4.014848934370459158e-03
3.711524783772955725e-03
3.757812799820286521e-03
3.741483648517204656e-03
3.552338171174793460e-03
3.317761679847680990e-03
3.542117569891440904e-03
3.969685517924178945e-03
