5.816957943171815158e-03
5.095784345544739427e-03
6.350595077943469932e-03
6.398912529198332380e-03
5.106089931847961928e-03
6.982859725959627596e-03
5.609596911583841945e-03
6.426725547188098971e-03
8.749173683132252868e-03
7.823084941859055272e-03
8.155642428036310662e-03
7.849085745717576668e-03
6.030706688698519481e-03
7.486280609218833038e-03
8.610112559682111047e-03
5.589807720926569766e-03
6.252996327079268432e-03
8.670372672664117958e-03
7.066456614684514699e-03
6.510760212477654379e-03
5.986541367585511246e-03
1.374969076192501805e-02
6.929186852180773369e-03
5.975792610640815426e-03
6.167638613112178675e-03
8.013039420895469098e-03
7.502341553906180516e-03
7.329915227306589565e-03
6.886758089875942394e-03
6.454518155578014248e-03
6.505536542525996481e-03
7.518899239138249029e-03
5.979654339294407719e-03
6.936872471021475473e-03
8.274543343404095613e-03
6.264911517116246269e-03
5.456591593911215565e-03
7.188070379074058130e-03
5.765135649253764691e-03
7.001742437765904291e-03
7.933456306360754662e-03
5.714573297783834618e-03
8.164734947323138217e-03
6.443968520560280216e-03
4.953292876916900837e-03
8.191178368703918439e-03
5.534233776146037578e-03
5.488588312775296088e-03
7.196092209749198332e-03
6.104469248300161202e-03
7.254355179744986781e-03
5.672803885199628575e-03
6.424683515952359439e-03
6.959075172132224603e-03
7.591591240762377013e-03
5.621324423713053818e-03
5.312700023062423560e-03
6.307239192077005417e-03
6.449552841875272509e-03
9.032295487475895668e-03
1.102165627551296087e-02
7.529408631344768586e-03
6.136005232229848998e-03
5.838437642873782994e-03
8.944565170638216905e-03
6.442232916784328134e-03
6.570590083156471577e-03
6.583594727139858646e-03
6.304766992704238099e-03
9.107634631585497312e-03
8.231204662528378291e-03
5.491645746141682154e-03
5.137902191412293748e-03
6.791877430748526241e-03
4.980740078480420073e-03
8.213656726052676049e-03
5.948432454764859476e-03
6.896225787458284094e-03
7.214382051361528832e-03
7.294741849968596793e-03
5.666223226035292659e-03
6.423812135945543116e-03
6.403076439896365595e-03
8.159190170945072526e-03
5.776374768996345686e-03
4.913358425872817528e-03
6.928942956510138022e-03
7.261463199009277059e-03
6.398590955468357218e-03
7.223083050176685657e-03
6.640051514908619328e-03
4.964039276708426957e-03
7.589493835296304454e-03
6.200239474155560919e-03
7.095478641756938938e-03
1.015175439005840986e-02
7.898216163865667133e-03
6.901370642533367211e-03
6.889966977438541536e-03
7.587994963332438808e-03
7.158943624507566397e-03
8.370725172695417729e-03
5.723642596828593630e-03
5.724184241606542281e-03
nan
8.014672559269641477e-03
6.818092787090243231e-03
7.772879402540042865e-03
8.062332019156837754e-03
5.693030444402636184e-03
7.032361248782414802e-03
5.705110688546509087e-03
6.125396086469157321e-03
7.644166018771235416e-03
5.773580191331451061e-03
7.572621449466358963e-03
5.342781553726598867e-03
6.146601267053076502e-03
8.781605216093198510e-03
9.629144725946250233e-03
6.089033837490137775e-03
7.783865413771370520e-03
6.434014369168064226e-03
5.551875704500479174e-03
5.807884240238603453e-03
7.836929206262588030e-03
7.565290736409861598e-03
6.576475925108737040e-03
8.783760347171792882e-03
5.084124193607522137e-03
1.034507771824563424e-02
9.117285832213085917e-03
6.203638742668620212e-03
7.772938561956844843e-03
6.610697650881192274e-03
5.806675376620900123e-03
6.198921056434418368e-03
7.698524153893704196e-03
1.088742867497108184e-02
6.815421633490945791e-03
6.404929396922286883e-03
6.628794073489189913e-03
7.114832202501042598e-03
7.134068940608385805e-03
8.877476896471080126e-03
7.237528962031155276e-03
5.286253269433965028e-03
7.066166413076920352e-03
5.311964192471426566e-03
5.744278598358499265e-03
5.253458145417163466e-03
6.991082153206537760e-03
8.637724407712907976e-03
6.387416039080548620e-03
7.012023051241748732e-03
5.351987475487615317e-03
5.754825821642737226e-03
5.017418306195547267e-03
6.013653932619514482e-03
6.905063417819771315e-03
5.721172666413410629e-03
5.531113428611673759e-03
5.914619433944203787e-03
6.366190771918878513e-03
7.492961617350552862e-03
5.485776091210144839e-03
5.800954177272711794e-03
7.548512119312467301e-03
6.172618074513715886e-03
7.597990111317942490e-03
7.149649385063678100e-03
8.166783625563493743e-03
8.083291660797773531e-03
6.912979661359858891e-03
6.275110364949482503e-03
7.732360100313126483e-03
6.864663284619858946e-03
5.170832048130134632e-03
6.622515116685811012e-03
1.200741558740738534e-02
7.151198501497606566e-03
7.335318920350331062e-03
7.403253887794932452e-03
6.858196807738307227e-03
7.611125153715561815e-03
6.242661646347352419e-03
8.291687268874272515e-03
1.096530347063662258e-02
6.315141671549297751e-03
5.964587505890981377e-03
5.737869330798243440e-03
6.136613317706927570e-03
7.653768105561798915e-03
7.356466375124869408e-03
6.213114864851655185e-03
6.887375440845612887e-03
7.422733333124244270e-03
4.821802377924661216e-03
1.001867052022231003e-02
6.697422230843759657e-03
5.141797382996055911e-03
6.434493025239652712e-03
7.534816814423264675e-03
7.875923896193503040e-03
6.517438083462001597e-03
6.125267320151945097e-03
5.979922623255068577e-03
4.989514847268313250e-03
8.804315912564282878e-03
6.893277809693110041e-03
6.445731031382007786e-03
7.476551653771156686e-03
7.726679305094424736e-03
8.055103966909584606e-03
6.890705547882403081e-03
6.859970291210149701e-03
7.004696492305011353e-03
8.044715894335840653e-03
7.233195596003119676e-03
7.769106444887431163e-03
6.542245230510615288e-03
7.476729073850019516e-03
6.460433901777235151e-03
7.104536619415447590e-03
6.221436171606448129e-03
1.068079032058547387e-02
8.289215933270496425e-03
7.933143467063802703e-03
5.575669328728587865e-03
5.100275749822675772e-03
6.707677303878121881e-03
7.922506109101440722e-03
5.841823744185448836e-03
6.743342513504187348e-03
7.343847489096216354e-03
5.976309280409201896e-03
8.126257948455948774e-03
6.072185366952038976e-03
6.399362509645673339e-03
5.683360178545662778e-03
5.774858038900123475e-03
7.011604126712537438e-03
5.847274136611477734e-03
5.385692983209319600e-03
5.716542049080389730e-03
5.205825881768271976e-03
6.765914523758262064e-03
6.684387674026429256e-03
6.121032256947359432e-03
5.948023387039906400e-03
7.276388717304562923e-03
6.197257939242925041e-03
6.651843855268266097e-03
5.391461994629006931e-03
5.823162789597581546e-03
5.349691114200125219e-03
6.007411163782604493e-03
5.204352005849793503e-03
5.381119926161847047e-03
7.868782492187384112e-03
6.950522813900929069e-03
7.685960636518688813e-03
5.460013556012372968e-03
7.021825431103294324e-03
6.334147304154133344e-03
7.055516080236894777e-03
7.036254175726694947e-03
6.118882356127016732e-03
6.001491486828794582e-03
6.107064806712587078e-03
6.397863060715461465e-03
1.285715397399290506e-02
8.381079066474802705e-03
5.285419758466128846e-03
6.660490108049335785e-03
6.196296973283167177e-03
5.840143765435782362e-03
4.799278535508474074e-03
8.145993721713418872e-03
7.493033805574405432e-03
6.638262684677858488e-03
5.778061600613234629e-03
5.072240307609021150e-03
7.003602719348768317e-03
6.363885741851234637e-03
5.933002139089266734e-03
5.141798256511753186e-03
6.341730030980765979e-03
6.263437209586403959e-03
6.773734908581125272e-03
6.244496542264298990e-03
4.663737568073533790e-03
5.550087960392495988e-03
6.333245187286258050e-03
6.658134458066721287e-03
6.075022793063186537e-03
7.021868096536888412e-03
5.848887463205633234e-03
6.404410036094630027e-03
6.706346197595627542e-03
8.871691600884887979e-03
6.363816342700835162e-03
7.043360613270569122e-03
9.472290336619464471e-03
7.621393150716421726e-03
6.381789825965970657e-03
5.366843520090423467e-03
6.634282385221621121e-03
9.017730914211352297e-03
5.389202245289672309e-03
5.709967036004773636e-03
6.628989713059306108e-03
5.286570336025323870e-03
6.430526346371118196e-03
8.138881745888762800e-03
5.790646194017872068e-03
5.337955124690258249e-03
7.130789431821460758e-03
6.898622849754543727e-03
5.734508550974597683e-03
6.550004099106093020e-03
7.468423567682202537e-03
4.696774746255034244e-03
5.807362422312369911e-03
5.530459093775738633e-03
6.212593732930361996e-03
4.287479745134441418e-03
5.319031762271600981e-03
5.358934434882728880e-03
6.509448363216394605e-03
6.148867553099055840e-03
7.831075894772231843e-03
5.371058519629390467e-03
6.632202687442039293e-03
6.854065661133186722e-03
8.515298512021323915e-03
5.173123690544499144e-03
6.160771001622421597e-03
7.239424861857004546e-03
6.780786072813836142e-03
6.023367321890567977e-03
8.239755625231862460e-03
5.832957567351183988e-03
6.997995436807550977e-03
5.930273209581051960e-03
7.627280379620444625e-03
7.611378621966671983e-03
7.399180296823797305e-03
6.841522181834045271e-03
1.143333997857286406e-02
5.676261227589318205e-03
5.485477624040170988e-03
5.886972791545706449e-03
7.667348352246102991e-03
-1.046088915503136235e-01
7.786034288802362070e-03
6.203917237652288239e-03
7.359132931587810365e-03
7.058487059702835999e-03
6.623998585508742917e-03
6.148434824830983393e-03
5.657369504885645210e-03
9.301448018556366867e-03
8.525830864591965597e-03
7.081636459790662669e-03
5.699984333921148498e-03
5.760199063627565591e-03
9.338045505570309254e-03
6.695503173290271240e-03
5.257438463702067757e-03
5.653726621252906301e-03
9.618904768787059356e-03
6.756496814991424030e-03
8.451314618654601207e-03
6.465217017407105804e-03
6.407032832628859961e-03
6.621117915016860173e-03
9.249710656235041531e-03
7.291726537322513850e-03
6.038520155271245859e-03
8.431922130609621757e-03
9.472272955453411164e-03
1.191261720696792231e-02
5.531371664596436248e-03
7.836510343552427482e-03
5.631260032625234023e-03
6.098007833818985118e-03
9.322678443544020130e-03
6.081989521053055188e-03
8.373859380206486944e-03
7.470625243392777989e-03
7.099442935451850609e-03
6.264646294399953651e-03
6.895350737538092842e-03
6.425156838939798283e-03
7.454749756907292149e-03
4.570189827491984332e-03
7.304703504132663630e-03
6.025782949920512402e-03
7.125921792356011870e-03
5.421887275838242239e-03
6.456286064505764762e-03
6.845941361066727217e-03
6.476646725580662359e-03
6.810344278020168812e-03
5.723787649433170581e-03
5.612488636424582851e-03
5.467516131411880032e-03
6.270608915876494001e-03
6.999730269350627754e-03
6.042401472218618570e-03
7.224665665342074744e-03
7.620133876396217171e-03
4.907522025679003294e-03
5.879549637925079487e-03
6.085963870586714487e-03
6.670577885797709938e-03
8.614182660841311970e-03
6.389846152712782765e-03
