1.705604876121119976e+09
1.705604877464356899e+09
1.705604878804042101e+09
1.705604880152913094e+09
1.705604881620733023e+09
1.705604883090503931e+09
1.705604884548651934e+09
1.705604886018559933e+09
1.705604887507801056e+09
1.705604888972640991e+09
1.705604890432960033e+09
1.705604891881072998e+09
1.705604893215039015e+09
1.705604894564945936e+09
1.705604895905731916e+09
1.705604897296473026e+09
1.705604898764698029e+09
1.705604900243194103e+09
1.705604901690253973e+09
1.705604903177766085e+09
1.705604904656589031e+09
1.705604906135023117e+09
1.705604907611447096e+09
1.705604909091510057e+09
1.705604910554819107e+09
1.705604912033220053e+09
1.705604913501876116e+09
1.705604914988346100e+09
1.705604916462385893e+09
1.705604917969203949e+09
1.705604919451047897e+09
1.705604920940304041e+09
1.705604922435642004e+09
1.705604923914800882e+09
1.705604925375777006e+09
1.705604926716377974e+09
1.705604928063878059e+09
1.705604929400676966e+09
1.705604930771908998e+09
1.705604932255119085e+09
1.705604933720530033e+09
1.705604935204526901e+09
1.705604936681397915e+09
1.705604938148555040e+09
1.705604939592387915e+09
1.705604941058811903e+09
1.705604942538677931e+09
1.705604944007477045e+09
1.705604945473779917e+09
1.705604946939980984e+09
1.705604948398699045e+09
1.705604949876959085e+09
1.705604951350714922e+09
1.705604952831032991e+09
1.705604954313914061e+09
1.705604955762274027e+09
1.705604957210839033e+09
1.705604958682960033e+09
1.705604960166560888e+09
1.705604961611485958e+09
1.705604963085158110e+09
1.705604964558115005e+09
1.705604966048238039e+09
1.705604967532485962e+09
1.705604969017564058e+09
1.705604970497584105e+09
1.705604971973289013e+09
1.705604973460939884e+09
1.705604974945538044e+09
1.705604976425688982e+09
1.705604977903337955e+09
1.705604979299256086e+09
1.705604980645770073e+09
1.705604981985812902e+09
1.705604983340024948e+09
1.705604984820913076e+09
1.705604986279112101e+09
1.705604987758604050e+09
1.705604989227001905e+09
1.705604990693252087e+09
1.705604992152456045e+09
1.705604993614712954e+09
1.705604995096613884e+09
1.705604996582081079e+09
1.705604998062804937e+09
1.705604999527606010e+09
1.705605001002734900e+09
1.705605002445770025e+09
1.705605003934673071e+09
1.705605005416943073e+09
1.705605006908986092e+09
1.705605008380105019e+09
1.705605009833167076e+09
1.705605011320765972e+09
1.705605012801976919e+09
1.705605014276144028e+09
1.705605015759848118e+09
1.705605017239865065e+09
1.705605018683646917e+09
1.705605020131999016e+09
1.705605021574595928e+09
1.705605023052351952e+09
1.705605024527889013e+09
1.705605026009696007e+09
1.705605027469048977e+09
1.705605028963526011e+09
1.705605030445255995e+09
1.705605031913985968e+09
1.705605033372615099e+09
1.705605034844504118e+09
1.705605036325529099e+09
1.705605037815866947e+09
1.705605039312091112e+09
1.705605040789174080e+09
1.705605042272234917e+09
1.705605043740542889e+09
1.705605045201503992e+09
1.705605046660350084e+09
1.705605048123552084e+09
1.705605049593307972e+09
1.705605051061779976e+09
1.705605052550609112e+09
1.705605054030217886e+09
1.705605055489203930e+09
1.705605056948515892e+09
1.705605058392460108e+09
1.705605059856616974e+09
1.705605061320545912e+09
1.705605062782812119e+09
1.705605064240427017e+09
1.705605065710618019e+09
1.705605067166296005e+09
1.705605068653302908e+09
1.705605070130085945e+09
1.705605071616154909e+09
1.705605073113919973e+09
1.705605074592897892e+09
1.705605076074388027e+09
1.705605077555717945e+09
1.705605079029350042e+09
1.705605080505228996e+09
1.705605081978487015e+09
1.705605083473768950e+09
1.705605084965879917e+09
1.705605086434998035e+09
1.705605087908890963e+09
1.705605089378846884e+09
1.705605090855571985e+09
1.705605092341898918e+09
1.705605093816502094e+09
1.705605095300638914e+09
1.705605096768291950e+09
1.705605098242093086e+09
1.705605099698462009e+09
1.705605101166116953e+09
1.705605102644900084e+09
1.705605104098896027e+09
1.705605105582006931e+09
1.705605107061356068e+09
1.705605108546658993e+09
1.705605110032887936e+09
1.705605111518028975e+09
1.705605112959815979e+09
1.705605114423474073e+09
1.705605115892344952e+09
1.705605117370512009e+09
1.705605118857479095e+09
1.705605120335588932e+09
1.705605121804939985e+09
1.705605123288499117e+09
1.705605124735937119e+09
1.705605126222606897e+09
1.705605127668031931e+09
1.705605129164514065e+09
1.705605130656723976e+09
1.705605132137979984e+09
1.705605133592004061e+09
1.705605135070498943e+09
1.705605136520633936e+09
1.705605137985126019e+09
1.705605139442513943e+09
1.705605140905476093e+09
1.705605142366939068e+09
1.705605143826090097e+09
1.705605145292767048e+09
1.705605146751490116e+09
1.705605148225811958e+09
1.705605149700381041e+09
1.705605151162702084e+09
1.705605152619736910e+09
1.705605154068377018e+09
1.705605155528232098e+09
1.705605157012569904e+09
1.705605158508147001e+09
1.705605159965749979e+09
1.705605161450393915e+09
1.705605162922230005e+09
1.705605164417041063e+09
1.705605165801951885e+09
1.705605167149264097e+09
1.705605168498502016e+09
1.705605169849076033e+09
1.705605171290466070e+09
1.705605172750353098e+09
1.705605174217885017e+09
1.705605175692347050e+09
1.705605177150192022e+09
1.705605178598709106e+09
1.705605180066159964e+09
1.705605181515580893e+09
1.705605183003457069e+09
1.705605184489705086e+09
1.705605185938534021e+09
1.705605187419783115e+09
1.705605188903697014e+09
1.705605190394387007e+09
1.705605191845906019e+09
1.705605193292259932e+09
1.705605194754416943e+09
1.705605196229357958e+09
1.705605197717375040e+09
1.705605199186650038e+09
1.705605200677311897e+09
1.705605202140089989e+09
1.705605203608000994e+09
1.705605205096029997e+09
1.705605206553569078e+09
1.705605208009783030e+09
1.705605209488410950e+09
1.705605210956656933e+09
1.705605212442248106e+09
1.705605213928216934e+09
1.705605215409286976e+09
1.705605216896833897e+09
1.705605218391386986e+09
1.705605219840610027e+09
1.705605221309792042e+09
1.705605222796991110e+09
1.705605224263891935e+09
1.705605225742252111e+09
1.705605227227978945e+09
1.705605228692369938e+09
1.705605230155119896e+09
1.705605231551377058e+09
1.705605232891006947e+09
1.705605234233334064e+09
1.705605235574251890e+09
1.705605237001899004e+09
1.705605238342036963e+09
1.705605239686631918e+09
1.705605241027543068e+09
1.705605242418965101e+09
1.705605243901868105e+09
1.705605245351475954e+09
1.705605246819585085e+09
1.705605248303458929e+09
1.705605249784533978e+09
1.705605251277070999e+09
1.705605252765116930e+09
1.705605254248222113e+09
1.705605255713325024e+09
1.705605257201141119e+09
1.705605258685519934e+09
1.705605260165469885e+09
1.705605261664905071e+09
1.705605263150872946e+09
1.705605264599627018e+09
1.705605266085067987e+09
1.705605267560596943e+09
1.705605268957426071e+09
1.705605270307929039e+09
1.705605271650160074e+09
1.705605273004137993e+09
1.705605274486761093e+09
1.705605275990082979e+09
1.705605277463006020e+09
1.705605278941030979e+09
1.705605280401796103e+09
1.705605281882097006e+09
1.705605283350686073e+09
1.705605284813839912e+09
1.705605286163706064e+09
1.705605287508763075e+09
1.705605288851069927e+09
1.705605290219171047e+09
1.705605291704286098e+09
1.705605293186188936e+09
1.705605294678903103e+09
1.705605296165298939e+09
1.705605297637485981e+09
1.705605299104638100e+09
1.705605300584100962e+09
1.705605302064872980e+09
1.705605303536443949e+09
1.705605305018028021e+09
1.705605306488527060e+09
1.705605307969686985e+09
1.705605309447666883e+09
1.705605310929862976e+09
1.705605312392767906e+09
1.705605313853255033e+09
1.705605315313208103e+09
1.705605316773469925e+09
1.705605318239995956e+09
1.705605319720685959e+09
1.705605321202315092e+09
1.705605322686505079e+09
1.705605324162451982e+09
1.705605325645575047e+09
1.705605327130132914e+09
1.705605328621682882e+09
1.705605330106733084e+09
1.705605331594284058e+09
1.705605333063883066e+09
1.705605334551626921e+09
1.705605336017713070e+09
1.705605337487972975e+09
1.705605338981844902e+09
1.705605340426615000e+09
1.705605341917030096e+09
1.705605343413813114e+09
1.705605344903274059e+09
1.705605346375312090e+09
1.705605347867995977e+09
1.705605349379715919e+09
1.705605350790956974e+09
1.705605352126025915e+09
1.705605353468957901e+09
1.705605354824527979e+09
1.705605356307571888e+09
1.705605357796385050e+09
1.705605359281524897e+09
1.705605360756534100e+09
1.705605362230954885e+09
1.705605363718307018e+09
1.705605365165879965e+09
1.705605366656791925e+09
1.705605368136046886e+09
1.705605369623799086e+09
1.705605371075532913e+09
1.705605372549725056e+09
1.705605374035026073e+09
1.705605375520469904e+09
1.705605376995596886e+09
1.705605378439713955e+09
1.705605379922020912e+09
1.705605381405271053e+09
1.705605382863461018e+09
1.705605384326304913e+09
1.705605385809180975e+09
1.705605387299910069e+09
1.705605388788712025e+09
1.705605390200025082e+09
1.705605391541364908e+09
1.705605392876697063e+09
1.705605394225775957e+09
1.705605395719537020e+09
1.705605397197685003e+09
1.705605398649802923e+09
1.705605400129312992e+09
1.705605401621064901e+09
1.705605403101355076e+09
1.705605404555567980e+09
1.705605406038253069e+09
1.705605407544433117e+09
1.705605409036833048e+09
1.705605410531373024e+09
1.705605412006089926e+09
1.705605413490819931e+09
1.705605415013564110e+09
1.705605416508001089e+09
1.705605417974268913e+09
1.705605419451694012e+09
1.705605420920058966e+09
1.705605422381150961e+09
1.705605423827363014e+09
1.705605425303453922e+09
1.705605426766953945e+09
1.705605428228373051e+09
1.705605429702466965e+09
1.705605431148127079e+09
1.705605432626517057e+09
1.705605434099464893e+09
1.705605435588933945e+09
1.705605437082000017e+09
1.705605438569909096e+09
1.705605440057871103e+09
1.705605441540898085e+09
1.705605443030055046e+09
1.705605444503601074e+09
1.705605445988812923e+09
1.705605447454957008e+09
1.705605448904300928e+09
1.705605450386753082e+09
1.705605451859446049e+09
1.705605453340126038e+09
1.705605454814723015e+09
1.705605456299107075e+09
1.705605457794527054e+09
1.705605459282917023e+09
1.705605460772829056e+09
1.705605462258577108e+09
1.705605463726754904e+09
1.705605465179989100e+09
1.705605466646204948e+09
1.705605468116858959e+09
1.705605469601155043e+09
1.705605471075647116e+09
1.705605472559808016e+09
1.705605474046729088e+09
1.705605475493705988e+09
1.705605476965859890e+09
1.705605477154417038e+09
