1.700504646040712118e+09
1.700504823374026060e+09
1.700505000673909903e+09
1.700505178417233944e+09
1.700505355865886927e+09
1.700505533161207914e+09
1.700505711277277946e+09
1.700505888879518986e+09
1.700506066360286951e+09
1.700506244212328911e+09
1.700506421627330065e+09
1.700506598924997091e+09
1.700506776350661039e+09
1.700506954062777996e+09
1.700507131698555946e+09
1.700507309393913984e+09
1.700507487098537922e+09
1.700507664719750881e+09
1.700507842713773966e+09
1.700508019803442955e+09
1.700508081767230988e+09
1.700508082147032976e+09
