1.710366469725579023e+09
1.710366471279320955e+09
1.710366472785486937e+09
1.710366474363532066e+09
1.710366475963038921e+09
1.710366477586596012e+09
1.710366479209760904e+09
1.710366480832525969e+09
1.710366482431788921e+09
1.710366484031326056e+09
1.710366485654228926e+09
1.710366487254394054e+09
1.710366488852849007e+09
1.710366490453031063e+09
1.710366492053623915e+09
1.710366493652759075e+09
1.710366495252635002e+09
1.710366496852363110e+09
1.710366498475714922e+09
1.710366500075057030e+09
1.710366501674257994e+09
1.710366503274517059e+09
1.710366504873986006e+09
1.710366506473925114e+09
1.710366508073689938e+09
1.710366509672975063e+09
1.710366511273324013e+09
1.710366512873384953e+09
1.710366514473166943e+09
1.710366516073029995e+09
1.710366517696039915e+09
1.710366519296161890e+09
1.710366520896431923e+09
1.710366522518512964e+09
1.710366524142100096e+09
1.710366525742408037e+09
1.710366527342713118e+09
1.710366528942264080e+09
1.710366530542500019e+09
1.710366532141741037e+09
1.710366533742893934e+09
1.710366535342164993e+09
1.710366536965692043e+09
1.710366538564924955e+09
1.710366540163985014e+09
1.710366541763748884e+09
1.710366543364520073e+09
1.710366544964155912e+09
1.710366546563832045e+09
1.710366548163404942e+09
1.710366549762896061e+09
1.710366551363018990e+09
1.710366552964174032e+09
1.710366554563563108e+09
1.710366556186649084e+09
1.710366557786209106e+09
1.710366559385166883e+09
1.710366560985577106e+09
1.710366562585722923e+09
1.710366564186235905e+09
1.710366565786207914e+09
1.710366567387778997e+09
1.710366568986809969e+09
1.710366570587043047e+09
1.710366572187335968e+09
1.710366573786864042e+09
1.710366575387315035e+09
1.710366576986587048e+09
1.710366578586813927e+09
1.710366580186871052e+09
1.710366581786493063e+09
1.710366583385859966e+09
1.710366584989778042e+09
1.710366586586500883e+09
1.710366588186928034e+09
1.710366589786742926e+09
1.710366591385052919e+09
1.710366592985662937e+09
1.710366594586071968e+09
1.710366596185864925e+09
1.710366597785911083e+09
1.710366599385730028e+09
1.710366600986742973e+09
1.710366602586587906e+09
1.710366604186466932e+09
1.710366605786397934e+09
1.710366607409831047e+09
1.710366609009618998e+09
1.710366610610420942e+09
1.710366612210428953e+09
1.710366613833307028e+09
1.710366615436773062e+09
1.710366617033395052e+09
1.710366618633258104e+09
1.710366620256921053e+09
1.710366621857033014e+09
1.710366623457510948e+09
1.710366625057740927e+09
1.710366626680800915e+09
1.710366628281239033e+09
1.710366629881167889e+09
1.710366631504786968e+09
1.710366633104583025e+09
1.710366634704143047e+09
1.710366636304471016e+09
1.710366637904465914e+09
1.710366639504867077e+09
1.710366641104579926e+09
1.710366642704581022e+09
1.710366644327702045e+09
1.710366645927510023e+09
1.710366647527793884e+09
1.710366649128513098e+09
1.710366650751661062e+09
1.710366652397881985e+09
1.710366653998606920e+09
1.710366655598666906e+09
1.710366657198429108e+09
1.710366658821513891e+09
1.710366660421988964e+09
1.710366662021039963e+09
1.710366663621401072e+09
1.710366665221461058e+09
1.710366666821295977e+09
1.710366668421192884e+09
1.710366670021092892e+09
1.710366671620820045e+09
1.710366673221661091e+09
1.710366674821964979e+09
1.710366676422379017e+09
1.710366678022603989e+09
1.710366679645765066e+09
1.710366681245016098e+09
1.710366682845216990e+09
1.710366684468790054e+09
1.710366686068516970e+09
1.710366687667814016e+09
1.710366689268392086e+09
1.710366690868422985e+09
1.710366692469002008e+09
1.710366694068571091e+09
1.710366695668497086e+09
1.710366697268851042e+09
1.710366698872536898e+09
1.710366700470737934e+09
1.710366702070862055e+09
1.710366703670131922e+09
1.710366705270056009e+09
1.710366706869842052e+09
1.710366708470191956e+09
1.710366710070864916e+09
1.710366711670546055e+09
1.710366713270080090e+09
1.710366714870439053e+09
1.710366716493884087e+09
1.710366718093879938e+09
1.710366719694292068e+09
1.710366721293361902e+09
1.710366722893723011e+09
1.710366724493652105e+09
1.710366726093590975e+09
1.710366727693114996e+09
1.710366729316512108e+09
1.710366730916277885e+09
1.710366732516767979e+09
1.710366734117147923e+09
1.710366735716667891e+09
1.710366737316553116e+09
1.710366738916501045e+09
1.710366740517237902e+09
1.710366742117006063e+09
1.710366743716665030e+09
1.710366745316333055e+09
1.710366746916785002e+09
1.710366748516773939e+09
1.710366750116950035e+09
1.710366751717236996e+09
1.710366753317370892e+09
1.710366754917474985e+09
1.710366756517431974e+09
1.710366758117965937e+09
1.710366759717293978e+09
1.710366761317960024e+09
1.710366762918391943e+09
1.710366764518544912e+09
1.710366766119216919e+09
1.710366767719187021e+09
1.710366769319627047e+09
1.710366770919672012e+09
1.710366772543267012e+09
1.710366774166754961e+09
1.710366775768433094e+09
1.710366777367398024e+09
1.710366778966974020e+09
1.710366780590173006e+09
1.710366782190306902e+09
1.710366783790838003e+09
1.710366785413306952e+09
1.710366787036551952e+09
1.710366788636869907e+09
1.710366790237039089e+09
1.710366791860166073e+09
1.710366793483766079e+09
1.710366795083482027e+09
1.710366796683898926e+09
1.710366798283529997e+09
1.710366799882869005e+09
1.710366801483236074e+09
1.710366803082751036e+09
1.710366804683243036e+09
1.710366806306047916e+09
1.710366807906188011e+09
1.710366809506021023e+09
1.710366811105876923e+09
1.710366812729075909e+09
1.710366814329294920e+09
1.710366815929294109e+09
1.710366817529782057e+09
1.710366819153052092e+09
1.710366820752954960e+09
1.710366822352678061e+09
1.710366823953098059e+09
1.710366825553141117e+09
1.710366827153803110e+09
1.710366828752968073e+09
1.710366830352694035e+09
1.710366831976136923e+09
1.710366833576462030e+09
1.710366835177319050e+09
1.710366836776804924e+09
1.710366838399883032e+09
1.710366839999948025e+09
1.710366841599184990e+09
1.710366843200022936e+09
1.710366844823378086e+09
1.710366846422938108e+09
1.710366848022712946e+09
1.710366849623414993e+09
1.710366851222942114e+09
1.710366852822839975e+09
1.710366854422297001e+09
1.710366856022336006e+09
1.710366857621186972e+09
1.710366859221009970e+09
1.710366860821373940e+09
1.710366862420675039e+09
1.710366864044102907e+09
1.710366865643923998e+09
1.710366867243963957e+09
1.710366868845144987e+09
1.710366870444467068e+09
1.710366872044989109e+09
1.710366873644412041e+09
1.710366875244338989e+09
1.710366876844095945e+09
1.710366878444556952e+09
1.710366880044148922e+09
1.710366881644479036e+09
1.710366883244294882e+09
1.710366884844388962e+09
1.710366886445022106e+09
1.710366888044790983e+09
1.710366889669166088e+09
1.710366891268723011e+09
1.710366892868829012e+09
1.710366894468492985e+09
1.710366896068890095e+09
1.710366897668697119e+09
1.710366899269634962e+09
1.710366900869517088e+09
1.710366902469659090e+09
1.710366904069684029e+09
1.710366905670126915e+09
1.710366907270587921e+09
1.710366908901160002e+09
1.710366910493294001e+09
1.710366912092678070e+09
1.710366913693525076e+09
1.710366915292990923e+09
1.710366916892524004e+09
1.710366918492353916e+09
1.710366920092418909e+09
1.710366921738615990e+09
1.710366923338279009e+09
1.710366924961853027e+09
1.710366926561800957e+09
1.710366928183882952e+09
1.710366929784116983e+09
1.710366931383816004e+09
1.710366932983176947e+09
1.710366934606524944e+09
1.710366936206748009e+09
1.710366937807867050e+09
1.710366939406769991e+09
1.710366941006674051e+09
1.710366942607347965e+09
1.710366944207420111e+09
1.710366945807425976e+09
1.710366947430748940e+09
1.710366949030778885e+09
1.710366950631521940e+09
1.710366952231456995e+09
1.710366953831301928e+09
1.710366955431190968e+09
1.710366957031061888e+09
1.710366958630944014e+09
1.710366960254385948e+09
1.710366961878659010e+09
1.710366963477929115e+09
1.710366965077203989e+09
1.710366966700525999e+09
1.710366968300025940e+09
1.710366969900888920e+09
1.710366971501144886e+09
1.710366973123799086e+09
1.710366974722872019e+09
1.710366976324728012e+09
1.710366977922229052e+09
1.710366979523658037e+09
1.710366981123805046e+09
1.710366982722892046e+09
1.710366984322490931e+09
1.710366985923381090e+09
1.710366987523011923e+09
1.710366989122967958e+09
1.710366990722476959e+09
1.710366992322232008e+09
1.710366993922068119e+09
1.710366995521713972e+09
1.710366997121772051e+09
1.710366998744680882e+09
1.710367000344271898e+09
1.710367001945110083e+09
1.710367003544625044e+09
1.710367005168931961e+09
1.710367006768424034e+09
1.710367008367544889e+09
1.710367009967004061e+09
1.710367011590356112e+09
1.710367013190331936e+09
1.710367014812995911e+09
1.710367016413364887e+09
1.710367018013058901e+09
1.710367019612693071e+09
1.710367021212824106e+09
1.710367022811687946e+09
1.710367024412045002e+09
1.710367026034687042e+09
1.710367027634377956e+09
1.710367029234570980e+09
1.710367030834052086e+09
1.710367032457345963e+09
1.710367034057717085e+09
1.710367035657510042e+09
1.710367037280564070e+09
1.710367038903433084e+09
1.710367040502384901e+09
1.710367042101922035e+09
1.710367043702591896e+09
1.710367045303375006e+09
1.710367046807652950e+09
1.710367048291313887e+09
1.710367049775501013e+09
1.710367051307004929e+09
1.710367052930346012e+09
1.710367054529867887e+09
1.710367056129137993e+09
1.710367057729844093e+09
1.710367059329545975e+09
1.710367060930222034e+09
1.710367062529814959e+09
1.710367064129192114e+09
1.710367065729636908e+09
1.710367067329005003e+09
1.710367068928946018e+09
1.710367069146923065e+09
