1.710445521632052898e+09
1.710445534273153067e+09
1.710445546915832996e+09
1.710445559581008911e+09
1.710445572221106052e+09
1.710445584883735895e+09
1.710445597527282000e+09
1.710445610169954062e+09
1.710445622814677954e+09
1.710445635456167936e+09
1.710445648100526094e+09
1.710445660771015882e+09
1.710445673113455057e+09
1.710445685781589985e+09
1.710445698425725937e+09
1.710445711094846964e+09
1.710445723763289928e+09
1.710445736407741070e+09
1.710445749051178932e+09
1.710445761719866991e+09
1.710445774362787962e+09
1.710445787007519960e+09
1.710445799674760103e+09
1.710445812342417955e+09
1.710445825012137890e+09
1.710445837678153992e+09
1.710445850320403099e+09
1.710445862993232012e+09
1.710445875641401052e+09
1.710445888314987898e+09
1.710445900961283922e+09
1.710445913629839897e+09
1.710445926300477982e+09
1.710445938943186045e+09
1.710445951589698076e+09
1.710445964236455917e+09
1.710445976905172110e+09
1.710445989577591896e+09
1.710446002218998909e+09
1.710446014884480953e+09
1.710446027552391052e+09
1.710446040196293116e+09
1.710446052863346100e+09
1.710446065507319927e+09
1.710446078148452997e+09
1.710446090812720060e+09
1.710446103455532074e+09
1.710446112348979950e+09
