1.709749814388083935e+09
1.709749815895385981e+09
1.709749817402834892e+09
1.709749818937808990e+09
1.709749820333276987e+09
1.709749857626060963e+09
1.709749870286686897e+09
1.709749882925292015e+09
1.709749895561008930e+09
1.709749908200004101e+09
1.709749920838773966e+09
1.709749933498652935e+09
1.709749946160706043e+09
1.709749958799698114e+09
1.709749971462482929e+09
1.709749984103115082e+09
1.709749996765026093e+09
1.709750009426981926e+09
1.709750022146179914e+09
1.709750034473387957e+09
1.709750047113698006e+09
1.709750059777278900e+09
1.709750072417737961e+09
1.709750085055059910e+09
1.709750097715528965e+09
1.709750110377198935e+09
1.709750123015449047e+09
1.709750135677462101e+09
1.709750148014410973e+09
1.709750160659055948e+09
1.709750173320175886e+09
1.709750185958002090e+09
1.709750198621642113e+09
1.709750211285481930e+09
1.709750223924092054e+09
1.709750236585823059e+09
1.709750249225184917e+09
1.709750261586045027e+09
1.709750274227463007e+09
1.709750286865187883e+09
1.709750299527019024e+09
1.709750312192023039e+09
1.709750324551677942e+09
1.709750337054311037e+09
1.709750349539463043e+09
1.709750362182712078e+09
1.709750374823620081e+09
1.709750387458800077e+09
1.709750400096422911e+09
1.709750412758853912e+09
1.709750425418690920e+09
1.709750438080862045e+09
1.709750447380740881e+09
