1.704321409256341934e+09
1.704321432301357031e+09
1.704321455312318087e+09
1.704321477583254099e+09
1.704321500603560925e+09
1.704321523640882969e+09
1.704321546656935930e+09
1.704321569317205906e+09
1.704321592353511095e+09
1.704321615396714926e+09
1.704321638432374954e+09
1.704321661471287012e+09
1.704321684517215014e+09
1.704321707578521013e+09
1.704321730594856977e+09
1.704321753233659983e+09
1.704321776275366068e+09
1.704321799308532000e+09
1.704321822353461027e+09
1.704321845413322926e+09
1.704321868451239109e+09
1.704321891478914976e+09
1.704321914497143984e+09
1.704321937533405066e+09
1.704321960576487064e+09
1.704321983614412069e+09
1.704321993519448042e+09
