6.065228365808707743e-03
8.194956365898989695e-03
5.966908291001953371e-03
7.910659638653477765e-03
7.417317692596518859e-03
6.930810808267681873e-03
6.379579216896787662e-03
5.896006716951432761e-03
7.920407328146996523e-03
6.747169297925123717e-03
6.793429108763959778e-03
4.952427881164607124e-03
4.546129426844006637e-03
6.032186213908819622e-03
9.644269212323773599e-03
7.800416240355780538e-03
8.758026311019793606e-03
5.689520907654856650e-03
5.576905842182748943e-03
4.695952657055652707e-03
7.763512670948473186e-03
6.889408013556134157e-03
5.840595830927901647e-03
8.814521680759858716e-03
4.618763640359666890e-03
6.002872932145748852e-03
7.873030912039591031e-03
6.175274536145386461e-03
8.001386417616471874e-03
6.708133056828193864e-03
7.513340602786544066e-03
6.492696617781864785e-03
7.438862829507760302e-03
5.693210667996949186e-03
7.337368796609195637e-03
5.520692062968524279e-03
8.573090235871482293e-03
8.533361296136498728e-03
7.031238563712193662e-03
7.500268290987518842e-03
8.140766924065677076e-03
6.332917848459243375e-03
5.706463685411597431e-03
6.841971785996795070e-03
7.783591084578475594e-03
6.846885462241605706e-03
7.501938822437527465e-03
9.011707696161202347e-03
8.085276407675950905e-03
9.850182390314633774e-03
1.054487148804362888e-02
5.608753802651814113e-03
8.433441454080056396e-03
8.298367093440457698e-03
6.012597152475759182e-03
6.096842459733998153e-03
6.367928379535236702e-03
6.713432850421050500e-03
6.739657878235785771e-03
5.747765420352015514e-03
5.406673792247315355e-03
5.717121750910873768e-03
9.061860808926928620e-03
8.494425622169472084e-03
6.633717520468797313e-03
7.177074766262125233e-03
6.016355127760783864e-03
5.270067349904852295e-03
7.943951269930766418e-03
6.960191534218679831e-03
7.665998094425699287e-03
8.097583010016669997e-03
9.554738977240344322e-03
7.030271020803886654e-03
6.619756750689612980e-03
1.023832376314313605e-02
5.453210992404937743e-03
6.422437050388305965e-03
5.978216408535178515e-03
5.846341651496966309e-03
5.192442424975763152e-03
6.233345863882218743e-03
6.068000297053159457e-03
6.135644015244219075e-03
5.211050669142573005e-03
6.563358697689538127e-03
8.086635165826213875e-03
7.668419024852751904e-03
6.433284080923327986e-03
6.208182417431327808e-03
5.482135420763535952e-03
7.821383112045004679e-03
7.118158656335580800e-03
5.426654754444914033e-03
7.499685673131698677e-03
8.074510618747266985e-03
8.834031210916536841e-03
8.033325313519750974e-03
6.595876236044280992e-03
6.936301828971072961e-03
6.856724494672132922e-03
6.229017205517784102e-03
1.082121068992285447e-02
6.606212820866049808e-03
5.138299946449462023e-03
7.905480064015073943e-03
6.213832562879510225e-03
9.520424251075305933e-03
5.907824107822777504e-03
9.100877723482520693e-03
6.393558715274002928e-03
7.927864730310492380e-03
7.336951016743101239e-03
8.296296492213979523e-03
5.912646611668701500e-03
6.882038979985839917e-03
9.031912716387971093e-03
7.626183426047154074e-03
9.623568812575020170e-03
6.339273249605123332e-03
6.857556847671405185e-03
8.047180528134864966e-03
6.431875462525210932e-03
5.936355315674542860e-03
6.858431812470225548e-03
5.712563055374655745e-03
7.899936617723994983e-03
8.502457006531747088e-03
6.044074441985959958e-03
1.090744424784582597e-02
8.119207597401175217e-03
1.001477983237567503e-02
5.314473223255635446e-03
6.815716223546972909e-03
7.735672806141269918e-03
8.076092910507943340e-03
5.210450656649687033e-03
9.006959390255244932e-03
6.706006290823151618e-03
7.140877535108538544e-03
7.013391584583880331e-03
1.022072065490556986e-02
7.569338912369539402e-03
5.842267742438489106e-03
7.870549450815557749e-03
8.610254613109470656e-03
6.034565267380886076e-03
5.296021273247832062e-03
8.939550521133860991e-03
7.177462956007451059e-03
8.286536284968634355e-03
5.397105422832163511e-03
6.265964020329965745e-03
6.012674016024617367e-03
7.146848244374621149e-03
5.633047053444095037e-03
7.741256464313121116e-03
8.576839820538056935e-03
7.093962466533073122e-03
1.045133889605485457e-02
5.936541223923837846e-03
6.130164363974290390e-03
7.187839888668983573e-03
6.479925349521098790e-03
5.070501922007937708e-03
6.663856396101997676e-03
7.247396123864374186e-03
6.588957125124057269e-03
5.076356035078553527e-03
7.717834330630329344e-03
6.664494900497143839e-03
8.764312123479450420e-03
7.549530465179094506e-03
5.843205452466100798e-03
5.390968274291876861e-03
5.333499130301675058e-03
5.869456915430065411e-03
7.111032716804255478e-03
6.704634684897087075e-03
8.050334050938036043e-03
5.139050598193565904e-03
8.436140509514399380e-03
5.891810458337110382e-03
5.893931406525746916e-03
6.729646995293836649e-03
5.763824032584544295e-03
6.428135577509140088e-03
9.655575904843631888e-03
5.850374141994948984e-03
5.157976277694984943e-03
8.479260689886554750e-03
8.553445615586494771e-03
6.923048072375152101e-03
6.593334809389857394e-03
5.587693548751068370e-03
6.476520436838070424e-03
5.977557809790236265e-03
5.936113876845092001e-03
5.689387271657860012e-03
1.087742017124509845e-02
9.157274992064010771e-03
6.217589270015244467e-03
8.662598727690377226e-03
7.501050884321958968e-03
4.960423969059481360e-03
7.293703571509210955e-03
6.795097241513978030e-03
8.299179910137033725e-03
7.679199506596797765e-03
5.707188651018798090e-03
5.040876242499369234e-03
7.732271280834594057e-03
6.365876317338834377e-03
6.302468511163653378e-03
6.992138901299302725e-03
5.835305805805459517e-03
6.888145198103203144e-03
7.851544164043048474e-03
6.389139030039418278e-03
7.546928621916563877e-03
7.173143394407263673e-03
5.357586554576531518e-03
8.801857810658123699e-03
6.686021912025301960e-03
6.214262259365712845e-03
7.987649920816450311e-03
6.002304767867114484e-03
7.481535998958714455e-03
5.463713199752410175e-03
5.117447730677000470e-03
6.015619447339520288e-03
6.666781948141664235e-03
7.348873949066416292e-03
6.491893694002537178e-03
7.792145128873303843e-03
6.773455087580235005e-03
7.337355848714849534e-03
7.717933217106327445e-03
5.132613270322678584e-03
6.878146443490114337e-03
7.919374837110157092e-03
5.952711034855273468e-03
5.205018296600361950e-03
7.628468511928035781e-03
6.868908671980979500e-03
5.983667344628278845e-03
8.477788651861304509e-03
7.406691216379910486e-03
4.622052106166276049e-03
7.224183176370426417e-03
8.176282561763866322e-03
5.664714127171752676e-03
6.911852588669945702e-03
6.234063108450480992e-03
9.959193991043030492e-03
6.644353581320552871e-03
5.696089643109819405e-03
7.336936300030993605e-03
7.844871921998146022e-03
7.872132252386547860e-03
6.565410267023611378e-03
6.987990715917770726e-03
6.682376865039093596e-03
1.001824383497335567e-02
7.504206891584081981e-03
8.818542675129907235e-03
1.024162189079895827e-02
5.880840974965174592e-03
9.337229515017045345e-03
8.319533536465355261e-03
1.183393454657563279e-02
7.554572288074633442e-03
7.684287479019153051e-03
7.775603821995308480e-03
7.134289115094655416e-03
6.959162689421828293e-03
8.333789936665586540e-03
5.799977168283726794e-03
6.196700276685489055e-03
6.236372600660282373e-03
7.127153616258146730e-03
7.774997534058490645e-03
8.139796701128817688e-03
5.354180226497559474e-03
9.074489971509573996e-03
8.384365936691172069e-03
1.109875160410741385e-02
6.560940286477149642e-03
5.130248054888352990e-03
8.383720387983968625e-03
1.026992653597125563e-02
8.639599393791976001e-03
5.812672943962129447e-03
8.667673380153166629e-03
7.524144081503504437e-03
7.101209873823441376e-03
8.516134552256776624e-03
7.257456838189363206e-03
6.219736601466708051e-03
9.108294793145899071e-03
8.776920786507016320e-03
8.421251361844224112e-03
5.248254537188975534e-03
6.967795055235338590e-03
4.914461049543793723e-03
8.456049341798237487e-03
8.431290520471937389e-03
5.072368064076147008e-03
6.346738119043458456e-03
8.192613989968643151e-03
7.905027649531793169e-03
5.994350078290030560e-03
6.292016934788913045e-03
6.132135364280499358e-03
6.867560517158101049e-03
5.473764706708187516e-03
8.511772591281144620e-03
6.920530973892101770e-03
6.623545582891983592e-03
9.352746484809269442e-03
5.543214305540785682e-03
8.352741610397994634e-03
9.381409014527202633e-03
6.633662689913621263e-03
6.733999490246125007e-03
7.909627900585922480e-03
9.251314889462085647e-03
8.449685468455177609e-03
7.501367365821211101e-03
6.840642882056826093e-03
5.986551548019742978e-03
6.627188350943996956e-03
7.202664276959100734e-03
7.670326300060124197e-03
6.508348909315079568e-03
6.721816006269273544e-03
6.270454655880917244e-03
7.479864079835665987e-03
6.018086780578408949e-03
7.415492311971054983e-03
8.603674351607156975e-03
6.141593642469628592e-03
6.106672551519556208e-03
6.796936698498901031e-03
5.921533196191442958e-03
5.878857421167822325e-03
6.483597894208528202e-03
7.567625036001911221e-03
9.973600899773137074e-03
7.923311246939226601e-03
7.530390403009204654e-03
6.081052050038897490e-03
8.638113703615791714e-03
6.018665619745073268e-03
7.123234741179189193e-03
6.665119722624738424e-03
7.747366209966939123e-03
5.782700949666866840e-03
7.176537977825290550e-03
6.803654599386717468e-03
8.558813427190887016e-03
6.427480515590300661e-03
6.438151711766841243e-03
6.898430391725772146e-03
7.435390217525515884e-03
5.451052004987495293e-03
6.084483300255125356e-03
5.217214901066735515e-03
6.131974896512114651e-03
6.109612758963206026e-03
6.609756717921598523e-03
1.237420336467935124e-02
5.703258361111740449e-03
9.141997861335234704e-03
9.471419168302108380e-03
6.590704045288031318e-03
4.478873280862251394e-03
1.010921711814082892e-02
7.253151693524164528e-03
5.622015446772579174e-03
1.058913963374561069e-02
5.924591903087650553e-03
4.643407183847066480e-03
1.024013173988785712e-02
5.535406024588194855e-03
8.056087533624087596e-03
6.668587361911613651e-03
7.061136353471691128e-03
5.477081639513504616e-03
7.245196661551568489e-03
6.875575325468012873e-03
6.372058043812966165e-03
6.827466557522443927e-03
6.352020406585529022e-03
7.288441223372123419e-03
6.240903213743406557e-03
7.618519166363091517e-03
7.422762162962780706e-03
6.266191715187809097e-03
9.068884443244612167e-03
6.101293131935564724e-03
7.692188395395646756e-03
7.246464946160721156e-03
4.764486126008127612e-03
8.925552881289393684e-03
1.277878038644511202e-02
5.665477894503213180e-03
7.571582395510363488e-03
7.892884696272714148e-03
7.394815010997906474e-03
7.043129082308235284e-03
6.928183512482044733e-03
5.463723060920926480e-03
5.681133168704222136e-03
7.710169675082235996e-03
7.134271338892517536e-03
5.129191944423714539e-03
5.026113922246434190e-03
6.411426839672562834e-03
5.225892414111299282e-03
7.669293983228451551e-03
6.373257874318007110e-03
