6.283932324318702856e-03
1.107312910625490518e-02
1.245193995204319989e-02
7.847628467857503329e-03
9.262889938516651392e-03
9.492917429845209795e-03
8.669119767933075940e-03
8.434707356969843930e-03
1.023473646785292776e-02
7.699938332828502527e-03
1.458297886119108190e-02
9.042628847921018592e-03
8.135429592477394847e-03
1.039154584413669660e-02
1.641356961050647115e-02
7.407953095425936357e-03
7.822222331731906037e-03
1.443370249014456867e-02
7.661447216300785491e-03
9.416419545779581776e-03
9.468087362460199038e-03
7.874090373837553183e-03
1.289363494319353126e-02
1.180223682913358017e-02
1.112634958647085344e-02
8.450539170773549782e-03
1.336059960635282463e-02
8.102100030638773737e-03
8.779172787037103909e-03
1.324014514313597707e-02
6.876244860104588352e-03
1.667146858496805842e-02
1.456654972654304082e-02
7.082082122681162065e-03
9.276215121748655409e-03
7.406656650253033020e-03
5.588296630869590484e-03
7.574705643457344852e-03
8.776336532033426896e-03
5.899016121889926953e-03
1.043051266629255701e-02
4.364371850789132423e-02
6.926683106080841479e-03
7.908870472833860743e-03
7.961187277647193208e-03
1.156451136531482654e-02
1.198912877894650446e-02
9.502787549400225353e-03
1.177167852411641069e-02
1.268231277192801397e-02
7.142437619054016126e-03
6.775707982405064153e-03
8.844366640960039591e-03
1.129996422491497989e-02
6.977851392070144772e-03
8.806036450917799352e-03
9.231312601597959147e-03
6.867874467908657507e-03
8.780243537885559085e-03
8.681945135305776939e-03
9.541289762581822015e-03
1.132147292315396903e-02
7.688316359324885545e-03
1.021686323098363811e-02
9.214814337239144587e-03
9.336220558704899294e-03
8.425965786242071986e-03
8.715276401819226429e-03
9.075005088042509618e-03
1.245362964782292803e-02
1.431723625382535711e-02
8.659241410157983779e-03
9.507281873802482866e-03
1.060271824490791222e-02
1.043006169981441217e-02
1.354496409501352271e-02
8.229014983657287341e-03
9.979740486692714740e-03
8.852352416673999955e-03
1.360005204586087722e-02
9.486010584203424800e-03
1.101404716002109957e-02
1.000491887493265217e-02
8.897474033384479911e-03
1.058841253778200833e-02
1.028903576149160955e-02
6.789292893586852673e-03
1.033807027315087473e-02
1.475327968429296192e-02
1.043135866288517379e-02
7.750174724992755365e-03
9.292548531803350789e-03
1.040823747741974163e-02
7.600382104334838657e-03
1.087518944555517647e-02
1.289210756962039760e-02
1.388540695394934778e-02
1.291746500638031245e-02
9.108052780769849976e-03
1.341110859786898667e-02
1.499764706393009496e-02
1.176888561787352121e-02
1.571884141183538947e-02
1.176264050765583186e-02
7.612282856047983964e-03
8.716123866669336223e-03
9.185321079302826222e-03
1.587296724691061520e-02
6.915233874522611242e-03
9.103233644310686906e-03
1.488950709294303669e-02
1.019415492342384821e-02
2.412139929335024510e-02
1.126926599086050876e-02
8.765861381919528780e-03
9.424920902946175988e-03
1.083266280795366042e-02
1.122596501577663615e-02
1.639782056611710157e-02
1.280252491792267626e-02
6.950729042335731384e-03
1.176290738112125041e-02
1.340915694394272800e-02
7.174481778099332276e-03
1.001321168653566095e-02
1.059083197230944670e-02
7.031299820083072166e-03
8.306321074908211768e-03
1.061188576030849470e-02
1.143351563951628368e-02
7.272463739479000447e-03
1.162895731692241766e-02
1.318146515670214416e-02
7.198131964972492511e-03
1.115652680065103673e-02
9.716802707146737078e-03
9.118851639048226529e-03
7.862791917366005259e-03
9.226242588624856272e-03
7.592647807245764269e-03
1.130914195175388402e-02
1.161695709798554917e-02
1.031310135635869242e-02
7.835318078722310758e-03
8.388445832117055398e-03
1.703699328617381409e-02
7.569753816247170794e-03
7.366259106011611817e-03
1.158229363811284079e-02
8.376918921752020755e-03
9.909433630112828711e-03
8.037527505894166008e-03
8.289628083510943227e-03
1.068594630075901664e-02
1.065260937968568258e-02
1.377121305186664556e-02
9.793936247303571332e-03
1.184029211207680843e-02
8.486769883391817940e-03
8.228165674978285896e-03
9.201693251514707003e-03
1.084233447332681732e-02
9.779996610886021458e-03
1.209130555436883393e-02
6.939719533820354683e-03
9.817819390864913551e-03
1.329561177736691795e-02
8.205478633213258294e-03
7.550594482724089750e-03
1.138815104405871588e-02
1.396348886201034464e-02
6.561389773952331847e-03
1.297191776268091790e-02
1.262944949080795423e-02
7.100057736732271439e-03
1.141967347004647221e-02
1.036987285601347238e-02
8.472706839228200809e-03
1.029693651534040882e-02
1.287110328727849445e-02
8.712458746298806789e-03
1.375469563751208039e-02
8.414202751030599656e-03
8.152164965116582077e-03
1.568044293832101393e-02
8.919833829545210577e-03
9.501548651884326319e-03
1.290567130971406046e-02
9.500512350397494893e-03
7.043738978228907509e-03
1.089463968602857186e-02
8.338983545396196420e-03
9.465022677582238600e-03
1.164885246880896334e-02
7.486404548759614461e-03
9.838343094625180349e-03
1.574544176811629170e-02
8.836809953068692700e-03
1.179708720443832515e-02
1.110872458322769742e-02
8.953417876425321179e-03
8.333047565079215735e-03
1.322952486046010193e-02
1.189834500280234457e-02
1.162663453158148744e-02
8.294229965621239403e-03
1.164028730885887861e-02
1.025718519650362093e-02
1.320105407046579145e-02
1.179013787510124409e-02
7.159103407117142076e-03
8.583115102875672059e-03
1.075521061932330213e-02
6.541692283439409089e-03
1.193248143203794361e-02
1.185442066748674389e-02
1.388703131401831589e-02
1.488268585991685787e-02
7.154193272268596221e-03
1.010973046777132942e-02
1.162960386319043804e-02
1.312353806663954514e-02
1.155992927376241555e-02
1.508916286138312600e-02
1.271271611982546269e-02
1.618314541810755500e-02
6.275467647055708344e-03
8.739110797040207726e-03
9.611447141525029936e-03
9.705825482115390535e-03
1.017381268254632237e-02
9.428095026920801577e-03
8.793992006154580793e-03
9.161734853993202046e-03
6.030955259066245189e-03
1.054671932639781110e-02
8.892405129618821680e-03
1.141281517358128800e-02
1.238750304158365428e-02
9.607023503933609376e-03
9.954331342933685212e-03
1.299848451424619189e-02
7.502534341632055050e-03
1.030270681055435629e-02
1.181732157083637685e-02
6.855712818981395638e-03
8.014475546499562689e-03
2.877491470503078588e-02
7.659530541342546642e-03
7.037554973536011907e-03
1.102077550806131526e-02
6.044257974455094669e-03
9.827485594881141262e-03
9.701077679864078887e-03
6.307316855155321866e-03
1.397423294106201960e-02
1.480191285071659479e-02
6.851741132919680205e-03
9.559845729074352080e-03
1.102220550897709157e-02
8.007335650466254617e-03
9.083626400598027867e-03
6.295981389391662984e-03
7.596430192403279442e-03
9.691606857382009318e-03
8.719624665919262912e-03
7.961335175036740250e-03
6.157654011972070289e-03
6.633305546209247901e-03
8.748063696303294903e-03
8.482697438530259829e-03
5.471688061697421203e-03
8.953753152849686092e-03
7.711782015728487448e-03
9.866271128285818842e-03
1.246657343448327043e-02
8.387881663851756361e-03
7.307143113541965211e-03
9.250167789627328913e-03
1.175588810219554969e-02
6.116995608885859338e-03
6.683929315675011217e-03
8.781298094957456710e-03
8.754330459068485754e-03
6.727365234786546883e-03
8.812836557969242965e-03
7.539391443558980666e-03
9.750785055496676360e-03
1.255078467061862373e-02
7.511315667847486693e-03
9.247323725310577225e-03
6.019884828343041380e-03
1.166500719087847256e-02
1.042053308076582030e-02
1.260269396302590196e-02
6.743719389023809276e-03
8.295816951453668583e-03
1.142649353593626002e-02
1.384583828242593947e-02
7.986091436161614487e-03
1.059999149538468771e-02
9.225343726671339853e-03
6.665974474012546086e-03
1.149866361622186965e-02
6.867353160258631538e-03
8.936459188191379910e-03
7.908621187266222721e-03
1.094221842261722255e-02
1.251491463895375821e-02
7.825585260421340228e-03
1.238083581643705140e-02
7.929649939291984889e-03
9.762959473626143386e-03
1.509469833526063710e-02
7.716464654711751095e-03
7.884969604931390055e-03
1.093465241006410724e-02
7.832557777657804879e-03
8.071036341109658063e-03
9.453679699814827170e-03
8.666231141679607217e-03
8.753035534801787212e-03
1.128540777354248778e-02
1.059808305745377384e-02
1.070147214333899179e-02
1.068008636381497650e-02
8.433478301903673396e-03
7.971232693811841283e-03
8.270685287650425890e-03
8.837133292919385416e-03
8.324805023541189189e-03
8.773062515488956950e-03
9.917105827562271159e-03
9.638713359722444682e-03
6.673567321380522062e-03
9.412146017172703938e-03
8.342398436658212194e-03
1.017862287726994247e-02
7.578409206155928626e-03
5.751249658447117087e-03
1.050696759195949778e-02
9.719803458175581626e-03
6.664795063267627516e-03
9.518837914214170123e-03
1.085007535415688854e-02
7.606760851031127250e-03
7.271661286968258628e-03
8.164663530144279993e-03
9.412689517052028054e-03
1.107036303178521829e-02
1.158219900974409577e-02
1.303325939004812244e-02
1.220761841825706608e-02
1.468453765362107838e-02
1.897631117927732480e-02
1.494763206991088500e-02
1.972916084686946597e-02
1.033666554338141287e-02
1.806642760558829428e-02
2.070098129794478020e-02
1.163137257822513711e-02
1.298559726556674544e-02
2.674368885051481640e-02
1.674027156267865121e-02
1.169975772218770881e-02
1.808537318900010210e-02
8.560639652116747850e-03
8.817979400593966080e-03
2.509118498994654389e-02
1.221456323534056768e-02
1.718858063185392873e-02
1.550979718084814080e-02
1.695932456332764973e-02
1.027305019063369171e-02
9.126648595874057787e-03
1.388755857919162992e-02
1.059509778592909734e-02
2.609466783167761067e-02
1.558643035909557453e-02
1.461919564058403870e-02
1.658439547621492691e-02
1.528249080939516301e-02
1.359604402923969557e-02
1.006713977384852098e-02
8.524901128633242606e-03
1.218458307974777145e-02
1.080163414952149854e-02
2.274527869000553260e-02
1.460758451665683869e-02
1.106584098179968015e-02
9.215720139244527528e-03
1.316579528470583453e-02
1.428685547654139597e-02
9.338381400082841621e-03
1.094660492095696387e-02
1.182849392150203682e-02
8.101775643675989541e-03
2.056010398729139071e-02
1.229490127462101907e-02
8.856849965876189765e-03
1.217710886744743232e-02
1.892109530841601731e-02
7.988880590044787622e-03
1.132165660800840343e-02
8.892653026690325660e-03
1.478824389762063186e-02
7.499163638437640091e-03
1.508222504301058239e-02
1.070751959890946757e-02
7.560356289407685164e-03
1.685914110337111485e-02
1.118284143301613749e-02
1.063816723807938826e-02
1.188488873780631921e-02
8.852309310932034506e-03
1.190581113579533210e-02
9.597381568307533292e-03
1.156098816480984233e-02
1.625680538403091735e-02
8.166841994105590585e-03
7.693486760066941925e-03
1.783894031132960203e-02
