1.709918580507004023e+09
1.709918581991795063e+09
1.709918583476638079e+09
1.709918585009239912e+09
1.709918586610136986e+09
1.709918588212135077e+09
1.709918589813743114e+09
1.709918591436630964e+09
1.709918593060734987e+09
1.709918594685281992e+09
1.709918596309406042e+09
1.709918597933218956e+09
1.709918599556423903e+09
1.709918601180422068e+09
1.709918602804079056e+09
1.709918604450423956e+09
1.709918606051750898e+09
1.709918607604239941e+09
1.709918609088891983e+09
1.709918610573472023e+09
1.709918612081397057e+09
1.709918613589469910e+09
1.709918613778835058e+09
