1.709585255425332069e+09
1.709585256908737898e+09
1.709585258415827990e+09
1.709585259902153969e+09
1.709585261383405924e+09
1.709585262866838932e+09
1.709585264350598097e+09
1.709585265834333897e+09
1.709585267318407059e+09
1.709585268802114010e+09
1.709585270285670042e+09
1.709585271769712925e+09
1.709585273253612041e+09
1.709585274740525007e+09
1.709585276245645046e+09
1.709585277728310108e+09
1.709585279234177113e+09
1.709585280717616081e+09
1.709585282201052904e+09
1.709585283685105085e+09
1.709585285169631004e+09
1.709585286675565004e+09
1.709585288159318924e+09
1.709585289642971992e+09
1.709585291127038002e+09
1.709585292610917091e+09
1.709585294094850063e+09
1.709585295579161882e+09
1.709585297062464952e+09
1.709585298545995951e+09
1.709585300029884100e+09
1.709585301513426065e+09
1.709585302997335911e+09
1.709585304481561899e+09
1.709585305965245962e+09
1.709585307474437952e+09
1.709585308955585957e+09
1.709585310439663887e+09
1.709585311946635962e+09
1.709585313430859089e+09
1.709585314916188955e+09
1.709585316445756912e+09
1.709585317930320024e+09
1.709585319413957119e+09
1.709585320897567034e+09
1.709585322381978035e+09
1.709585323867022991e+09
1.709585325350286961e+09
1.709585326834570885e+09
1.709585328318854094e+09
1.709585329803222895e+09
1.709585331287465096e+09
1.709585332771815062e+09
1.709585334256211042e+09
1.709585335743076086e+09
1.709585337225033045e+09
1.709585338709374905e+09
1.709585340193455935e+09
1.709585341679297924e+09
1.709585343162005901e+09
1.709585344646145105e+09
1.709585346130031109e+09
1.709585347614263058e+09
1.709585349098458052e+09
1.709585350582489967e+09
1.709585352066507101e+09
1.709585353573679924e+09
1.709585355057662964e+09
1.709585356541688919e+09
1.709585358025619030e+09
1.709585359509704113e+09
1.709585360993997097e+09
1.709585362477583885e+09
1.709585363961575031e+09
1.709585365445678949e+09
1.709585366929651022e+09
1.709585368413765907e+09
1.709585369897564888e+09
1.709585371381684065e+09
1.709585372865494013e+09
1.709585374349577904e+09
1.709585375833431005e+09
1.709585377317580938e+09
1.709585378801625013e+09
1.709585380285933971e+09
1.709585381770273924e+09
1.709585383254281044e+09
1.709585384738557100e+09
1.709585386222596884e+09
1.709585387730253935e+09
1.709585389214232922e+09
1.709585390698282003e+09
1.709585392182317972e+09
1.709585393667885065e+09
1.709585395150990009e+09
1.709585396635157108e+09
1.709585398119610071e+09
1.709585399603666067e+09
1.709585401087879896e+09
1.709585402572000027e+09
1.709585404055913925e+09
1.709585405539827108e+09
1.709585407023850918e+09
1.709585408507803917e+09
1.709585409991599083e+09
1.709585411475837946e+09
1.709585412959917068e+09
1.709585414444204092e+09
1.709585415928559065e+09
1.709585417413400888e+09
1.709585418897953987e+09
1.709585420385029078e+09
1.709585421866637945e+09
1.709585423350903988e+09
1.709585424835000038e+09
1.709585426319242954e+09
1.709585427803384066e+09
1.709585429287596941e+09
1.709585430772623062e+09
1.709585432255889893e+09
1.709585433740387917e+09
1.709585435224282980e+09
1.709585436731780052e+09
1.709585438215609074e+09
1.709585439699733973e+09
1.709585441185441017e+09
1.709585442667931080e+09
1.709585444151912928e+09
1.709585445636168003e+09
1.709585447120376110e+09
1.709585448606581926e+09
1.709585450089116096e+09
1.709585451573875904e+09
1.709585453057615042e+09
1.709585454542298079e+09
1.709585456026741028e+09
1.709585457510977983e+09
1.709585458995332956e+09
1.709585460479156017e+09
1.709585461963215113e+09
1.709585463447592020e+09
1.709585464932852983e+09
1.709585466416023970e+09
1.709585467899533033e+09
1.709585469383321047e+09
1.709585470867968082e+09
1.709585472351485968e+09
1.709585473835735083e+09
1.709585475320167065e+09
1.709585476804267883e+09
1.709585478288332939e+09
1.709585479772568941e+09
1.709585481256823063e+09
1.709585482742763996e+09
1.709585484225610018e+09
1.709585485709722042e+09
1.709585487194171906e+09
1.709585488678306103e+09
1.709585490162832022e+09
1.709585491647084951e+09
1.709585493131331921e+09
1.709585494615559101e+09
1.709585496100320101e+09
1.709585497584580898e+09
1.709585499068896055e+09
1.709585500553144932e+09
1.709585502037473917e+09
1.709585503521497011e+09
1.709585505005875111e+09
1.709585506490135908e+09
1.709585507975440025e+09
1.709585509458340883e+09
1.709585510942456007e+09
1.709585512449961901e+09
1.709585513934552908e+09
1.709585515419135094e+09
1.709585516903664112e+09
1.709585518388293028e+09
1.709585519872395039e+09
1.709585521356784105e+09
1.709585522841070890e+09
1.709585524325607061e+09
1.709585525811352015e+09
1.709585527293672085e+09
1.709585528777935982e+09
1.709585530262156010e+09
1.709585531747740030e+09
1.709585533230952978e+09
1.709585534715060949e+09
1.709585536199022055e+09
1.709585537685107946e+09
1.709585539167489052e+09
1.709585540651731968e+09
1.709585542135917902e+09
1.709585543620151997e+09
1.709585545104231119e+09
1.709585546588673115e+09
1.709585548072597980e+09
1.709585549556479931e+09
1.709585551040702105e+09
1.709585552524692059e+09
1.709585554008925915e+09
1.709585555493396044e+09
1.709585556977750063e+09
1.709585558462466955e+09
1.709585559946647882e+09
1.709585561430963039e+09
1.709585562915473938e+09
1.709585564399455070e+09
1.709585565883647919e+09
1.709585567368052959e+09
1.709585568852327108e+09
1.709585570336805105e+09
1.709585571820920944e+09
1.709585573305315971e+09
1.709585574789567947e+09
1.709585576274198055e+09
1.709585577758662939e+09
1.709585579242779016e+09
1.709585580726897955e+09
1.709585582234524965e+09
1.709585583720330000e+09
1.709585585203466892e+09
1.709585586711019993e+09
1.709585588195210934e+09
1.709585589681482077e+09
1.709585591164527893e+09
1.709585592648845911e+09
1.709585594133156061e+09
1.709585595617563963e+09
1.709585597102127075e+09
1.709585598586302996e+09
1.709585600070573092e+09
1.709585601554943085e+09
1.709585603039268970e+09
1.709585604523845911e+09
1.709585606008407116e+09
1.709585607492876053e+09
1.709585608977551937e+09
1.709585610461687088e+09
1.709585611946202040e+09
1.709585613430562019e+09
1.709585614914880037e+09
1.709585616399023056e+09
1.709585617883100033e+09
1.709585619367239952e+09
1.709585620851459980e+09
1.709585622335670948e+09
1.709585623819722891e+09
1.709585625303837061e+09
1.709585626788177967e+09
1.709585628295614004e+09
1.709585629779537916e+09
1.709585631263756037e+09
1.709585632747899055e+09
1.709585634231906891e+09
1.709585635716113091e+09
1.709585637200189114e+09
1.709585638684251070e+09
1.709585640168373108e+09
1.709585641652795076e+09
1.709585643136754036e+09
1.709585644620909929e+09
1.709585646105304956e+09
1.709585647590585947e+09
1.709585649073769093e+09
1.709585650581056118e+09
1.709585652065315962e+09
1.709585653549424887e+09
1.709585655033889055e+09
1.709585656517977953e+09
1.709585658002068996e+09
1.709585659486231089e+09
1.709585660971091986e+09
1.709585662455626011e+09
1.709585663940139055e+09
1.709585665450992107e+09
1.709585666932135105e+09
1.709585668416780949e+09
1.709585669901531935e+09
1.709585671385844946e+09
1.709585672870364904e+09
1.709585674377995968e+09
1.709585675885463953e+09
1.709585677369951963e+09
1.709585678854510069e+09
1.709585680338875055e+09
1.709585681823220968e+09
1.709585683307507992e+09
1.709585684791872025e+09
1.709585686275875092e+09
1.709585687759916067e+09
1.709585689244098902e+09
1.709585690729943037e+09
1.709585692212426901e+09
1.709585693696846008e+09
1.709585695181263924e+09
1.709585696665754080e+09
1.709585698173058033e+09
1.709585699657135963e+09
1.709585701141155005e+09
1.709585702625518084e+09
1.709585704109967947e+09
1.709585705594121933e+09
1.709585707078422070e+09
1.709585708562985897e+09
1.709585710047113895e+09
1.709585711532052994e+09
1.709585713016288042e+09
1.709585714500961065e+09
1.709585715985183954e+09
1.709585717469886065e+09
1.709585718954592943e+09
1.709585720439096928e+09
1.709585721923238039e+09
1.709585723407397985e+09
1.709585724891436100e+09
1.709585726375665903e+09
1.709585727860219955e+09
1.709585729345880985e+09
1.709585730855014086e+09
1.709585732360085011e+09
1.709585733844459057e+09
1.709585735329108953e+09
1.709585736813236952e+09
1.709585738297640085e+09
1.709585739782145977e+09
1.709585741266782045e+09
1.709585742751135111e+09
1.709585744235337019e+09
1.709585745720105886e+09
1.709585747204624891e+09
1.709585748689325094e+09
1.709585750173767090e+09
1.709585751658309937e+09
1.709585753142637014e+09
1.709585754627274036e+09
1.709585756111898899e+09
1.709585757599553108e+09
1.709585759083288908e+09
1.709585760565253019e+09
1.709585762049913883e+09
1.709585763534369946e+09
1.709585765018651962e+09
1.709585766526185036e+09
1.709585768010627985e+09
1.709585769494940042e+09
1.709585770979410887e+09
1.709585772463784933e+09
1.709585773948246002e+09
1.709585775432228088e+09
1.709585776939517975e+09
1.709585778423896074e+09
1.709585779908535004e+09
1.709585781392467022e+09
1.709585782876874924e+09
1.709585784361325979e+09
1.709585785845372915e+09
1.709585787329667091e+09
1.709585788814524889e+09
1.709585790298572063e+09
1.709585791782802105e+09
1.709585793267347097e+09
1.709585794751501083e+09
1.709585796235455990e+09
1.709585797719832897e+09
1.709585799204199076e+09
1.709585800688496113e+09
1.709585802172954082e+09
1.709585803659980059e+09
1.709585805141508102e+09
1.709585806625530005e+09
1.709585808109560013e+09
1.709585809593655109e+09
1.709585811077548027e+09
1.709585812561654091e+09
1.709585814045687914e+09
1.709585815552815914e+09
1.709585817036897898e+09
1.709585818521027088e+09
1.709585820005069971e+09
1.709585821489233017e+09
1.709585822973315001e+09
1.709585824457464933e+09
1.709585825941850901e+09
1.709585827425954103e+09
1.709585828910001040e+09
1.709585830394201040e+09
1.709585831878161907e+09
1.709585833362236977e+09
1.709585834846174955e+09
1.709585836330385923e+09
1.709585837814202070e+09
1.709585839298407078e+09
1.709585840782466888e+09
1.709585842266350031e+09
1.709585843750474930e+09
1.709585845234414101e+09
1.709585846718341112e+09
1.709585848202105045e+09
1.709585849685746908e+09
1.709585851169428110e+09
1.709585852653312922e+09
1.709585854137274027e+09
1.709585855621274948e+09
1.709585857128575087e+09
1.709585858612925053e+09
1.709585860096735001e+09
1.709585861580890894e+09
1.709585863065212011e+09
1.709585864549319029e+09
1.709585866033273935e+09
1.709585867516890049e+09
1.709585869001323938e+09
1.709585870485304117e+09
1.709585871969592094e+09
1.709585873453995943e+09
1.709585874938066959e+09
1.709585876422589064e+09
1.709585877906594038e+09
1.709585879390744925e+09
1.709585880878567934e+09
1.709585882359729052e+09
1.709585883844518900e+09
1.709585885329155922e+09
1.709585886813286066e+09
1.709585888297703981e+09
1.709585889782195091e+09
1.709585891267215014e+09
1.709585892753653049e+09
1.709585894234939098e+09
1.709585895718964100e+09
1.709585897203200102e+09
1.709585898690140009e+09
1.709585900171358109e+09
1.709585901655383110e+09
1.709585903139719009e+09
1.709585904623902082e+09
1.709585906108124971e+09
1.709585907592274904e+09
1.709585909077137947e+09
1.709585910560651064e+09
1.709585912091511965e+09
1.709585913598664999e+09
1.709585915083060026e+09
1.709585916567086935e+09
1.709585918051141024e+09
1.709585919535047054e+09
1.709585921019287109e+09
1.709585922503173113e+09
1.709585923987165928e+09
1.709585925471185923e+09
1.709585926955382109e+09
1.709585928439758062e+09
1.709585929924254894e+09
1.709585931408456087e+09
1.709585932916110992e+09
1.709585934400389910e+09
1.709585935884306908e+09
1.709585937368514061e+09
1.709585938852796078e+09
1.709585940336875916e+09
1.709585941821063995e+09
1.709585943305417061e+09
1.709585944789875984e+09
1.709585946274127007e+09
1.709585947758291006e+09
1.709585949242176056e+09
1.709585950726295948e+09
1.709585952210427046e+09
1.709585953694675922e+09
1.709585955178713083e+09
1.709585956662847042e+09
1.709585958146960020e+09
1.709585959630913019e+09
1.709585961115411043e+09
1.709585962600366116e+09
1.709585964083935022e+09
1.709585965567970991e+09
1.709585967052090883e+09
1.709585968536269903e+09
1.709585970020713091e+09
1.709585971505074024e+09
1.709585972989639997e+09
1.709585974474098921e+09
1.709585975958241940e+09
1.709585977442080975e+09
1.709585978926234007e+09
1.709585980433234930e+09
1.709585981916820049e+09
1.709585983401042938e+09
1.709585984884771109e+09
1.709585986368722916e+09
1.709585987854861975e+09
1.709585989336260080e+09
1.709585990820066929e+09
1.709585992304167032e+09
1.709585993788253069e+09
1.709585995272144079e+09
1.709585996756505966e+09
1.709585998243427038e+09
1.709585999724544048e+09
1.709586001209862947e+09
1.709586002693089962e+09
1.709586004177165031e+09
1.709586005661156893e+09
1.709586007145136118e+09
1.709586008629122019e+09
1.709586010113156080e+09
1.709586011597249031e+09
1.709586013081299067e+09
1.709586014565289021e+09
1.709586016049362898e+09
1.709586017533446074e+09
1.709586019017410994e+09
1.709586020501490116e+09
1.709586021985642910e+09
1.709586023469610929e+09
1.709586024954054117e+09
1.709586026438330889e+09
1.709586027925857067e+09
1.709586029407339096e+09
1.709586030891372919e+09
1.709586032375606060e+09
1.709586033859584093e+09
1.709586035343852043e+09
1.709586036827869892e+09
1.709586038311729908e+09
1.709586039796101093e+09
1.709586041280461073e+09
1.709586042787635088e+09
1.709586044295187950e+09
1.709586045779702902e+09
1.709586047263813019e+09
1.709586048747832060e+09
1.709586050255322933e+09
1.709586051739674091e+09
1.709586053224158049e+09
1.709586054708715916e+09
1.709586056215325117e+09
1.709586057699877024e+09
1.709586059183983088e+09
1.709586060668174982e+09
1.709586062152530909e+09
1.709586063637069941e+09
1.709586065122319937e+09
1.709586066628937006e+09
1.709586068113100052e+09
1.709586069597011089e+09
1.709586071081274033e+09
1.709586072565239906e+09
1.709586074049504995e+09
1.709586075534478903e+09
1.709586077017880917e+09
1.709586078502322912e+09
1.709586079986357927e+09
1.709586081470504999e+09
1.709586082954695940e+09
1.709586084438587904e+09
1.709586085924938917e+09
1.709586087430402040e+09
1.709586088914366961e+09
1.709586090398060083e+09
1.709586091882046938e+09
1.709586093366111040e+09
1.709586094850411892e+09
1.709586096335381985e+09
1.709586097818814993e+09
1.709586099302898884e+09
1.709586100786993980e+09
1.709586102271114111e+09
1.709586103755086899e+09
1.709586105239383936e+09
1.709586106724515915e+09
1.709586108230659008e+09
1.709586109714700937e+09
1.709586111199052095e+09
1.709586112683212042e+09
1.709586114167110920e+09
1.709586115651232004e+09
1.709586117136301041e+09
1.709586118642802000e+09
1.709586120127291918e+09
1.709586121611279964e+09
1.709586123095412970e+09
1.709586124579531908e+09
1.709586126063661098e+09
1.709586127548626900e+09
1.709586129054878950e+09
1.709586130539176941e+09
1.709586132023646116e+09
1.709586133507554054e+09
1.709586135017924070e+09
1.709586136499383926e+09
1.709586137984731913e+09
1.709586139491358995e+09
1.709586140975644112e+09
1.709586142459867001e+09
1.709586143944034100e+09
1.709586145432863951e+09
1.709586146912425041e+09
1.709586148397321939e+09
1.709586149903950930e+09
1.709586151388127089e+09
1.709586152872283936e+09
1.709586154356476068e+09
1.709586155840471029e+09
1.709586157324667931e+09
1.709586158811238050e+09
1.709586160339442968e+09
1.709586161823827982e+09
1.709586163309089899e+09
1.709586164816996098e+09
1.709586166299520016e+09
1.709586167783767939e+09
1.709586169267860889e+09
1.709586170775135040e+09
1.709586172259537935e+09
1.709586173743626118e+09
1.709586175250766993e+09
1.709586176735017061e+09
1.709586178219213009e+09
1.709586179703731060e+09
1.709586181211111069e+09
1.709586182695728064e+09
1.709586184179928064e+09
1.709586185664177895e+09
1.709586187148682117e+09
1.709586188632707119e+09
1.709586190118232965e+09
1.709586191624371052e+09
1.709586193108654022e+09
1.709586194592833996e+09
1.709586196077272892e+09
1.709586197561388969e+09
1.709586199045937061e+09
1.709586200530783892e+09
1.709586202037417889e+09
1.709586203521414995e+09
1.709586205005552053e+09
1.709586206512788057e+09
1.709586207996680021e+09
1.709586209480679035e+09
1.709586210967046976e+09
1.709586212473901987e+09
1.709586213955965042e+09
1.709586215440037012e+09
1.709586216924020052e+09
1.709586218408252001e+09
1.709586219892400980e+09
1.709586221380183935e+09
1.709586222884109020e+09
1.709586224368433952e+09
1.709586225852940083e+09
1.709586227336930990e+09
1.709586228820981979e+09
1.709586230304938078e+09
1.709586231790297985e+09
1.709586233296555042e+09
1.709586234780687094e+09
1.709586236264615059e+09
1.709586237748678923e+09
1.709586239232906103e+09
1.709586240716905117e+09
1.709586242201901913e+09
1.709586243685540915e+09
1.709586245170105934e+09
1.709586246654176950e+09
1.709586248138581991e+09
1.709586249623238087e+09
1.709586251107649088e+09
1.709586252592516899e+09
1.709586254098912001e+09
1.709586255582802057e+09
1.709586257066873074e+09
1.709586258550892115e+09
1.709586260034996033e+09
1.709586261519093037e+09
1.709586263003902912e+09
1.709586264510633945e+09
1.709586265994715929e+09
1.709586267478846073e+09
1.709586268962775946e+09
1.709586270446665049e+09
1.709586271930567980e+09
1.709586273415466070e+09
1.709586274921973944e+09
1.709586276405936003e+09
1.709586277890072107e+09
1.709586279373482943e+09
1.709586280950148106e+09
1.709586282434019089e+09
1.709586283943176985e+09
1.709586285448811054e+09
1.709586286933100939e+09
1.709586288417325974e+09
1.709586289901881933e+09
1.709586291386077881e+09
1.709586292870609045e+09
1.709586294377948999e+09
1.709586295885032892e+09
1.709586297392380953e+09
1.709586298876615047e+09
1.709586300383935928e+09
1.709586301868293047e+09
1.709586303352396011e+09
1.709586304839659929e+09
1.709586306321232080e+09
1.709586307805463076e+09
1.709586309289864063e+09
1.709586310777460098e+09
1.709586312258042097e+09
1.709586313742461920e+09
1.709586315226444960e+09
1.709586316713165998e+09
1.709586318194905996e+09
1.709586319678972960e+09
1.709586321163317919e+09
1.709586322647630930e+09
1.709586324132014990e+09
1.709586325616292000e+09
1.709586327100892067e+09
1.709586328585299969e+09
1.709586330069950104e+09
1.709586331554338932e+09
1.709586333039395094e+09
1.709586334523099899e+09
1.709586336007426977e+09
1.709586337491398096e+09
1.709586338975717068e+09
1.709586340460083961e+09
1.709586341944654942e+09
1.709586343429183960e+09
1.709586344913554907e+09
1.709586346398077965e+09
1.709586347882498980e+09
1.709586349366967916e+09
1.709586350853293896e+09
1.709586352335165024e+09
1.709586353819473982e+09
1.709586355303644896e+09
1.709586356788017035e+09
1.709586358272289991e+09
1.709586359756721973e+09
1.709586361240813017e+09
1.709586362724868059e+09
1.709586364208980083e+09
1.709586365693027973e+09
1.709586367177129030e+09
1.709586368684715033e+09
1.709586370192209959e+09
1.709586371676516056e+09
1.709586373160520077e+09
1.709586374644527912e+09
1.709586376128856897e+09
1.709586377613110065e+09
1.709586379099040031e+09
1.709586380581301928e+09
1.709586382065396070e+09
1.709586383549551010e+09
1.709586385033381939e+09
1.709586386517143011e+09
1.709586388001203060e+09
1.709586389485616922e+09
1.709586390969716072e+09
1.709586392453897953e+09
1.709586393937908888e+09
1.709586395421910048e+09
1.709586396905987024e+09
1.709586398390280008e+09
1.709586399879523039e+09
1.709586401359193087e+09
1.709586402843645096e+09
1.709586404328063965e+09
1.709586405818485975e+09
1.709586407296189070e+09
1.709586408779699087e+09
1.709586410263436079e+09
1.709586411747525930e+09
1.709586413231435061e+09
1.709586414715414047e+09
1.709586416199505091e+09
1.709586417688477993e+09
1.709586419167740107e+09
1.709586420653250933e+09
1.709586422136709929e+09
1.709586423620979071e+09
1.709586425105304003e+09
1.709586426589945078e+09
1.709586428074239969e+09
1.709586429558532000e+09
1.709586431042937994e+09
1.709586432527307987e+09
1.709586434011734009e+09
1.709586435496052980e+09
1.709586436980098963e+09
1.709586438487740993e+09
1.709586439994879007e+09
1.709586441479151964e+09
1.709586442963314056e+09
1.709586444446976900e+09
1.709586445930932999e+09
1.709586447415143967e+09
1.709586448899044037e+09
1.709586450383676052e+09
1.709586451890245914e+09
1.709586453374624014e+09
1.709586454858669043e+09
1.709586456342861891e+09
1.709586457826987982e+09
1.709586459311321020e+09
1.709586460796262026e+09
1.709586462303256035e+09
1.709586463788902044e+09
1.709586465271660089e+09
1.709586466756087065e+09
1.709586468240205050e+09
1.709586469724788904e+09
1.709586471210084915e+09
1.709586472716768026e+09
1.709586474200649977e+09
1.709586475684796095e+09
1.709586477192001104e+09
1.709586478676453114e+09
1.709586480160661936e+09
1.709586481644521952e+09
1.709586483128693104e+09
1.709586484612925053e+09
1.709586486096853018e+09
1.709586487580939054e+09
1.709586489064915895e+09
1.709586490548933983e+09
1.709586492033931971e+09
1.709586493540479898e+09
1.709586495025039911e+09
1.709586496509243011e+09
1.709586497993745089e+09
1.709586499478147984e+09
1.709586500962482929e+09
1.709586502447912931e+09
1.709586503977336884e+09
1.709586505461893082e+09
1.709586506946111917e+09
1.709586508453361034e+09
1.709586509937462091e+09
1.709586511421700001e+09
1.709586512906116009e+09
1.709586514390108109e+09
1.709586515874072075e+09
1.709586517357846022e+09
1.709586518841732025e+09
1.709586520325900078e+09
1.709586521809865952e+09
1.709586523294128895e+09
1.709586524778464079e+09
1.709586526262641907e+09
1.709586527747049093e+09
1.709586529231065989e+09
1.709586530715117931e+09
1.709586532199207067e+09
1.709586533683548927e+09
1.709586535167556047e+09
1.709586536651587963e+09
1.709586538135596991e+09
1.709586539620626926e+09
1.709586541126518965e+09
1.709586542610495090e+09
1.709586544094314098e+09
1.709586545578376055e+09
1.709586547062663078e+09
1.709586548546817064e+09
1.709586550032066107e+09
1.709586551540472031e+09
1.709586553046034098e+09
1.709586554530265093e+09
1.709586556014252901e+09
1.709586557498533964e+09
1.709586558982522964e+09
1.709586560467742920e+09
1.709586561973597050e+09
1.709586563457526922e+09
1.709586564941554070e+09
1.709586566426156998e+09
1.709586567910358906e+09
1.709586569394602060e+09
1.709586570879852057e+09
1.709586572432533026e+09
1.709586573916554928e+09
1.709586575400643110e+09
1.709586576886332035e+09
1.709586578415606976e+09
1.709586579899838924e+09
1.709586581384872913e+09
1.709586582891226053e+09
1.709586584375535011e+09
1.709586585859669924e+09
1.709586587343697071e+09
1.709586588828159094e+09
1.709586590312211037e+09
1.709586591798075914e+09
1.709586593281160116e+09
1.709586594765743017e+09
1.709586596250586033e+09
1.709586597735416889e+09
1.709586599219647884e+09
1.709586600703735113e+09
1.709586602187967062e+09
1.709586603671958923e+09
1.709586605156363010e+09
1.709586606640768051e+09
1.709586608124783993e+09
1.709586609608782053e+09
1.709586611092902899e+09
1.709586612577302933e+09
1.709586614061095953e+09
1.709586615544915915e+09
1.709586617028748035e+09
1.709586618512835979e+09
1.709586619996567965e+09
1.709586621480602026e+09
1.709586622964871883e+09
1.709586624448776007e+09
1.709586625932940006e+09
1.709586627417047024e+09
1.709586628900974035e+09
1.709586630385471106e+09
1.709586631869530916e+09
1.709586633353749037e+09
1.709586634838247061e+09
1.709586636322638988e+09
1.709586637806730032e+09
1.709586639290885925e+09
1.709586640775183916e+09
1.709586642259486914e+09
1.709586643743915081e+09
1.709586645228199005e+09
1.709586646712634087e+09
1.709586648196960926e+09
1.709586649681293964e+09
1.709586651165402889e+09
1.709586652649568081e+09
1.709586654133742094e+09
1.709586655617646933e+09
1.709586657101654053e+09
1.709586658585628033e+09
1.709586660069688082e+09
1.709586661553622961e+09
1.709586663037525892e+09
1.709586664521639109e+09
1.709586666005512953e+09
1.709586667489334106e+09
1.709586668973285913e+09
1.709586670457186937e+09
1.709586671941451073e+09
1.709586673425426960e+09
1.709586674909698963e+09
1.709586676418184996e+09
1.709586677924225092e+09
1.709586679408099890e+09
1.709586680892215014e+09
1.709586682375809908e+09
1.709586683859843969e+09
1.709586685343879938e+09
1.709586686828329086e+09
1.709586688358601093e+09
1.709586689842546940e+09
1.709586691326888084e+09
1.709586692810920000e+09
1.709586694298326015e+09
1.709586695779650927e+09
1.709586697263432026e+09
1.709586698747287989e+09
1.709586700231122017e+09
1.709586701715074062e+09
1.709586703199166059e+09
1.709586704684741974e+09
1.709586706167339087e+09
1.709586707651137114e+09
1.709586709135298967e+09
1.709586710619261026e+09
1.709586712103133917e+09
1.709586713587336063e+09
1.709586715071362972e+09
1.709586716555313110e+09
1.709586718039480925e+09
1.709586719523602962e+09
1.709586721008023024e+09
1.709586722491801977e+09
1.709586723975930929e+09
1.709586725459943056e+09
1.709586726943944931e+09
1.709586728427908897e+09
1.709586729911883116e+09
1.709586731395670891e+09
1.709586732879759073e+09
1.709586734363717079e+09
1.709586735848259926e+09
1.709586737355011940e+09
1.709586738838857889e+09
1.709586740322892904e+09
1.709586741807491064e+09
1.709586743314660072e+09
1.709586744798619986e+09
1.709586746306071043e+09
1.709586747790141106e+09
1.709586749274226904e+09
1.709586750758342981e+09
1.709586752242377996e+09
1.709586753726290941e+09
1.709586755210284948e+09
1.709586756694355965e+09
1.709586758178400040e+09
1.709586759662623882e+09
1.709586761146517038e+09
1.709586762630496025e+09
1.709586764137506008e+09
1.709586765621525049e+09
1.709586767105602026e+09
1.709586768589842081e+09
1.709586770074433088e+09
1.709586771558532953e+09
1.709586773042526007e+09
1.709586774527056932e+09
1.709586776010528088e+09
1.709586777494570017e+09
1.709586778978702068e+09
1.709586780462688923e+09
1.709586781970242977e+09
1.709586783454324961e+09
1.709586784938492060e+09
1.709586786422646999e+09
1.709586787908221960e+09
1.709586789391113043e+09
1.709586790875742912e+09
1.709586792359828949e+09
1.709586793846340895e+09
1.709586795328649998e+09
1.709586796812954903e+09
1.709586798297477007e+09
1.709586799782166004e+09
1.709586801266422033e+09
1.709586802750713110e+09
1.709586804257898092e+09
1.709586805743819952e+09
1.709586807226260900e+09
1.709586808710238934e+09
1.709586810194451094e+09
1.709586811679371119e+09
1.709586813162393093e+09
1.709586814646419048e+09
1.709586816130340099e+09
1.709586817660589933e+09
1.709586819144660950e+09
1.709586820628469944e+09
1.709586822112289906e+09
1.709586823597064972e+09
1.709586825080635071e+09
1.709586826588184118e+09
1.709586828071588039e+09
1.709586829555653095e+09
1.709586831039833069e+09
1.709586832523822069e+09
1.709586834007744074e+09
1.709586835491566896e+09
1.709586836998687029e+09
1.709586838482764006e+09
1.709586839966954947e+09
1.709586841450803995e+09
1.709586842934717894e+09
1.709586844442147970e+09
1.709586845925745964e+09
1.709586847432888985e+09
1.709586848916830063e+09
1.709586850400903940e+09
1.709586851885332108e+09
1.709586853369657040e+09
1.709586854876600027e+09
1.709586856360409021e+09
1.709586857844603062e+09
1.709586859328457117e+09
1.709586860812608004e+09
1.709586862296874046e+09
1.709586863781121969e+09
1.709586865265093088e+09
1.709586866749090910e+09
1.709586868233412027e+09
1.709586869717426062e+09
1.709586871201512098e+09
1.709586872685549974e+09
1.709586874169848919e+09
1.709586875653683901e+09
1.709586877137996912e+09
1.709586878622390985e+09
1.709586880129409075e+09
1.709586881615351915e+09
1.709586883097634077e+09
1.709586884581998110e+09
1.709586886066051960e+09
1.709586887550247908e+09
1.709586889034718990e+09
1.709586890518717051e+09
1.709586892002687931e+09
1.709586893486840963e+09
1.709586894994102001e+09
1.709586896478188992e+09
1.709586897962409973e+09
1.709586899470082045e+09
1.709586900954516888e+09
1.709586902438710928e+09
1.709586903923209906e+09
1.709586905407627106e+09
1.709586906891895056e+09
1.709586908376530886e+09
1.709586909883599043e+09
1.709586911390755892e+09
1.709586912874943972e+09
1.709586914384377003e+09
1.709586915890661955e+09
1.709586917374231100e+09
1.709586918858774900e+09
1.709586920342863083e+09
1.709586921850863934e+09
1.709586923334981918e+09
1.709586924842236042e+09
1.709586926326399088e+09
1.709586927810642958e+09
1.709586929295078993e+09
1.709586930779692888e+09
1.709586932263180017e+09
1.709586933747237921e+09
1.709586935231395006e+09
1.709586936715511084e+09
1.709586938199604988e+09
1.709586939683737040e+09
1.709586941167871952e+09
1.709586942651915073e+09
1.709586944159209967e+09
1.709586945643249035e+09
1.709586947127471924e+09
1.709586948611773014e+09
1.709586950095822096e+09
1.709586951579483986e+09
1.709586953063487053e+09
1.709586954570554018e+09
1.709586956054733992e+09
1.709586957538817883e+09
1.709586959023396969e+09
1.709586960507741928e+09
1.709586961991206884e+09
1.709586963475413084e+09
1.709586964959467888e+09
1.709586966443371058e+09
1.709586967927527905e+09
1.709586969434760094e+09
1.709586970918751001e+09
1.709586972402759075e+09
1.709586973886940002e+09
1.709586975371265888e+09
1.709586976855460882e+09
1.709586978362875938e+09
1.709586979846946001e+09
1.709586981354650974e+09
1.709586982861697912e+09
1.709586984345663071e+09
1.709586985829853058e+09
1.709586987313766003e+09
1.709586988821211100e+09
1.709586990305546045e+09
1.709586991789473057e+09
1.709586993273482084e+09
1.709586994757752895e+09
1.709586996265065908e+09
1.709586997749196053e+09
1.709586999233767033e+09
1.709587000718166113e+09
1.709587002202819109e+09
1.709587003687196970e+09
1.709587005171896935e+09
1.709587006656451941e+09
1.709587008140588999e+09
1.709587009624716997e+09
1.709587011108891964e+09
1.709587012594681025e+09
1.709587014101195097e+09
1.709587015586071014e+09
1.709587017092397928e+09
1.709587018599934101e+09
1.709587020083636999e+09
1.709587021614823103e+09
1.709587023099215984e+09
1.709587024606379986e+09
1.709587026092629910e+09
1.709587027597547054e+09
1.709587029106285095e+09
1.709587030612854958e+09
1.709587032096554041e+09
1.709587033604182959e+09
1.709587035088495970e+09
1.709587036573097944e+09
1.709587038057426929e+09
1.709587039542264938e+09
1.709587041026608944e+09
1.709587042511342049e+09
1.709587043995553970e+09
1.709587045481435061e+09
1.709587046963963032e+09
1.709587048448539019e+09
1.709587049931859016e+09
1.709587051415884972e+09
1.709587052900264978e+09
1.709587054384970903e+09
1.709587055868839025e+09
1.709587057352925062e+09
1.709587058860255957e+09
1.709587060344515085e+09
1.709587061830259085e+09
1.709587063312760115e+09
1.709587064797174931e+09
1.709587066304511070e+09
1.709587067789554119e+09
1.709587069273386002e+09
1.709587070757927895e+09
1.709587072242537022e+09
1.709587073726636887e+09
1.709587075210900068e+09
1.709587076695116043e+09
1.709587078204279900e+09
1.709587079686691046e+09
1.709587081170696974e+09
1.709587082654962063e+09
1.709587084138936043e+09
1.709587085623073101e+09
1.709587087107003927e+09
1.709587088590976000e+09
1.709587090075135946e+09
1.709587091582221985e+09
1.709587093066205025e+09
1.709587094573314905e+09
1.709587096080527067e+09
1.709587097564569950e+09
1.709587099048648119e+09
1.709587100532644033e+09
1.709587102016786098e+09
1.709587103524209976e+09
1.709587105008268118e+09
1.709587106492080927e+09
1.709587107976286888e+09
1.709587109460386038e+09
1.709587110944212914e+09
1.709587112428018093e+09
1.709587113911925077e+09
1.709587115396131992e+09
1.709587116880316973e+09
1.709587118364620924e+09
1.709587119848900080e+09
1.709587121333174944e+09
1.709587122840442896e+09
1.709587124324837923e+09
1.709587125811229944e+09
1.709587127292835951e+09
1.709587128800242901e+09
1.709587130308434010e+09
1.709587131792880058e+09
1.709587133275115967e+09
1.709587134759004116e+09
1.709587136266288042e+09
1.709587137750444889e+09
1.709587139234316111e+09
1.709587140718401909e+09
1.709587142202552080e+09
1.709587143693726063e+09
1.709587145170547962e+09
1.709587146654730082e+09
1.709587148138487101e+09
1.709587149622464895e+09
1.709587151129537106e+09
1.709587152613477945e+09
1.709587154097615957e+09
1.709587155581271887e+09
1.709587157088608980e+09
1.709587158595282078e+09
1.709587160102279902e+09
1.709587161609414101e+09
1.709587163093436003e+09
1.709587164600501060e+09
1.709587166084522009e+09
1.709587167592220068e+09
1.709587169076037884e+09
1.709587170560096979e+09
1.709587172044182062e+09
1.709587173528314114e+09
1.709587175012432098e+09
1.709587176519901037e+09
1.709587178026702881e+09
1.709587179510751009e+09
1.709587180994509935e+09
1.709587182478333950e+09
1.709587183962307930e+09
1.709587185446353912e+09
1.709587186930418015e+09
1.709587188414230108e+09
1.709587189898164988e+09
1.709587191381630898e+09
1.709587192865360975e+09
1.709587194349314928e+09
1.709587195834039927e+09
1.709587197340478897e+09
1.709587198823484898e+09
1.709587200307291985e+09
1.709587201791241884e+09
1.709587203274903059e+09
1.709587204758487940e+09
1.709587206242103100e+09
1.709587207725752115e+09
1.709587209209745884e+09
1.709587210693315029e+09
1.709587212176923037e+09
1.709587213661097050e+09
1.709587215144220114e+09
1.709587216628022909e+09
1.709587218111970901e+09
1.709587219596071005e+09
1.709587221080452919e+09
1.709587222563803911e+09
1.709587224047606945e+09
1.709587225533983946e+09
1.709587227015650034e+09
1.709587228499725103e+09
1.709587229983907938e+09
1.709587231491489887e+09
1.709587232975414991e+09
1.709587234459530115e+09
1.709587235943299055e+09
1.709587237427254915e+09
1.709587238911168098e+09
1.709587240394925117e+09
1.709587241901932955e+09
1.709587243409553051e+09
1.709587244894176960e+09
1.709587246379050970e+09
1.709587247863467932e+09
1.709587249348320961e+09
1.709587250832809925e+09
1.709587252317270041e+09
1.709587253802093029e+09
1.709587255286875010e+09
1.709587256794648886e+09
1.709587258280415058e+09
1.709587259765383005e+09
1.709587261273144007e+09
1.709587262757180929e+09
1.709587264241908073e+09
1.709587265749923944e+09
1.709587267234391928e+09
1.709587268718981981e+09
1.709587270203326941e+09
1.709587271711405039e+09
1.709587273196098089e+09
1.709587274680608034e+09
1.709587276165067911e+09
1.709587277649629116e+09
1.709587279134403944e+09
1.709587280618948936e+09
1.709587282103553057e+09
1.709587283587872028e+09
1.709587285072649002e+09
1.709587286557569981e+09
1.709587288042131901e+09
1.709587289526070118e+09
1.709587291010302067e+09
1.709587292494447947e+09
1.709587293978940010e+09
1.709587295462877989e+09
1.709587296947119951e+09
1.709587298431250095e+09
1.709587299915133953e+09
1.709587301422347069e+09
1.709587302906466961e+09
1.709587304390697956e+09
1.709587305874919891e+09
1.709587307359106064e+09
1.709587308844280958e+09
1.709587310326910019e+09
1.709587311811291933e+09
1.709587313295245886e+09
1.709587314781054974e+09
1.709587316263286114e+09
1.709587317747395039e+09
1.709587319231570005e+09
1.709587320717180014e+09
1.709587322200071096e+09
1.709587323684030056e+09
1.709587325167716980e+09
1.709587326675056934e+09
1.709587328159128904e+09
1.709587329642864943e+09
1.709587331126502037e+09
1.709587332633666992e+09
1.709587334141011000e+09
1.709587335624806881e+09
1.709587337108602047e+09
1.709587338592590094e+09
1.709587340076288939e+09
1.709587341560334921e+09
1.709587343067197084e+09
1.709587344551179886e+09
1.709587346058197021e+09
1.709587347542352915e+09
1.709587349025501013e+09
1.709587350534434080e+09
1.709587352040019035e+09
1.709587353523053885e+09
1.709587355006814003e+09
1.709587356490844965e+09
1.709587357974761963e+09
1.709587359458726883e+09
1.709587360942528009e+09
1.709587362426393986e+09
1.709587363912528038e+09
1.709587365394170046e+09
1.709587366877952099e+09
1.709587368362059116e+09
1.709587369846215963e+09
1.709587371329924107e+09
1.709587372813859940e+09
1.709587374298134089e+09
1.709587375805234909e+09
1.709587377289351940e+09
1.709587378773272038e+09
1.709587380257548094e+09
1.709587381741631985e+09
1.709587383225656986e+09
1.709587384709695101e+09
1.709587386193769932e+09
1.709587387679620981e+09
1.709587389161659956e+09
1.709587390668649912e+09
1.709587392152715921e+09
1.709587393636734962e+09
1.709587395120692968e+09
1.709587396604866028e+09
1.709587398088812113e+09
1.709587399573051929e+09
1.709587401057751894e+09
1.709587402541315079e+09
1.709587404048856020e+09
1.709587405532526970e+09
1.709587407016305923e+09
1.709587408500339031e+09
1.709587409984324932e+09
1.709587411468080044e+09
1.709587412952313900e+09
1.709587414436523914e+09
1.709587415920864105e+09
1.709587417405117989e+09
1.709587418889594078e+09
1.709587420396858931e+09
1.709587421881109953e+09
1.709587423365354061e+09
1.709587424849952936e+09
1.709587426333944082e+09
1.709587427819909096e+09
1.709587429325140953e+09
1.709587430809468031e+09
1.709587432293874979e+09
1.709587433778538942e+09
1.709587435285654068e+09
1.709587436792836905e+09
1.709587438277028084e+09
1.709587439761943102e+09
1.709587441245425940e+09
1.709587442729635000e+09
1.709587444213900089e+09
1.709587445698868036e+09
1.709587447182024002e+09
1.709587448666254044e+09
1.709587450150408030e+09
1.709587451635286093e+09
1.709587453120307922e+09
1.709587454628981113e+09
1.709587456111112118e+09
1.709587457620101929e+09
1.709587459126657009e+09
1.709587460657115936e+09
1.709587462141007900e+09
1.709587463626425028e+09
1.709587465133430958e+09
1.709587466640678883e+09
1.709587468124485970e+09
1.709587469655459881e+09
1.709587471140031099e+09
1.709587472624032021e+09
1.709587474131794930e+09
1.709587475640762091e+09
1.709587477146886110e+09
1.709587478631143093e+09
1.709587480138575077e+09
1.709587481623071909e+09
1.709587483107697010e+09
1.709587484591917992e+09
1.709587486076406002e+09
1.709587487560997009e+09
1.709587489045455933e+09
1.709587490575936079e+09
1.709587492083498001e+09
1.709587493567878962e+09
1.709587495075695992e+09
1.709587496583151102e+09
1.709587498067250967e+09
1.709587499551830053e+09
1.709587501059117079e+09
1.709587502566442013e+09
1.709587504050890923e+09
1.709587505582894087e+09
1.709587507089484930e+09
1.709587508573950052e+09
1.709587510058414936e+09
1.709587511565860987e+09
1.709587513050312996e+09
1.709587514534938097e+09
1.709587516021015882e+09
1.709587517527209997e+09
1.709587519011946917e+09
1.709587520496567011e+09
1.709587521980884075e+09
1.709587523465852976e+09
1.709587524973180056e+09
1.709587526459028959e+09
1.709587527965426922e+09
1.709587529450072050e+09
1.709587530957235098e+09
1.709587532441463947e+09
1.709587533927934885e+09
1.709587535410535097e+09
1.709587536895713091e+09
1.709587538402884007e+09
1.709587539887357950e+09
1.709587541371547937e+09
1.709587542855849981e+09
1.709587544340311050e+09
1.709587545824604034e+09
1.709587547309470892e+09
1.709587548816066980e+09
1.709587550323509932e+09
1.709587551807771921e+09
1.709587553292012930e+09
1.709587554776160002e+09
1.709587556283607960e+09
1.709587557768824100e+09
1.709587559275719881e+09
1.709587560760349989e+09
1.709587562245018959e+09
1.709587563729512930e+09
1.709587565237447023e+09
1.709587566722563982e+09
1.709587568206845999e+09
1.709587569760209084e+09
1.709587571244718075e+09
1.709587572730355024e+09
1.709587574213351011e+09
1.709587575697964907e+09
1.709587577182307005e+09
1.709587578690968037e+09
1.709587580197614908e+09
1.709587581682224989e+09
1.709587583166671991e+09
1.709587584651174068e+09
1.709587586135395050e+09
1.709587587619733095e+09
1.709587589104876995e+09
1.709587590611605883e+09
1.709587592096379042e+09
1.709587593580657005e+09
1.709587595088159084e+09
1.709587596572621107e+09
1.709587598056982994e+09
1.709587599543247938e+09
1.709587601048841000e+09
1.709587602533147097e+09
1.709587604017937899e+09
1.709587605524944067e+09
1.709587607009136915e+09
1.709587608518127918e+09
1.709587610025294065e+09
1.709587611532121897e+09
1.709587613015675068e+09
1.709587614523010969e+09
1.709587616007000923e+09
1.709587617491527081e+09
1.709587618998769045e+09
1.709587620507388115e+09
1.709587622013586044e+09
1.709587623498044968e+09
1.709587624982237101e+09
1.709587626490570068e+09
1.709587627974008083e+09
1.709587629458148003e+09
1.709587630965569019e+09
1.709587632449609995e+09
1.709587633933660984e+09
1.709587635418240070e+09
1.709587636902440071e+09
1.709587638386600971e+09
1.709587639870814085e+09
1.709587641378370047e+09
1.709587642862472057e+09
1.709587644346779108e+09
1.709587645854336977e+09
1.709587647338710070e+09
1.709587648825948000e+09
1.709587650307164907e+09
1.709587651791342020e+09
1.709587653275485992e+09
1.709587654759738922e+09
1.709587656244015932e+09
1.709587657774429083e+09
1.709587659258419991e+09
1.709587660747391939e+09
1.709587662227097988e+09
1.709587663734580994e+09
1.709587665218904018e+09
1.709587666706912041e+09
1.709587668187477112e+09
1.709587669671716928e+09
1.709587671156061888e+09
1.709587672640590906e+09
1.709587674125099897e+09
1.709587675632755041e+09
1.709587677139944077e+09
1.709587678624311924e+09
1.709587680132145882e+09
1.709587681639377117e+09
1.709587683147063017e+09
1.709587684654717922e+09
1.709587686161961079e+09
1.709587687646132946e+09
1.709587689153296947e+09
1.709587690637729883e+09
1.709587692122294903e+09
1.709587693606722116e+09
1.709587695091039896e+09
1.709587696575767994e+09
1.709587698083229065e+09
1.709587699567631960e+09
1.709587701052216053e+09
1.709587702536722898e+09
1.709587704021023989e+09
1.709587705505264044e+09
1.709587706989830017e+09
1.709587708474175930e+09
1.709587709958676100e+09
1.709587711443049908e+09
1.709587712927659035e+09
1.709587714412461996e+09
1.709587715896527052e+09
1.709587717381058931e+09
1.709587718865423918e+09
1.709587720349555016e+09
1.709587721833918095e+09
1.709587723318371058e+09
1.709587724802846909e+09
1.709587726287132978e+09
1.709587727771322012e+09
1.709587729278819084e+09
1.709587730763129950e+09
1.709587732247598886e+09
1.709587733732116938e+09
1.709587735216311932e+09
1.709587736700562954e+09
1.709587738184952021e+09
1.709587739669215918e+09
1.709587741153078079e+09
1.709587742637371063e+09
1.709587744121548891e+09
1.709587745605575085e+09
1.709587747089562893e+09
1.709587748596935034e+09
1.709587750081070900e+09
1.709587751565049887e+09
1.709587753049058914e+09
1.709587754533202887e+09
1.709587756017358065e+09
1.709587757501467943e+09
1.709587758985131025e+09
1.709587760469118118e+09
1.709587761953324080e+09
1.709587763436988115e+09
1.709587764920775890e+09
1.709587766404654026e+09
1.709587767891025066e+09
1.709587769372853041e+09
1.709587770856847048e+09
1.709587772341182947e+09
1.709587773828324080e+09
1.709587775309006929e+09
1.709587776793031931e+09
1.709587778300211906e+09
1.709587779807321072e+09
1.709587781291423082e+09
1.709587782775305033e+09
1.709587784259346008e+09
1.709587785743426085e+09
1.709587787227435112e+09
1.709587788710918903e+09
1.709587790198563099e+09
1.709587791679215908e+09
1.709587793163378954e+09
1.709587794647572041e+09
1.709587796131458998e+09
1.709587797615592003e+09
1.709587799099484921e+09
1.709587800583451986e+09
1.709587802067363977e+09
1.709587803574740887e+09
1.709587805058716059e+09
1.709587806542977095e+09
1.709587808026851892e+09
1.709587809510862112e+09
1.709587810994731903e+09
1.709587812478589058e+09
1.709587813986520052e+09
1.709587815539537907e+09
1.709587817046701908e+09
1.709587818554116011e+09
1.709587820038249016e+09
1.709587821522272110e+09
1.709587823006329060e+09
1.709587824490360975e+09
1.709587825974520922e+09
1.709587827458817959e+09
1.709587828943232059e+09
1.709587830428126097e+09
1.709587831916102886e+09
1.709587833420325041e+09
1.709587834927503109e+09
1.709587836435137987e+09
1.709587837942795992e+09
1.709587839427047014e+09
1.709587840934545040e+09
1.709587842418809891e+09
1.709587843902520895e+09
1.709587845386570930e+09
1.709587846870821953e+09
1.709587848355170965e+09
1.709587849839338064e+09
1.709587851346946001e+09
1.709587852854552984e+09
1.709587854338948011e+09
1.709587855823088884e+09
1.709587857307614088e+09
1.709587858792052984e+09
1.709587860276184082e+09
1.709587861760344028e+09
1.709587863244477034e+09
1.709587864728368998e+09
1.709587866212709904e+09
1.709587867696871042e+09
1.709587869181061983e+09
1.709587870665023088e+09
1.709587872149250984e+09
1.709587873633428097e+09
1.709587875117860079e+09
1.709587876624914885e+09
1.709587878132016897e+09
1.709587879616110086e+09
1.709587881100244999e+09
1.709587882584460974e+09
1.709587884068444014e+09
1.709587885552356005e+09
1.709587887036691904e+09
1.709587888521235943e+09
1.709587890004662037e+09
1.709587891513075113e+09
1.709587893020260096e+09
1.709587894527348995e+09
1.709587896010900021e+09
1.709587897495084047e+09
1.709587898979397058e+09
1.709587900463566065e+09
1.709587901947987080e+09
1.709587903455355883e+09
1.709587904939618111e+09
1.709587906423846006e+09
1.709587907931397915e+09
1.709587909415585041e+09
1.709587910899596930e+09
1.709587912383810997e+09
1.709587913870882034e+09
1.709587915352099895e+09
1.709587916836280107e+09
1.709587918343769073e+09
1.709587919828197956e+09
1.709587921312069893e+09
1.709587922796201944e+09
1.709587924280459881e+09
1.709587925768239021e+09
1.709587927272141933e+09
1.709587928756417990e+09
1.709587930240566015e+09
1.709587931727664948e+09
1.709587933209189892e+09
1.709587934716885090e+09
1.709587936200978041e+09
1.709587937685210943e+09
1.709587939169517994e+09
1.709587940653878927e+09
1.709587942138062954e+09
1.709587943622215986e+09
1.709587945106115103e+09
1.709587946590063095e+09
1.709587948074243069e+09
1.709587949558201075e+09
1.709587951043699980e+09
1.709587952572205067e+09
1.709587954056452990e+09
1.709587955540184975e+09
1.709587957024446011e+09
1.709587958531966925e+09
1.709587960016012907e+09
1.709587961500144958e+09
1.709587962984323025e+09
1.709587964468053102e+09
1.709587965951937914e+09
1.709587967435940981e+09
1.709587968920099020e+09
1.709587970404081106e+09
1.709587971891108036e+09
1.709587973372208118e+09
1.709587974879605055e+09
1.709587976363816977e+09
1.709587977850537062e+09
1.709587979332159042e+09
1.709587980839898109e+09
1.709587982324001074e+09
1.709587983808062077e+09
1.709587985291663885e+09
1.709587986775654078e+09
1.709587988259623051e+09
1.709587989746225119e+09
1.709587991250477076e+09
1.709587992733226061e+09
1.709587994217024088e+09
1.709587995700676918e+09
1.709587997207684994e+09
1.709587998691333055e+09
1.709588000174941063e+09
1.709588001681947947e+09
1.709588003165867090e+09
1.709588004649522066e+09
1.709588006133230925e+09
1.709588007616872072e+09
1.709588009100285053e+09
1.709588010583934069e+09
1.709588012091011047e+09
1.709588013598109961e+09
1.709588015104892015e+09
1.709588016588762045e+09
1.709588018096025944e+09
1.709588019602797985e+09
1.709588021110569000e+09
1.709588022616461992e+09
1.709588024123509884e+09
1.709588025606977940e+09
1.709588027090864897e+09
1.709588028574577093e+09
1.709588030058249950e+09
1.709588031566063881e+09
1.709588033072137117e+09
1.709588034555891991e+09
1.709588036039984941e+09
1.709588037523412943e+09
1.709588039006858110e+09
1.709588040490422964e+09
1.709588041997942924e+09
1.709588043503639936e+09
1.709588044986900091e+09
1.709588046470423937e+09
1.709588047954178095e+09
1.709588049484179974e+09
1.709588050967777014e+09
1.709588052452658892e+09
1.709588053958244085e+09
1.709588055441584110e+09
1.709588056924958944e+09
1.709588058408353090e+09
1.709588059891434908e+09
1.709588061398063898e+09
1.709588062882512093e+09
1.709588064390125990e+09
1.709588065872015953e+09
1.709588067378628016e+09
1.709588068862582922e+09
1.709588070345523119e+09
1.709588071852524042e+09
1.709588073360064030e+09
1.709588074888933897e+09
1.709588076372366905e+09
1.709588077855962992e+09
1.709588079362679958e+09
1.709588080846224070e+09
1.709588082352857113e+09
1.709588083860641956e+09
1.709588085366008043e+09
1.709588086850764990e+09
1.709588088355900049e+09
1.709588089862373114e+09
1.709588091369005919e+09
1.709588092876369953e+09
1.709588094382473946e+09
1.709588095865515947e+09
1.709588097372181892e+09
1.709588098855534077e+09
1.709588100361974001e+09
1.709588101868747950e+09
1.709588103375617981e+09
1.709588104859167099e+09
1.709588106366198063e+09
1.709588107849689007e+09
1.709588109333338022e+09
1.709588110816999912e+09
1.709588112300770998e+09
1.709588113807634115e+09
1.709588115291318893e+09
1.709588116775103092e+09
1.709588118258826017e+09
1.709588119742592096e+09
1.709588121249504089e+09
1.709588122733066082e+09
1.709588124216914892e+09
1.709588125724625111e+09
1.709588127210896969e+09
1.709588128691360950e+09
1.709588130198528051e+09
1.709588131705759048e+09
1.709588133212621927e+09
1.709588134696537018e+09
1.709588136180382013e+09
1.709588137664174080e+09
1.709588139147738934e+09
1.709588140632164955e+09
1.709588142137963057e+09
1.709588143621294975e+09
1.709588145105232000e+09
1.709588146588903904e+09
1.709588148072345972e+09
1.709588149579766989e+09
1.709588151111141920e+09
1.709588152638875008e+09
1.709588154124403000e+09
1.709588155606636047e+09
1.709588157113430977e+09
1.709588158620197058e+09
1.709588160127441883e+09
1.709588161611068964e+09
1.709588163094563961e+09
1.709588164602478027e+09
1.709588166108426094e+09
1.709588167615566969e+09
1.709588169098424911e+09
1.709588170582112074e+09
1.709588172065774918e+09
1.709588173549397945e+09
1.709588175033130884e+09
1.709588176516608953e+09
1.709588178000262976e+09
1.709588179483997107e+09
1.709588180967897892e+09
1.709588182474864006e+09
1.709588183958704948e+09
1.709588185442382097e+09
1.709588186926354885e+09
1.709588188409671068e+09
1.709588189916562080e+09
1.709588191423149109e+09
1.709588192906929016e+09
1.709588194390847921e+09
1.709588195874242067e+09
1.709588197358109951e+09
1.709588198841509104e+09
1.709588200325161934e+09
1.709588201810766935e+09
1.709588203292663097e+09
1.709588204799635887e+09
1.709588206283312082e+09
1.709588207767225981e+09
1.709588209274142981e+09
1.709588210757615089e+09
1.709588212241370916e+09
1.709588213727004051e+09
1.709588215232491970e+09
1.709588216739753008e+09
1.709588218223536968e+09
1.709588219707787037e+09
1.709588221214785099e+09
1.709588222698878050e+09
1.709588224182725906e+09
1.709588225689929008e+09
1.709588227173412085e+09
1.709588228657516956e+09
1.709588230141869068e+09
1.709588231625293016e+09
1.709588233133544922e+09
1.709588234640049934e+09
1.709588236147443056e+09
1.709588237630601883e+09
1.709588239138963938e+09
1.709588240691214085e+09
1.709588242175426960e+09
1.709588243659455061e+09
1.709588245143374920e+09
1.709588246627237082e+09
1.709588248111504078e+09
1.709588249595696926e+09
1.709588251079853058e+09
1.709588252563976049e+09
1.709588254047935009e+09
1.709588255555146933e+09
1.709588257062381983e+09
1.709588258569531918e+09
1.709588260076560974e+09
1.709588261606950045e+09
1.709588263090890884e+09
1.709588264575195074e+09
1.709588266082660913e+09
1.709588267590261936e+09
1.709588269075102091e+09
1.709588270582434893e+09
1.709588272113384008e+09
1.709588273597491980e+09
1.709588275081526041e+09
1.709588276566145897e+09
1.709588278050225973e+09
1.709588279534521103e+09
1.709588281018882036e+09
1.709588282503295898e+09
1.709588283987092018e+09
1.709588285471281052e+09
1.709588286955442905e+09
1.709588288438828945e+09
1.709588289922574043e+09
1.709588291406436920e+09
1.709588292890466928e+09
1.709588294374167919e+09
1.709588295858175039e+09
1.709588297365324020e+09
1.709588298872574091e+09
1.709588300357265949e+09
1.709588301886982918e+09
1.709588303371867895e+09
1.709588304855927944e+09
1.709588306363595963e+09
1.709588307847117901e+09
1.709588309331377029e+09
1.709588310815463066e+09
1.709588312299706936e+09
1.709588313807163954e+09
1.709588315291290045e+09
1.709588316798923969e+09
1.709588318282618999e+09
1.709588319766716003e+09
1.709588321250485897e+09
1.709588322734822035e+09
1.709588324265084028e+09
1.709588325772432089e+09
1.709588327256696939e+09
1.709588328741266966e+09
1.709588330248518944e+09
1.709588331732898951e+09
1.709588333217314959e+09
1.709588334724864006e+09
1.709588336209280968e+09
1.709588337693752050e+09
1.709588339201914072e+09
1.709588340685342073e+09
1.709588342169460058e+09
1.709588343676594973e+09
1.709588345184062958e+09
1.709588346668068886e+09
1.709588348152100086e+09
1.709588349659511089e+09
1.709588351143436909e+09
1.709588352627415895e+09
1.709588354111210108e+09
1.709588355618179083e+09
1.709588357102308035e+09
1.709588358586651087e+09
1.709588360071469069e+09
1.709588361578355074e+09
1.709588363062002897e+09
1.709588364545957088e+09
1.709588366030106068e+09
1.709588367514205933e+09
1.709588369021167994e+09
1.709588370505034924e+09
1.709588372012283087e+09
1.709588373496243954e+09
1.709588375003469944e+09
1.709588376487422943e+09
1.709588377971173048e+09
1.709588379455322027e+09
1.709588380962724924e+09
1.709588382446559906e+09
1.709588383953507900e+09
1.709588385437457085e+09
1.709588386922300100e+09
1.709588388405560017e+09
1.709588389912678957e+09
1.709588391419903994e+09
1.709588392927679062e+09
1.709588394434401989e+09
1.709588395918366909e+09
1.709588397425755978e+09
1.709588398932825089e+09
1.709588400440218925e+09
1.709588401924400091e+09
1.709588403431763887e+09
1.709588404938990116e+09
1.709588406446425915e+09
1.709588407953931093e+09
1.709588409461419106e+09
1.709588410968744040e+09
1.709588412476762056e+09
1.709588413983303070e+09
1.709588415467601061e+09
1.709588416952302933e+09
1.709588418459829092e+09
1.709588419967366934e+09
1.709588421451641083e+09
1.709588422936846972e+09
1.709588424466866016e+09
1.709588425951117039e+09
1.709588427435674906e+09
1.709588428921483994e+09
1.709588430404597044e+09
1.709588431889004946e+09
1.709588433397403955e+09
1.709588434904448986e+09
1.709588436388712883e+09
1.709588437873204947e+09
1.709588439357553959e+09
1.709588440867438078e+09
1.709588442372286081e+09
1.709588443857580900e+09
1.709588445363985062e+09
1.709588446850047112e+09
1.709588448332345009e+09
1.709588449816262007e+09
1.709588451300049067e+09
1.709588452784075975e+09
1.709588454291923046e+09
1.709588455821368933e+09
1.709588457305124998e+09
1.709588458790549994e+09
1.709588460296081066e+09
1.709588461803179026e+09
1.709588463286726952e+09
1.709588464793597937e+09
1.709588466300389051e+09
1.709588467784135103e+09
1.709588469267966032e+09
1.709588470805552006e+09
1.709588472281677008e+09
1.709588473788661957e+09
1.709588475295337915e+09
1.709588476802603960e+09
1.709588478286425114e+09
1.709588479770380020e+09
1.709588481254424095e+09
1.709588482738321066e+09
1.709588484222461939e+09
1.709588485706234932e+09
1.709588487190361977e+09
1.709588488674314976e+09
1.709588490181657076e+09
1.709588491689121962e+09
1.709588493218910933e+09
1.709588494726211071e+09
1.709588496256330967e+09
1.709588497740677118e+09
1.709588499224369049e+09
1.709588500708430052e+09
1.709588502192142963e+09
1.709588503699184895e+09
1.709588505183033943e+09
1.709588506666914940e+09
1.709588508174307108e+09
1.709588509658241034e+09
1.709588511142591953e+09
1.709588512648725033e+09
1.709588514132437944e+09
1.709588515616261959e+09
1.709588517123389959e+09
1.709588518607065916e+09
1.709588520090794086e+09
1.709588521575144053e+09
1.709588523081306934e+09
1.709588524565095901e+09
1.709588526048939943e+09
1.709588527556257963e+09
1.709588529039696932e+09
1.709588530523484945e+09
1.709588532031069040e+09
1.709588533560734034e+09
1.709588535067533970e+09
1.709588536551568985e+09
1.709588538035732985e+09
1.709588539519468069e+09
1.709588541003297091e+09
1.709588542487982988e+09
1.709588543994262934e+09
1.709588545501132011e+09
1.709588546985183001e+09
1.709588548515588999e+09
1.709588550022800922e+09
1.709588551529828072e+09
1.709588553038665056e+09
1.709588554566982031e+09
1.709588556074137926e+09
1.709588557581059933e+09
1.709588559065036058e+09
1.709588560549170971e+09
1.709588562033195972e+09
1.709588563517626047e+09
1.709588565047435045e+09
1.709588566531399965e+09
1.709588568038283110e+09
1.709588569522063017e+09
1.709588571029103994e+09
1.709588572535811901e+09
1.709588574021398067e+09
1.709588575526662111e+09
1.709588577033725977e+09
1.709588578517597914e+09
1.709588580024777889e+09
1.709588581508646011e+09
1.709588582992405891e+09
1.709588584477196932e+09
1.709588585983680964e+09
1.709588587468015909e+09
1.709588588952493906e+09
1.709588590436842918e+09
1.709588591944386959e+09
1.709588593451822996e+09
1.709588594936693907e+09
1.709588596442794085e+09
1.709588597926605940e+09
1.709588599433614016e+09
1.709588600917730093e+09
1.709588602401875019e+09
1.709588603886280060e+09
1.709588605394110918e+09
1.709588606900501966e+09
1.709588608384433031e+09
1.709588609891644955e+09
1.709588611375842094e+09
1.709588612883038044e+09
1.709588614366872072e+09
1.709588615851531982e+09
1.709588617358109951e+09
1.709588618841933966e+09
1.709588620349189997e+09
1.709588621835114002e+09
1.709588623317245960e+09
1.709588624801266909e+09
1.709588626286344051e+09
1.709588627794567108e+09
1.709588629277278900e+09
1.709588630784496069e+09
1.709588632268742085e+09
1.709588633754920959e+09
1.709588635238013029e+09
1.709588636748385906e+09
1.709588638274986029e+09
1.709588639760271072e+09
1.709588641244566917e+09
1.709588642773735046e+09
1.709588644281253099e+09
1.709588645766230106e+09
1.709588647273772955e+09
1.709588648802836895e+09
1.709588650288619041e+09
1.709588651771536112e+09
1.709588653255872011e+09
1.709588654763346910e+09
1.709588656270565033e+09
1.709588657778037071e+09
1.709588659261521101e+09
1.709588660769215107e+09
1.709588662252609015e+09
1.709588663759710073e+09
1.709588665243655920e+09
1.709588666727400064e+09
1.709588668211431026e+09
1.709588669718547106e+09
1.709588671202393055e+09
1.709588672686026096e+09
1.709588674170146942e+09
1.709588675654114008e+09
1.709588677161387920e+09
1.709588678691576004e+09
1.709588680175589085e+09
1.709588681659571886e+09
1.709588683143515110e+09
1.709588684627454996e+09
1.709588686111238003e+09
1.709588687618535042e+09
1.709588689102252007e+09
1.709588690609253883e+09
1.709588692093117952e+09
1.709588693576931000e+09
1.709588695061002970e+09
1.709588696545274019e+09
1.709588698029264927e+09
1.709588699513019085e+09
1.709588700996860981e+09
1.709588702503961086e+09
1.709588703988385916e+09
1.709588705472019911e+09
1.709588706979895115e+09
1.709588708509953022e+09
1.709588709995407104e+09
1.709588711478132963e+09
1.709588712962234020e+09
1.709588714469299078e+09
1.709588715976294041e+09
1.709588717460154057e+09
1.709588718967225075e+09
1.709588720474236965e+09
1.709588721957916021e+09
1.709588723464962006e+09
1.709588724971935987e+09
1.709588726479131937e+09
1.709588727986263990e+09
1.709588729470210075e+09
1.709588730954279900e+09
1.709588732438127041e+09
1.709588733944932938e+09
1.709588735452960968e+09
1.709588736960144997e+09
1.709588738466289997e+09
1.709588739950503111e+09
1.709588741457328081e+09
1.709588742964348078e+09
1.709588744448577881e+09
1.709588745933130980e+09
1.709588747439894915e+09
1.709588748923449039e+09
1.709588750407418013e+09
1.709588751891619921e+09
1.709588753375751019e+09
1.709588754859993935e+09
1.709588756345112085e+09
1.709588757864746094e+09
1.709588759381700993e+09
1.709588760865633965e+09
1.709588762350152969e+09
1.709588763857389927e+09
1.709588765364490986e+09
1.709588766849107027e+09
1.709588768378309011e+09
1.709588769887639046e+09
1.709588771369343042e+09
1.709588772876929998e+09
1.709588774361861944e+09
1.709588775867973089e+09
1.709588777352390051e+09
1.709588778905129910e+09
1.709588780412175894e+09
1.709588781896281958e+09
1.709588783380664110e+09
1.709588784863617897e+09
1.709588786370774031e+09
1.709588787881376028e+09
1.709588789385493040e+09
1.709588790868135929e+09
1.709588792351771116e+09
1.709588793835717916e+09
1.709588795319518089e+09
1.709588796826598883e+09
1.709588798334744930e+09
1.709588799863605976e+09
1.709588801347543955e+09
1.709588802831528902e+09
1.709588804361927986e+09
1.709588805846088886e+09
1.709588807329766035e+09
1.709588808838218927e+09
1.709588810343712091e+09
1.709588811829026937e+09
1.709588813311269045e+09
1.709588814794887066e+09
1.709588816301717997e+09
1.709588817787290096e+09
1.709588819269876003e+09
1.709588820798563957e+09
1.709588822305440903e+09
1.709588823790095091e+09
1.709588825295433044e+09
1.709588826802572966e+09
1.709588828309117079e+09
1.709588829793898106e+09
1.709588831300029039e+09
1.709588832806889057e+09
1.709588834290523052e+09
1.709588835774172068e+09
1.709588837281045914e+09
1.709588838764482975e+09
1.709588840272412062e+09
1.709588841802660942e+09
1.709588843284612894e+09
1.709588844792032003e+09
1.709588846298249006e+09
1.709588847781860113e+09
1.709588849288419962e+09
1.709588850795536995e+09
1.709588852302905083e+09
1.709588853787585974e+09
1.709588855270596981e+09
1.709588856777575970e+09
1.709588858261307955e+09
1.709588859768925905e+09
1.709588861253596067e+09
1.709588862759716988e+09
1.709588864243803024e+09
1.709588865733179092e+09
1.709588867212234020e+09
1.709588868696508884e+09
1.709588869652445078e+09
