1.710868748839287996e+09
1.710868749656038046e+09
1.710868750483159065e+09
1.710868751305547953e+09
1.710868752160307884e+09
1.710868752972357988e+09
1.710868753895548105e+09
1.710868754599869967e+09
1.710868774552640915e+09
1.710868775407567024e+09
1.710868776248852015e+09
1.710868777146466970e+09
1.710868777678693056e+09
1.710868807245371103e+09
1.710868808106766939e+09
1.710868808985969067e+09
1.710868809843961954e+09
1.710868810728534937e+09
1.710868811639182091e+09
1.710868812490811110e+09
1.710868813054903030e+09
1.710868897631719112e+09
1.710868898511104107e+09
1.710868899415076017e+09
1.710868900279766083e+09
1.710868901136661053e+09
1.710868901997982025e+09
1.710868902352936983e+09
1.710868931371273041e+09
1.710868932385332108e+09
1.710868933458909988e+09
1.710868934458414078e+09
1.710868935501435995e+09
1.710868935650589943e+09
1.710868980826114893e+09
1.710868981698493004e+09
1.710868982536251068e+09
1.710868983368516922e+09
1.710868984112659931e+09
1.710869047423423052e+09
1.710869048909049988e+09
1.710869050489038944e+09
1.710869052063035011e+09
1.710869052649039984e+09
1.710869076425817013e+09
1.710869077978709936e+09
1.710869079510047913e+09
1.710869081040673971e+09
1.710869082526475906e+09
1.710869083887262106e+09
1.710869091759669065e+09
1.710869093290924072e+09
1.710869094821918011e+09
1.710869096173130035e+09
1.710869103267366886e+09
1.710869104798748016e+09
1.710869106330468893e+09
1.710869107838531017e+09
1.710869108806950092e+09
1.710869114775547981e+09
1.710869116305735111e+09
1.710869117906302929e+09
1.710869119459791899e+09
1.710869120945467949e+09
1.710869122479615927e+09
1.710869123501471043e+09
1.710869486984436035e+09
1.710869488538516998e+09
1.710869489883378983e+09
1.710869520152267933e+09
1.710869521642631054e+09
1.710869523146193981e+09
1.710869524676357031e+09
1.710869526206478119e+09
1.710869527738138914e+09
1.710869529245848894e+09
1.710869529833190918e+09
1.710869624798011065e+09
1.710869626329323053e+09
1.710869627884006977e+09
1.710869629395508051e+09
1.710869630926207066e+09
1.710869631904155016e+09
1.710869702172070980e+09
1.710869703679291964e+09
1.710869705211107016e+09
1.710869706765327930e+09
1.710869708296734095e+09
1.710869709782664061e+09
1.710869710735950947e+09
1.710869735998049021e+09
1.710869737483891964e+09
1.710869738991580009e+09
1.710869740529320002e+09
1.710869742054527998e+09
1.710869743563081026e+09
1.710869745118505001e+09
1.710869746419456959e+09
1.710869746964111090e+09
1.710869754490418911e+09
1.710869755974756002e+09
1.710869757505888939e+09
1.710869759060079098e+09
1.710869760594775915e+09
1.710869762103053093e+09
1.710869763655760050e+09
1.710869765148870945e+09
1.710869766671307087e+09
1.710869768223612070e+09
1.710869769800975084e+09
1.710869771309294939e+09
1.710869772840791941e+09
1.710869774349421024e+09
1.710869774911604881e+09
1.710869860847605944e+09
1.710869862401767015e+09
1.710869863956583023e+09
1.710869865487118959e+09
1.710869866418307066e+09
1.710869887942244053e+09
1.710869889596148014e+09
1.710869891189872026e+09
1.710869892791883945e+09
1.710869894323659897e+09
1.710869895874999046e+09
1.710869897232292891e+09
1.710869919232507944e+09
1.710869920718986988e+09
1.710869922247951984e+09
1.710869923801517963e+09
1.710869925356395006e+09
1.710869926362180948e+09
1.710869932781138897e+09
1.710869934289748907e+09
1.710869935795088053e+09
1.710869937370939016e+09
1.710869938902503014e+09
1.710869940432588100e+09
1.710869941939455986e+09
1.710869943423901081e+09
1.710869944931380033e+09
1.710869946439373016e+09
1.710869947994216919e+09
1.710869949479856014e+09
1.710869951009578943e+09
1.710869952538794041e+09
1.710869954070002079e+09
1.710869955577565908e+09
1.710869957118410110e+09
1.710869958639683962e+09
1.710869960147505045e+09
1.710869961700439930e+09
1.710869963234817028e+09
1.710869964765022039e+09
1.710869965344727993e+09
1.710869975568049908e+09
1.710869977099471092e+09
1.710869978607625008e+09
1.710869980115524054e+09
1.710869981624222994e+09
1.710869982968228102e+09
1.710869991012409925e+09
1.710869992541663885e+09
1.710869994051071882e+09
1.710869995556755066e+09
1.710869997092030048e+09
1.710869997720221043e+09
1.710870004277343035e+09
1.710870005781162024e+09
1.710870007287538052e+09
1.710870008818783045e+09
1.710870010371263981e+09
1.710870010559883118e+09
1.710870022220272064e+09
1.710870023751066923e+09
1.710870025258718014e+09
1.710870026788184881e+09
1.710870028318352938e+09
1.710870029250588894e+09
1.710870053942439079e+09
1.710870055472234964e+09
1.710870056956919909e+09
1.710870058464158058e+09
1.710870059994865894e+09
1.710870060202399015e+09
1.710870153669147015e+09
1.710870155176471949e+09
1.710870156705898046e+09
1.710870158283571005e+09
1.710870159789160013e+09
1.710870161318968058e+09
1.710870162827033043e+09
1.710870164357455015e+09
1.710870165867912054e+09
1.710870166843919039e+09
1.710870193977504969e+09
1.710870195508152008e+09
1.710870197039122105e+09
1.710870198547390938e+09
1.710870200055835962e+09
1.710870201399296999e+09
1.710870208081265926e+09
1.710870209588444948e+09
1.710870211096259117e+09
1.710870212602971077e+09
1.710870213575516939e+09
1.710870220416610956e+09
1.710870221923917055e+09
1.710870223431938887e+09
1.710870224378010035e+09
1.710870230132097960e+09
1.710870231617139101e+09
1.710870233170663118e+09
1.710870234702282906e+09
1.710870236253952026e+09
1.710870236447153091e+09
1.710870243512173891e+09
1.710870245043363094e+09
1.710870246597109079e+09
1.710870248103456020e+09
1.710870249634419918e+09
1.710870250587364912e+09
1.710870320961065054e+09
1.710870322491794109e+09
1.710870324045022011e+09
1.710870325575719118e+09
1.710870326546935081e+09
1.710870333924268961e+09
1.710870335455363035e+09
1.710870336965629101e+09
1.710870338539980888e+09
1.710870340047507048e+09
1.710870341531991959e+09
1.710870342517827988e+09
1.710870352086096048e+09
1.710870353638647079e+09
1.710870355168060064e+09
1.710870356675652981e+09
1.710870358174921036e+09
1.710870359714088917e+09
1.710870361267451048e+09
1.710870362778213024e+09
1.710870364285068989e+09
1.710870365243015051e+09
1.710870371773432016e+09
1.710870373282672882e+09
1.710870374765686035e+09
1.710870376319673061e+09
1.710870377826852083e+09
1.710870379335541010e+09
1.710870379926248074e+09
1.710870444645504951e+09
1.710870447636725903e+09
1.710870450627660036e+09
1.710870453619947910e+09
1.710870454072824001e+09
1.710870461645001888e+09
1.710870464683588028e+09
1.710870466587093115e+09
1.710870491982887030e+09
1.710870493491045952e+09
1.710870494998687983e+09
1.710870495950700045e+09
1.710870502477364063e+09
1.710870504042701006e+09
1.710870505550117016e+09
1.710870507057404995e+09
1.710870508588231087e+09
1.710870510097178936e+09
1.710870511089312077e+09
1.710870539906536102e+09
1.710870541458456993e+09
1.710870542988748074e+09
1.710870543965413094e+09
1.710870551410305023e+09
1.710870552984565973e+09
1.710870554561773062e+09
1.710870555545810938e+09
1.710870560497658968e+09
1.710870562079896927e+09
1.710870563632540941e+09
1.710870564984838009e+09
1.710870574515014887e+09
1.710870576063487053e+09
1.710870577591041088e+09
1.710870579128563881e+09
1.710870580657898903e+09
1.710870582186461926e+09
1.710870583717408895e+09
1.710870585128829002e+09
1.710870663315455914e+09
1.710870664824639082e+09
1.710870666375966072e+09
1.710870667906629086e+09
1.710870669414273977e+09
1.710870670779587030e+09
1.710870692400506020e+09
1.710870693930001974e+09
1.710870695415388107e+09
1.710870696899545908e+09
1.710870698409470081e+09
1.710870699937048912e+09
1.710870700891278982e+09
1.710870706755709887e+09
1.710870708286710024e+09
1.710870709771480083e+09
1.710870711301877022e+09
1.710870712832293987e+09
1.710870714363076925e+09
1.710870715939824104e+09
1.710870717447346926e+09
1.710870718977332115e+09
1.710870720463453054e+09
1.710870721992934942e+09
1.710870723523725033e+09
1.710870725030546904e+09
1.710870726538005114e+09
1.710870728068656921e+09
1.710870729552905083e+09
1.710870731083551884e+09
1.710870731280724049e+09
1.710870742216535091e+09
1.710870743727186918e+09
1.710870745277643919e+09
1.710870746786595106e+09
1.710870748270961046e+09
1.710870748852966070e+09
1.710870771144015074e+09
1.710870772651628971e+09
1.710870774159744024e+09
1.710870775668315887e+09
1.710870777176263094e+09
1.710870778729535103e+09
1.710870780285089016e+09
1.710870781840523005e+09
1.710870783508687973e+09
1.710870785027343988e+09
1.710870785251652002e+09
1.710870875476764917e+09
1.710870876982942104e+09
1.710870878513767958e+09
1.710870880045928001e+09
1.710870880991290092e+09
1.710876875686089039e+09
1.710876877287472010e+09
1.710876878885386944e+09
1.710876879501854897e+09
1.710876883500232935e+09
1.710876885121335030e+09
1.710876886745773077e+09
1.710876888147672892e+09
1.710876894721890926e+09
1.710876896321212053e+09
1.710876897923069000e+09
1.710876899545391083e+09
1.710876901146121025e+09
1.710876901752737999e+09
1.710876910374989986e+09
1.710876911973947048e+09
1.710876913577537060e+09
1.710876915175234079e+09
1.710876916775599003e+09
1.710876918378786087e+09
1.710876919974915028e+09
1.710876921578257084e+09
1.710876923175354004e+09
1.710876924801997900e+09
1.710876926399540901e+09
1.710876927980811119e+09
1.710876929603446007e+09
1.710876931204232931e+09
1.710876932800648928e+09
1.710876933023200035e+09
1.710876991301111937e+09
1.710876992808311939e+09
1.710876994315748930e+09
1.710876995846848965e+09
1.710876996440493107e+09
1.710877003503340006e+09
1.710877005035120964e+09
1.710877006564753056e+09
1.710877006784415007e+09
