1.710343918742185116e+09
1.710343931384031057e+09
1.710343943723953009e+09
1.710343956063822985e+09
1.710343968704468966e+09
1.710343981346791029e+09
1.710343993987488985e+09
1.710344006329818010e+09
1.710344018976042986e+09
1.710344031313376904e+09
1.710344043634921074e+09
1.710344056255667925e+09
1.710344068598146915e+09
1.710344081244417906e+09
1.710344093883737087e+09
1.710344106499007940e+09
1.710344119117269993e+09
1.710344131757503986e+09
1.710344144397161961e+09
1.710344156735604048e+09
1.710344169375947952e+09
1.710344181694035053e+09
1.710344194331146002e+09
1.710344206968393087e+09
1.710344219611274958e+09
1.710344231897694111e+09
1.710344244143433094e+09
1.710344256527708054e+09
1.710344269166382074e+09
1.710344281805699110e+09
1.710344294443479061e+09
1.710344306734529018e+09
1.710344319397990942e+09
1.710344332037642002e+09
1.710344344677855015e+09
1.710344357316068888e+09
1.710344369651052952e+09
1.710344382291604042e+09
1.710344394928831100e+09
1.710344407564941883e+09
1.710344419901928902e+09
1.710344432538085938e+09
1.710344445176296949e+09
1.710344457813324928e+09
1.710344470450937986e+09
1.710344483071309090e+09
1.710344495714315891e+09
1.710344508355206966e+09
1.710344520996578932e+09
1.710344533631575108e+09
1.710344546266899109e+09
1.710344558903606892e+09
1.710344571541160107e+09
1.710344584178560972e+09
1.710344596814670086e+09
1.710344609450022936e+09
1.710344622111829042e+09
1.710344634753798962e+09
1.710344647398818016e+09
1.710344659879915953e+09
1.710344672319967031e+09
1.710344684963021994e+09
1.710344697603478909e+09
1.710344710268287897e+09
1.710344722605899096e+09
1.710344734900144100e+09
1.710344747564627886e+09
1.710344760205159903e+09
1.710344772869786024e+09
1.710344785509294033e+09
1.710344798146585941e+09
1.710344810809428930e+09
1.710344823473035097e+09
1.710344835789288998e+09
1.710344848454862118e+09
1.710344861092415094e+09
1.710344873753751993e+09
1.710344886418443918e+09
1.710344899060208082e+09
1.710344911724807024e+09
1.710344924389647961e+09
1.710344937052969933e+09
1.710344949714715004e+09
1.710344962075277090e+09
1.710344974649791002e+09
1.710344987315457106e+09
1.710344999955511093e+09
1.710345012621131897e+09
1.710345025289952993e+09
1.710345037952900887e+09
1.710345050615387917e+09
1.710345063278755903e+09
1.710345075944171906e+09
1.710345088588432074e+09
1.710345101253226995e+09
1.710345113894812107e+09
1.710345126236968994e+09
1.710345138876507044e+09
1.710345151219052076e+09
1.710345163861335993e+09
1.710345176528182030e+09
1.710345189195827961e+09
1.710345201837526083e+09
1.710345214502688885e+09
1.710345227172404051e+09
1.710345239834747076e+09
1.710345252498446941e+09
1.710345265140326023e+09
1.710345277753524065e+09
1.710345290096963882e+09
1.710345302738887072e+09
1.710345315099417925e+09
1.710345327764689922e+09
1.710345340404812098e+09
1.710345353068815947e+09
1.710345365385256052e+09
1.710345378025326014e+09
1.710345390692873955e+09
1.710345403332984924e+09
1.710345415999948978e+09
1.710345428644032955e+09
1.710345440983716011e+09
1.710345453650264025e+09
1.710345466293740988e+09
1.710345478935009003e+09
1.710345491276902914e+09
1.710345503939418077e+09
1.710345516605238914e+09
1.710345529249953032e+09
1.710345541894100904e+09
1.710345554561038017e+09
1.710345567201523066e+09
1.710345579865664959e+09
1.710345592531199932e+09
1.710345605173561096e+09
1.710345617817794085e+09
1.710345630484625101e+09
1.710345643131650925e+09
1.710345655796034098e+09
1.710345668438429117e+09
1.710345681077795029e+09
1.710345693722465038e+09
1.710345706361937046e+09
1.710345719025656939e+09
1.710345731594214916e+09
1.710345744007922888e+09
1.710345756672060013e+09
1.710345769314197063e+09
1.710345781956789017e+09
1.710345794205473900e+09
1.710345806620023966e+09
1.710345819262571096e+09
1.710345831979027033e+09
1.710345844291944981e+09
1.710345856934988976e+09
1.710345869603142977e+09
1.710345882246984959e+09
1.710345894913114071e+09
1.710345907580172062e+09
1.710345920249285936e+09
1.710345932891772032e+09
1.710345945533921003e+09
1.710345958198563099e+09
1.710345970841644049e+09
1.710345982971709013e+09
1.710345995178396940e+09
1.710346007821821928e+09
1.710346020464880943e+09
1.710346033106492996e+09
1.710346045748883009e+09
1.710346058392839909e+09
1.710346071033907890e+09
1.710346083677614927e+09
1.710346096319808006e+09
1.710346108963002920e+09
1.710346121607774019e+09
1.710346134252137899e+09
1.710346146892050982e+09
1.710346159532815933e+09
1.710346172176038027e+09
1.710346184771600962e+09
1.710346197413026094e+09
1.710346210052700996e+09
1.710346222347651958e+09
1.710346234987349033e+09
1.710346247628217936e+09
1.710346260267231941e+09
1.710346272908085108e+09
1.710346285549781084e+09
1.710346298188288927e+09
1.710346310828449965e+09
1.710346323446269035e+09
1.710346335825567007e+09
1.710346348092473030e+09
1.710346360710246086e+09
1.710346373349545002e+09
1.710346385989253044e+09
1.710346398625433922e+09
1.710346411243984938e+09
1.710346423886521101e+09
1.710346436525403023e+09
1.710346449166755915e+09
1.710346461805516005e+09
1.710346474305594921e+09
1.710346486741146088e+09
1.710346499056757927e+09
1.710346511483720064e+09
1.710346524020199060e+09
1.710346536647789001e+09
1.710346549264616966e+09
1.710346561901527882e+09
1.710346574542253971e+09
1.710346587209865093e+09
1.710346599852539062e+09
1.710346612492791891e+09
1.710346625130880117e+09
1.710346637771883965e+09
1.710346650413506031e+09
1.710346663052531004e+09
1.710346675691577911e+09
1.710346688330543041e+09
1.710346700969033957e+09
1.710346713614552021e+09
1.710346726262806892e+09
1.710346738886238098e+09
1.710346751529161930e+09
1.710346764174457073e+09
1.710346776840636015e+09
1.710346789482584953e+09
1.710346801797385931e+09
1.710346814417378902e+09
1.710346827062081099e+09
1.710346839702958107e+09
1.710346852345122099e+09
1.710346864988560915e+09
1.710346877631932974e+09
1.710346890276108980e+09
1.710346902918592930e+09
1.710346915561443090e+09
1.710346927923960924e+09
1.710346940522730112e+09
1.710346953166565895e+09
1.710346965809712887e+09
1.710346978152390003e+09
1.710346990798768997e+09
1.710347003438723087e+09
1.710347016082127094e+09
1.710347028724734068e+09
1.710347041364795923e+09
1.710347054006146908e+09
1.710347066649719954e+09
1.710347079292320013e+09
1.710347091932898045e+09
1.710347104575339079e+09
1.710347117216511011e+09
1.710347129861105919e+09
1.710347142501332998e+09
1.710347155146334887e+09
1.710347167789629936e+09
1.710347180411003113e+09
1.710347193055852890e+09
1.710347205696856022e+09
1.710347218337183952e+09
1.710347230654685974e+09
1.710347243293611050e+09
1.710347255614757061e+09
1.710347268257932901e+09
1.710347280902591944e+09
1.710347293545707941e+09
1.710347306187761068e+09
1.710347318828649044e+09
1.710347331471775055e+09
1.710347344111849070e+09
1.710347356754208088e+09
1.710347369396406889e+09
1.710347382036952972e+09
1.710347394681440115e+09
1.710347407319715977e+09
1.710347419959286928e+09
1.710347432602962971e+09
1.710347445252140999e+09
1.710347457895791054e+09
1.710347470542659044e+09
1.710347483188066006e+09
1.710347495834702015e+09
1.710347507461720943e+09
